mode,video,frame,processing_ms,read_decode_ms,queue_ms,end_to_end_ms,elapsed_s,valid_score,score,alarm_active
capacity,01,0,3.8125880528241396,0.3369350451976061,0.000200001522898674,3.8127880543470383,0.0038354110438376665,False,,
capacity,01,1,3.8236179389059544,0.34399889409542084,0.000200001522898674,3.823817940428853,0.007682662922888994,False,,
capacity,01,2,3.8833010476082563,0.33893901854753494,9.988434612751007e-05,3.883400931954384,0.011589237954467535,False,,
capacity,01,3,3.8084399420768023,0.33430103212594986,9.010545909404755e-05,3.8085300475358963,0.015420229872688651,False,,
capacity,01,4,3.9248690009117126,0.37945504300296307,9.010545909404755e-05,3.9249591063708067,0.019373822957277298,False,,
capacity,01,5,3.8311928510665894,0.34395884722471237,0.00011012889444828033,3.8313029799610376,0.0232278888579458,False,,
capacity,01,6,4.316937876865268,0.3440289292484522,0.00011012889444828033,4.317048005759716,0.027568019926548004,False,,
capacity,01,7,3.8441969081759453,0.3363939467817545,0.00012107193470001221,3.8443179801106453,0.03143670386634767,False,,
capacity,01,8,3.7995430175215006,0.33948989585042,0.00012991949915885925,3.7996729370206594,0.035260020988062024,False,,
capacity,01,9,3.8015961181372404,0.34401798620820045,0.00011990778148174286,3.801716025918722,0.03908418002538383,False,,
capacity,01,10,4.276111023500562,0.34103309735655785,0.00010989606380462646,4.276220919564366,0.04338211193680763,False,,
capacity,01,11,3.839517943561077,0.34049199894070625,0.00013993121683597565,3.839657874777913,0.04724424285814166,False,,
capacity,01,12,3.800845006480813,0.3399208653718233,0.00011990778148174286,3.8009649142622948,0.05106734996661544,False,,
capacity,01,13,3.7868889048695564,0.33161602914333344,0.00012014061212539673,3.787009045481682,0.054875999921932817,False,,
capacity,01,14,3.8035910110920668,0.3327378071844578,0.00013015232980251312,3.8037211634218693,0.05870121205225587,False,,
capacity,01,15,4.09019086509943,0.3390598576515913,0.00013993121683597565,4.090330796316266,0.06281364383175969,False,,
capacity,01,16,4.009247990325093,0.33483095467090607,0.00012014061212539673,4.009368130937219,0.06684523401781917,False,,
capacity,01,17,4.022764042019844,0.3358740359544754,0.00011012889444828033,4.022874170914292,0.07089033001102507,False,,
capacity,01,18,4.328089067712426,0.33525191247463226,0.00011012889444828033,4.3281991966068745,0.07524031004868448,False,,
capacity,01,19,4.064873093739152,0.3421250730752945,0.00012991949915885925,4.065003013238311,0.07932786596938968,False,,
capacity,01,20,4.016872029751539,0.34123286604881287,0.0001310836523771286,4.017003113403916,0.0833667500410229,False,,
capacity,01,21,4.013797035440803,0.3394100349396467,0.00013993121683597565,4.0139369666576385,0.08740250789560378,False,,
capacity,01,22,4.32919105514884,0.34176488406956196,0.00013993121683597565,4.329330986365676,0.0917541109956801,False,,
capacity,01,23,4.049964947625995,0.3373660147190094,0.00014994293451309204,4.050114890560508,0.09582682885229588,False,,
capacity,01,24,4.021761938929558,0.3372661303728819,0.00011990778148174286,4.0218818467110395,0.09987099282443523,False,,
capacity,01,25,4.013085039332509,0.3369648475199938,0.00011012889444828033,4.013195168226957,0.10390687105245888,False,,
capacity,01,26,4.323300905525684,0.3361341077834368,0.00010989606380462646,4.323410801589489,0.10825244383886456,False,,
capacity,01,27,4.0616069454699755,0.34293695352971554,0.00013993121683597565,4.0617468766868114,0.11233669286593795,False,,
capacity,01,28,4.006854025647044,0.3420352004468441,0.00011990778148174286,4.006973933428526,0.11636635987088084,False,,
capacity,01,29,4.020228050649166,0.3418140113353729,0.00012107193470001221,4.020349122583866,0.12040886003524065,False,,
capacity,01,30,4.326527006924152,0.34027197398245335,0.00013015232980251312,4.326657159253955,0.12475772900506854,False,,
capacity,01,31,4.061727086082101,0.33578299917280674,0.00011106021702289581,4.061838146299124,0.1288417880423367,False,,
capacity,01,32,4.002205096185207,0.3312649205327034,0.00011990778148174286,4.002325003966689,0.13286600401625037,False,,
capacity,01,33,4.0278329979628325,0.34130411222577095,0.00014994293451309204,4.0279829408973455,0.13691629888489842,False,,
capacity,01,34,4.354808945208788,0.32655498944222927,0.00014086253941059113,4.3549498077481985,0.14129356085322797,False,,
capacity,01,35,4.13300096988678,0.3330379258841276,0.00013015232980251312,4.133131122216582,0.1454491049516946,True,0.2563793075634304,False
capacity,01,36,4.049483919516206,0.3311038017272949,9.010545909404755e-05,4.0495740249753,0.14952778397127986,True,0.4384005299371763,False
capacity,01,37,4.021581029519439,0.32919086515903473,0.00011012889444828033,4.021691158413887,0.1535773780196905,True,0.23091946434872393,False
capacity,01,38,4.005991853773594,0.32935081981122494,0.00010011717677116394,4.006091970950365,0.15760961989872158,True,0.22355509823946462,False
capacity,01,39,4.60966001264751,0.33226609230041504,9.988434612751007e-05,4.609759896993637,0.16224584984593093,True,0.27120638154935334,False
capacity,01,40,4.056557081639767,0.33904891461133957,8.102506399154663e-05,4.056638106703758,0.16632934799417853,True,0.3093506538525641,False
capacity,01,41,4.040877101942897,0.33719511702656746,0.00011082738637924194,4.040987929329276,0.17039655498228967,True,0.35550994606824576,False
capacity,01,42,4.3463739566504955,0.33823796547949314,8.009374141693115e-05,4.3464540503919125,0.17476998991332948,True,0.2358809013611217,False
capacity,01,43,4.346853820607066,0.33445004373788834,0.00010104849934577942,4.346954869106412,0.17914380482397974,True,0.17935967509361198,False
capacity,01,44,4.042711108922958,0.3397699911147356,9.080395102500916e-05,4.042801912873983,0.18321340694092214,True,0.17551326832025044,False
capacity,01,45,4.038433078676462,0.34000095911324024,0.00011012889444828033,4.0385432075709105,0.1872782800346613,True,0.20133036343986727,False
capacity,01,46,4.3727930169552565,0.33904891461133957,0.00011106021702289581,4.372904077172279,0.1916774830315262,True,0.23434145832715844,False
capacity,01,47,4.088147077709436,0.33418997190892696,8.987262845039368e-05,4.088236950337887,0.19579261098988354,True,0.22655359618982804,False
capacity,01,48,4.040476866066456,0.3339489921927452,0.00010104849934577942,4.040577914565802,0.1998595679178834,True,0.1989551435472105,False
capacity,01,49,4.043834051117301,0.3349520266056061,8.987262845039368e-05,4.043923923745751,0.20392931997776031,True,0.22230809247603395,False
capacity,01,50,4.6372320502996445,0.3396510146558285,9.010545909404755e-05,4.6373221557587385,0.20859292102977633,True,0.3070903638965903,False
capacity,01,51,4.085612017661333,0.3436880651861429,0.00010011717677116394,4.085712134838104,0.21270557399839163,True,0.31339410581037164,False
capacity,01,52,4.04040701687336,0.33406889997422695,9.010545909404755e-05,4.040497122332454,0.2167726920451969,True,0.18371775246021071,False
capacity,01,53,4.038953920826316,0.33593387342989445,0.00010011717677116394,4.039054038003087,0.22083860589191318,True,0.262997001293495,False
capacity,01,54,4.36545885168016,0.33616297878324986,0.00010104849934577942,4.365559900179505,0.2252301648259163,True,0.25025735247722153,False
capacity,01,55,4.092484945431352,0.3492478281259537,0.00010011717677116394,4.092585062608123,0.22934948094189167,True,0.2710767437243652,False
capacity,01,56,4.048111150041223,0.3428261261433363,9.988434612751007e-05,4.04821103438735,0.23342432198114693,True,0.3051424800183871,False
capacity,01,57,4.053751938045025,0.3422759473323822,0.00010011717677116394,4.053852055221796,0.2375050149857998,True,0.280221076287231,False
capacity,01,58,4.622955108061433,0.3351119812577963,0.00010011717677116394,4.623055225238204,0.24215436005033553,True,0.2754091839912429,False
capacity,01,59,4.065454006195068,0.34232507459819317,8.987262845039368e-05,4.065543878823519,0.24624585290439427,True,0.324265996251152,False
capacity,01,60,4.035137128084898,0.34070201218128204,9.988434612751007e-05,4.0352370124310255,0.25030783098191023,True,0.2612678363138069,False
capacity,01,61,4.050716059282422,0.3404018934816122,0.00010011717677116394,4.050816176459193,0.254384886007756,True,0.18819001058138768,False
capacity,01,62,4.652982112020254,0.3390100318938494,6.984919309616089e-05,4.65305196121335,0.25906394701451063,True,0.15504659231371248,False
capacity,01,63,4.049934912472963,0.33573294058442116,9.010545909404755e-05,4.050025017932057,0.2631409829482436,True,0.18802992821206188,False
capacity,01,64,4.037661943584681,0.33852807246148586,7.986091077327728e-05,4.037741804495454,0.2672047538217157,True,0.14214525862011168,False
capacity,01,65,4.042621003463864,0.3440489526838064,0.00010989606380462646,4.042730899527669,0.2712740949355066,True,0.16604033580662458,False
capacity,01,66,4.387461114674807,0.3396000247448683,9.988434612751007e-05,4.387560999020934,0.27568795601837337,True,0.12940437303729865,False
capacity,01,67,4.096994176506996,0.3381881397217512,8.987262845039368e-05,4.0970840491354465,0.2798121110536158,True,0.13768996598503946,False
capacity,01,68,4.055375000461936,0.33542211167514324,0.00011990778148174286,4.055494908243418,0.28389441687613726,True,0.15643840370786322,False
capacity,01,69,4.047000082209706,0.3351119812577963,8.987262845039368e-05,4.047089954838157,0.287967795971781,True,0.128085050009288,False
capacity,01,70,4.644484957680106,0.3343699499964714,9.988434612751007e-05,4.644584842026234,0.2926383998710662,True,0.1329341893663686,False
capacity,01,71,4.176823887974024,0.38985488936305046,0.00010011717677116394,4.176924005150795,0.2968420449178666,True,0.1444624328674726,False
capacity,01,72,4.056256962940097,0.3352421335875988,9.988434612751007e-05,4.056356847286224,0.3009257938247174,True,0.15353661030662646,False
capacity,01,73,4.045416135340929,0.3332479391247034,8.987262845039368e-05,4.045506007969379,0.30499789002351463,True,0.1538827710709209,False
capacity,01,74,4.547924036160111,0.3349711187183857,8.987262845039368e-05,4.548013908788562,0.30957275489345193,True,0.19498472669791864,False
capacity,01,75,4.053632030263543,0.33797696232795715,8.009374141693115e-05,4.05371212400496,0.31365370796993375,True,0.1887519485018746,False
capacity,01,76,4.055023891851306,0.33609289675951004,9.010545909404755e-05,4.0551139973104,0.3177356729283929,True,0.2315312592085273,False
capacity,01,77,4.042119951918721,0.33578299917280674,0.00010011717677116394,4.042220069095492,0.32180508389137685,True,0.4037370572038812,False
capacity,01,78,4.039105027914047,0.3336598165333271,8.009374141693115e-05,4.039185121655464,0.32587072905153036,True,0.36886141814464396,False
capacity,01,79,4.641811130568385,0.33168611116707325,0.00010989606380462646,4.64192102663219,0.3305394100025296,True,0.4435181458507542,False
capacity,01,80,4.033583914861083,0.33498089760541916,9.010545909404755e-05,4.033674020320177,0.3346005459316075,True,0.5582263970553127,False
capacity,01,81,4.0195181500166655,0.32826908864080906,5.9837475419044495e-05,4.0195779874920845,0.338646634016186,True,0.5326565768497221,False
capacity,01,82,4.610361065715551,0.32876990735530853,0.00010011717677116394,4.6104611828923225,0.34328331402502954,True,0.41382457445109017,False
capacity,01,83,4.045706940814853,0.3345310688018799,9.010545909404755e-05,4.045797046273947,0.3473556009121239,True,0.42863441076453535,False
capacity,01,84,4.039925988763571,0.3335888031870127,0.00011012889444828033,4.040036117658019,0.3514218570198864,True,0.4713403196633291,False
capacity,01,85,4.0269719902426,0.3290011081844568,9.988434612751007e-05,4.027071874588728,0.3554752978961915,True,0.42030707427646674,False
capacity,01,86,5.157673032954335,0.3274481277912855,8.987262845039368e-05,5.157762905582786,0.36066544195637107,True,0.4134266302344798,False
capacity,01,87,4.057528916746378,0.3298218362033367,0.00010011717677116394,4.057629033923149,0.36475099390372634,True,0.3984045573752811,False
capacity,01,88,4.039615159854293,0.3257140051573515,9.988434612751007e-05,4.03971504420042,0.368817440001294,True,0.37420385797180067,False
capacity,01,89,4.032511962577701,0.32906001433730125,0.00010011717677116394,4.032612079754472,0.37287637195549905,True,0.40803039144842645,False
capacity,01,90,4.6348171308636665,0.3247321583330631,9.988434612751007e-05,4.634917015209794,0.3775372579693794,True,0.420822660551323,False
capacity,01,91,4.040888044983149,0.32610492780804634,7.986091077327728e-05,4.040967905893922,0.3816045159474015,True,0.49573457205064664,False
capacity,01,92,4.033724078908563,0.3257840871810913,8.987262845039368e-05,4.033813951537013,0.38566527096554637,True,0.4828953594530687,False
capacity,01,93,4.027371993288398,0.32552401535212994,8.009374141693115e-05,4.027452087029815,0.3897197039332241,True,0.47695543476935764,False
capacity,01,94,4.48427302762866,0.32597407698631287,0.00011106021702289581,4.484384087845683,0.3942306579556316,True,0.48603494756069004,False
capacity,01,95,4.0332230273634195,0.3298420924693346,9.988434612751007e-05,4.033322911709547,0.39829042088240385,True,0.4306654701564377,False
capacity,01,96,4.014587961137295,0.33190613612532616,8.987262845039368e-05,4.014677833765745,0.4023314288351685,True,0.4303926119272079,False
capacity,01,97,4.034415818750858,0.33306796103715897,0.00010011717677116394,4.0345159359276295,0.4063917938619852,True,0.43421522602484497,False
capacity,01,98,4.637472098693252,0.33781700767576694,0.00010011717677116394,4.637572215870023,0.41105622705072165,True,0.44977388757370906,False
capacity,01,99,4.04918403364718,0.32917107455432415,8.009374141693115e-05,4.0492641273885965,0.41513195098377764,True,0.441665981190149,False
capacity,01,100,4.044363973662257,0.32981205731630325,8.987262845039368e-05,4.044453846290708,0.419203745899722,True,0.4555920651783328,False
capacity,01,101,4.039535066112876,0.3362339921295643,0.00010989606380462646,4.039644962176681,0.4232697009574622,True,0.46282707038808274,False
capacity,01,102,4.551320103928447,0.3364440053701401,8.987262845039368e-05,4.551409976556897,0.4278473409358412,True,0.4630429999024337,False
capacity,01,103,4.051127005368471,0.33225584775209427,0.00010011717677116394,4.051227122545242,0.4319249680265784,True,0.4845171268331843,False
capacity,01,104,4.034725949168205,0.33125514164566994,8.987262845039368e-05,4.034815821796656,0.43598575284704566,True,0.5137967276797657,False
capacity,01,105,4.037681967020035,0.3299419768154621,8.009374141693115e-05,4.037762060761452,0.4400499949697405,True,0.5228234870182222,False
capacity,01,106,4.3383578304201365,0.33523188903927803,9.103678166866302e-05,4.338448867201805,0.4444146428722888,True,0.5092483828913275,False
capacity,01,107,4.046498099341989,0.3413441590964794,9.988434612751007e-05,4.046597983688116,0.4484877409413457,True,0.5031739992177394,False
capacity,01,108,4.0197481866925955,0.33131404779851437,9.103678166866302e-05,4.019839223474264,0.45253947004675865,True,0.546999052353307,False
capacity,01,109,4.023955902084708,0.3302928525954485,0.00011012889444828033,4.0240660309791565,0.4565906869247556,True,0.4971076491945088,False
capacity,01,110,4.635770106688142,0.33275806345045567,8.987262845039368e-05,4.635859979316592,0.461252765962854,True,0.48385181459430093,False
capacity,01,111,4.043441964313388,0.3360628616064787,0.00010011717677116394,4.043542081490159,0.4653228879906237,True,0.43527304125522176,False
capacity,01,112,4.0356069803237915,0.3395499661564827,0.00011082738637924194,4.035717807710171,0.4693861878477037,True,0.4296070743397245,False
capacity,01,113,4.047220107167959,0.33664493821561337,0.00010989606380462646,4.047330003231764,0.4734598780050874,True,0.47517481406364237,False
capacity,01,114,4.112742841243744,0.3393299411982298,0.00012014061212539673,4.112862981855869,0.4775999018456787,True,0.4876959944805123,False
capacity,01,115,4.0433520916849375,0.3316651564091444,7.986091077327728e-05,4.043431952595711,0.48166951397433877,True,0.4918439450711989,False
capacity,01,116,4.031990887597203,0.33064396120607853,9.010545909404755e-05,4.032080993056297,0.48572798492386937,True,0.5534235907562309,False
capacity,01,117,4.042621003463864,0.32975198701024055,8.987262845039368e-05,4.042710876092315,0.48979715583845973,True,0.5774794329950219,False
capacity,01,118,4.596164915710688,0.33204606734216213,0.00010011717677116394,4.596265032887459,0.4944194098934531,True,0.6856420282088853,False
capacity,01,119,4.039936000481248,0.33796788193285465,8.009374141693115e-05,4.040016094222665,0.4984862459823489,True,0.7494726654038386,False
capacity,01,120,4.034145036712289,0.3289699088782072,0.00010011717677116394,4.03424515388906,0.5025529130361974,True,0.6755645757119491,True
capacity,01,121,4.03752108104527,0.3279480151832104,9.010545909404755e-05,4.037611186504364,0.5066169840283692,True,0.6284247187512625,False
capacity,01,122,4.659553989768028,0.33724610693752766,8.987262845039368e-05,4.659643862396479,0.5113030679058284,True,0.6320219020250973,False
capacity,01,123,4.042841028422117,0.33843819983303547,7.986091077327728e-05,4.0429208893328905,0.5153727298602462,True,0.7034960210876855,False
capacity,01,124,4.05336101539433,0.3402610309422016,8.987262845039368e-05,4.05345088802278,0.5194527718704194,True,0.7603663019624696,True
capacity,01,125,4.0417390409857035,0.3388090990483761,9.010545909404755e-05,4.0418291464447975,0.5235212009865791,True,0.9305765936019273,True
capacity,01,126,4.219323862344027,0.34079188480973244,0.00010011717677116394,4.219423979520798,0.5277667848858982,True,0.6109659119423397,False
capacity,01,127,4.057689802721143,0.3333378117531538,9.010545909404755e-05,4.057779908180237,0.5318510348442942,True,0.4491778285433168,False
capacity,01,128,4.038021899759769,0.332928029820323,8.009374141693115e-05,4.038101993501186,0.5359159868676215,True,0.3500833209567365,False
capacity,01,129,4.0465479250997305,0.33301697112619877,8.102506399154663e-05,4.046628950163722,0.5399890758562833,True,0.3943994584771087,False
capacity,01,130,4.6497860457748175,0.33944007009267807,9.010545909404755e-05,4.6498761512339115,0.5446649009827524,True,0.44748042295582036,False
capacity,01,131,4.0376021061092615,0.33467100001871586,8.009374141693115e-05,4.037682199850678,0.548729483038187,True,0.4369057698144916,False
capacity,01,132,4.040837986394763,0.33268705010414124,9.988434612751007e-05,4.0409378707408905,0.5527968308888376,True,0.2603028099631157,False
capacity,01,133,4.0351469069719315,0.330423004925251,8.009374141693115e-05,4.035227000713348,0.5568588878959417,True,0.4149571217211307,False
capacity,01,134,4.278196021914482,0.33845799043774605,8.987262845039368e-05,4.2782858945429325,0.5611641849391162,True,0.44914216618967506,False
capacity,01,135,4.0442440658807755,0.3371650818735361,7.986091077327728e-05,4.044323926791549,0.5652350189629942,True,0.5247714573092508,False
capacity,01,136,4.0390638168901205,0.3366649616509676,9.010545909404755e-05,4.0391539223492146,0.5693007728550583,True,0.5075087353442936,False
capacity,01,137,4.037200938910246,0.336294062435627,8.102506399154663e-05,4.037281963974237,0.5733642838895321,True,0.33377146754113207,False
capacity,01,138,4.65457490645349,0.34277583472430706,9.010545909404755e-05,4.654665011912584,0.5780451479367912,True,0.23383835894338018,False
capacity,01,139,4.042892018333077,0.3295519854873419,9.010545909404755e-05,4.0429821237921715,0.5821144790388644,True,0.2884494373678269,False
capacity,01,140,4.038913873955607,0.33138482831418514,7.008202373981476e-05,4.038983955979347,0.5861798028927296,True,0.44499385386885304,False
capacity,01,141,4.068149020895362,0.34169387072324753,9.010545909404755e-05,4.068239126354456,0.590274001006037,True,0.5561029291440384,False
capacity,01,142,4.092394839972258,0.338998856022954,0.00010011717677116394,4.092494957149029,0.5943928458727896,True,0.6569323134726701,False
capacity,01,143,4.067797912284732,0.34720404073596,0.00010011717677116394,4.067898029461503,0.5984876148868352,True,0.5925769943518868,False
capacity,01,144,4.047709982842207,0.3350009210407734,0.00010011717677116394,4.047810100018978,0.6025691989343613,True,0.476369148736634,False
capacity,01,145,4.049133043736219,0.33675506711006165,7.986091077327728e-05,4.049212904646993,0.6066445419564843,True,0.522605160647156,False
capacity,01,146,4.6106509398669,0.342715997248888,8.009374141693115e-05,4.610731033608317,0.6112814228981733,True,0.5515592419000942,False
capacity,01,147,4.040316911414266,0.3413730300962925,8.009374141693115e-05,4.040397005155683,0.6153485209215432,True,0.5684612843098723,False
capacity,01,148,4.046838963404298,0.33776601776480675,0.00010104849934577942,4.046940011903644,0.6194213489070535,True,0.6118869343903839,False
capacity,01,149,4.434369038790464,0.3357629757374525,8.987262845039368e-05,4.434458911418915,0.6238834098912776,True,0.569214402812422,False
capacity,01,150,4.104247083887458,0.3322858829051256,0.00011012889444828033,4.104357212781906,0.6280139470472932,True,0.796468798850834,False
capacity,01,151,4.054984077811241,0.33430103212594986,0.00010989606380462646,4.055093973875046,0.6320955909322947,True,0.7410878174038544,False
capacity,01,152,4.0698719676584005,0.3306528087705374,0.00012107193470001221,4.0699930395931005,0.6361920339986682,True,0.815959904685984,True
capacity,01,153,4.062629071995616,0.3427660558372736,7.986091077327728e-05,4.062708932906389,0.6402813529130071,True,0.7163653859756816,True
capacity,01,154,4.148249980062246,0.33987988717854023,8.102506399154663e-05,4.148331005126238,0.6444558829534799,True,0.8331176564488897,True
capacity,01,155,4.0411080699414015,0.3370849881321192,0.00010989606380462646,4.041217966005206,0.6485235909931362,True,0.7045991051335905,True
capacity,01,156,4.029175033792853,0.33327797427773476,0.00010011717677116394,4.0292751509696245,0.6525787450373173,True,0.5430309490310865,False
capacity,01,157,4.034786019474268,0.3330481704324484,0.00010081566870212555,4.03488683514297,0.6566395908594131,True,0.6386838638643826,False
capacity,01,158,4.31830994784832,0.33513084053993225,0.00011106021702289581,4.318421008065343,0.6609842809848487,True,0.7862535453902582,False
capacity,01,159,4.033403005450964,0.33188494853675365,9.103678166866302e-05,4.033494042232633,0.6650443749967963,True,0.7419937614298896,True
capacity,01,160,4.041319014504552,0.3338400274515152,8.987262845039368e-05,4.041408887133002,0.6691117929294705,True,0.996460572623984,True
capacity,01,161,4.0438128635287285,0.33471081405878067,7.008202373981476e-05,4.043882945552468,0.6731816448736936,True,1.0519080327285817,True
capacity,01,162,4.6407480258494616,0.34129293635487556,9.010545909404755e-05,4.640838131308556,0.6778487029951066,True,0.8715197359712394,True
capacity,01,163,4.058189922943711,0.3374558873474598,8.102506399154663e-05,4.058270948007703,0.6819340048823506,True,0.8494345540629621,True
capacity,01,164,4.046868998557329,0.3358130343258381,8.079223334789276e-05,4.046949790790677,0.6860083758365363,True,1.5299308665886828,True
capacity,01,165,4.06571407802403,0.3366039600223303,9.103678166866302e-05,4.065805114805698,0.6901010710280389,True,1.4261524795871883,True
capacity,01,166,4.314654041081667,0.33825705759227276,9.010545909404755e-05,4.314744146540761,0.6944420849904418,True,0.9505531360604631,True
capacity,01,167,4.071244038641453,0.34394790418446064,9.103678166866302e-05,4.0713350754231215,0.6985397390089929,True,1.0135807033628879,True
capacity,01,168,4.045626847073436,0.3362339921295643,9.010545909404755e-05,4.04571695253253,0.7026113448664546,True,0.9503584842257273,True
capacity,01,169,4.06468310393393,0.33653504215180874,7.986091077327728e-05,4.064762964844704,0.7067021869588643,True,0.8996287531519314,True
capacity,01,170,4.64972504414618,0.33979001455008984,9.103678166866302e-05,4.649816080927849,0.7113783620297909,True,0.9449707048533755,True
capacity,01,171,4.038993967697024,0.3339799586683512,0.00011012889444828033,4.039104096591473,0.7154439259320498,True,0.7874326846083756,True
capacity,01,172,4.03331289999187,0.33417996019124985,9.010545909404755e-05,4.033403005450964,0.7195033689495176,True,0.7098483053660387,True
capacity,01,173,4.025479080155492,0.3245419356971979,9.988434612751007e-05,4.025578964501619,0.7235559190157801,True,0.6780310021709802,True
capacity,01,174,4.0870551019907,0.327426940202713,0.00010989606380462646,4.087164998054504,0.7276697040069848,True,0.6498065981262057,True
capacity,01,175,4.030847921967506,0.3253428731113672,9.010545909404755e-05,4.0309380274266005,0.731726961908862,True,0.7139900672218757,True
capacity,01,176,4.028433933854103,0.327597139403224,7.986091077327728e-05,4.028513794764876,0.7357816258445382,True,0.7028496262339983,True
capacity,01,177,4.0260187815874815,0.3266648855060339,9.103678166866302e-05,4.02610981836915,0.7398338448256254,True,0.7290527923571554,True
capacity,01,178,4.624216817319393,0.3313138149678707,9.103678166866302e-05,4.624307854101062,0.7444842518307269,True,0.6781297921479232,True
capacity,01,179,4.0367599576711655,0.3301731776446104,9.988434612751007e-05,4.036859842017293,0.748553492827341,True,0.7657760552810209,True
capacity,01,180,4.041970008984208,0.3289401065558195,0.00010104849934577942,4.042071057483554,0.7526217829436064,True,0.6511844059399569,True
capacity,01,181,4.024907946586609,0.3293908666819334,0.00010011717677116394,4.02500806376338,0.756673069903627,True,0.6945290485729844,True
capacity,01,182,4.621563013643026,0.3356130328029394,0.00010011717677116394,4.6216631308197975,0.7613208619877696,True,0.6539000278185974,True
capacity,01,183,4.052440170198679,0.3369462210685015,9.988434612751007e-05,4.0525400545448065,0.7654001920018345,True,0.6491738789401839,True
capacity,01,184,4.041648935526609,0.3384880255907774,0.00010104849934577942,4.041749984025955,0.769469803897664,True,0.6248595167474797,False
capacity,01,185,4.036549013108015,0.3314949572086334,9.988434612751007e-05,4.036648897454143,0.773538603913039,True,0.6231902814012777,False
capacity,01,186,4.615311045199633,0.3343401476740837,0.00010081566870212555,4.615411860868335,0.7781802949029952,True,0.5670038725872266,False
capacity,01,187,4.05808980576694,0.34091295674443245,0.00011012889444828033,4.058199934661388,0.7822653248440474,True,0.5942093505818822,False
capacity,01,188,4.057088866829872,0.34007197245955467,8.009374141693115e-05,4.057168960571289,0.7863485428970307,True,0.5178608431543131,False
capacity,01,189,4.04782104305923,0.34006102941930294,9.103678166866302e-05,4.0479120798408985,0.7904228039551526,True,0.4783419809566552,False
capacity,01,190,4.556490108370781,0.3437381237745285,9.988434612751007e-05,4.5565899927169085,0.7950062439776957,True,0.4576700604293991,False
capacity,01,191,4.031961085274816,0.3345911391079426,0.00010989606380462646,4.03207098133862,0.7990642739459872,True,0.4751709395714657,False
capacity,01,192,4.043603083118796,0.33515202812850475,9.010545909404755e-05,4.04369318857789,0.8031340360175818,True,0.47971528768648497,False
capacity,01,193,4.060244187712669,0.3393001388758421,7.986091077327728e-05,4.060324048623443,0.8072207600343972,True,0.4932743288213033,False
capacity,01,194,4.620751133188605,0.3400410059839487,0.00010989606380462646,4.62086102925241,0.8118686720263213,True,0.5113871971883774,False
capacity,01,195,4.054202931001782,0.33390894532203674,9.010545909404755e-05,4.0542930364608765,0.8159490649122745,True,0.4995718583872537,False
capacity,01,196,4.05835104174912,0.33438997343182564,9.988434612751007e-05,4.058450926095247,0.8200337649323046,True,0.4510580723812132,False
capacity,01,197,4.059563158079982,0.3352321218699217,0.00010989606380462646,4.059673054143786,0.8241199180483818,True,0.4477247024254005,False
capacity,01,198,4.586956929415464,0.33691502176225185,8.009374141693115e-05,4.587037023156881,0.8287332348991185,True,0.4350670157995783,False
capacity,01,199,4.035447956994176,0.3363238647580147,8.009374141693115e-05,4.035528050735593,0.8327949419617653,True,0.4391981091728265,False
capacity,01,200,4.051407100632787,0.33621396869421005,9.010545909404755e-05,4.051497206091881,0.836872949032113,True,0.4296650110380724,False
capacity,01,201,4.35469881631434,0.33797696232795715,9.010545909404755e-05,4.354788921773434,0.8412549998611212,True,0.415396472734558,False
capacity,01,202,4.102745093405247,0.3455919213593006,9.988434612751007e-05,4.102844977751374,0.8453848659992218,True,0.46313742066302943,False
capacity,01,203,4.061627201735973,0.341904116794467,7.986091077327728e-05,4.061707062646747,0.8494736240245402,True,0.46195650163972946,False
capacity,01,204,4.047770984470844,0.3370349295437336,0.00011012889444828033,4.0478811133652925,0.8535539959557354,True,0.49312150584741976,False
capacity,01,205,4.3589579872787,0.3354030195623636,9.988434612751007e-05,4.359057871624827,0.8579397138673812,True,0.49185389527764245,False
capacity,01,206,4.098356002941728,0.3356130328029394,8.987262845039368e-05,4.098445875570178,0.8620642789173871,True,0.4757030574134276,False
capacity,01,207,4.030758049339056,0.33304793760180473,7.008202373981476e-05,4.030828131362796,0.8661212970037013,True,0.4940071040584024,False
capacity,01,208,4.031058866530657,0.3328870516270399,9.010545909404755e-05,4.031148971989751,0.8701801388524473,True,0.508674049803857,False
capacity,01,209,4.357174038887024,0.3409232012927532,0.00010989606380462646,4.3572839349508286,0.8745639128610492,True,0.5043077066018335,False
capacity,01,210,4.095710813999176,0.334510812535882,9.010545909404755e-05,4.09580091945827,0.8786857528612018,True,0.500835524215153,False
capacity,01,211,4.042069893330336,0.33424003049731255,9.988434612751007e-05,4.042169777676463,0.8827541128266603,True,0.5117508497112859,False
capacity,01,212,4.061966901645064,0.3331981133669615,9.103678166866302e-05,4.062057938426733,0.8868423898238689,True,0.5294491395643427,False
capacity,01,213,4.053650889545679,0.33524190075695515,9.103678166866302e-05,4.053741926327348,0.8909224208910018,True,0.5498112388713929,False
capacity,01,214,4.154020920395851,0.336294062435627,0.00011012889444828033,4.154131049290299,0.8951033928897232,True,0.5771250482215905,False
capacity,01,215,4.025988979265094,0.3324460703879595,7.008202373981476e-05,4.026059061288834,0.8991556819528341,True,0.5735933272812219,False
capacity,01,216,4.041137872263789,0.341102946549654,0.00010011717677116394,4.04123798944056,0.9032230998855084,True,0.5768498511750334,False
capacity,01,217,4.363175015896559,0.34313718788325787,9.080395102500916e-05,4.363265819847584,0.907612003851682,True,0.5532988460847834,False
capacity,01,218,4.112072056159377,0.3421448636800051,9.010545909404755e-05,4.112162161618471,0.9117505960166454,True,0.5461952266597075,False
capacity,01,219,4.043422173708677,0.3368749748915434,8.987262845039368e-05,4.043512046337128,0.9158211590256542,True,0.5486746785816776,False
capacity,01,220,4.038212122395635,0.33509102649986744,0.00010104849934577942,4.03831317089498,0.9198859720490873,True,0.5443798904134945,False
capacity,01,221,4.076325101777911,0.3353920765221119,8.987262845039368e-05,4.076414974406362,0.9239887669682503,True,0.595907858878362,False
capacity,01,222,4.622444044798613,0.33487100154161453,8.009374141693115e-05,4.6225241385400295,0.928637359989807,True,0.5640127547366391,False
capacity,01,223,4.050777060911059,0.33770687878131866,8.009374141693115e-05,4.050857154652476,0.9327142860274762,True,0.5605931112247501,False
capacity,01,224,4.028463969007134,0.3345501609146595,8.987262845039368e-05,4.028553841635585,0.9367692598607391,True,0.6074834628106771,False
capacity,01,225,4.356603138148785,0.33374899066984653,9.988434612751007e-05,4.356703022494912,0.9411520319990814,True,0.6037490352834058,False
capacity,01,226,4.098847042769194,0.3388090990483761,8.987262845039368e-05,4.098936915397644,0.9452776799444109,True,0.6022217477955749,False
capacity,01,227,4.042631015181541,0.33833784982562065,0.00010011717677116394,4.042731132358313,0.9493467400316149,True,0.6039993554144373,False
capacity,01,228,4.046838963404298,0.33798697404563427,9.010545909404755e-05,4.046929068863392,0.9534197389148176,True,0.5508912997915428,False
capacity,01,229,4.352045012637973,0.3379681147634983,7.986091077327728e-05,4.352124873548746,0.9577981228940189,True,0.5190845363618907,False
capacity,01,230,4.0791400242596865,0.3321859985589981,8.009374141693115e-05,4.079220118001103,0.9619033420458436,True,0.6232742453285397,False
capacity,01,231,4.040217027068138,0.33226702362298965,9.988434612751007e-05,4.040316911414266,0.9659699678886682,True,0.5147287548549684,False
capacity,01,232,4.040597006678581,0.3311550244688988,8.987262845039368e-05,4.040686879307032,0.970037184888497,True,0.57093446088206,False
capacity,01,233,4.366190871223807,0.33263699151575565,0.00010011717677116394,4.3662909884005785,0.9744308278895915,True,0.4741971889540038,False
capacity,01,234,4.103085026144981,0.33803703263401985,8.987262845039368e-05,4.103174898773432,0.9785609538666904,True,0.353244490145317,False
capacity,01,235,4.017944913357496,0.3325268626213074,0.00010011717677116394,4.018045030534267,0.982605418888852,True,0.5501320175610082,False
capacity,01,236,4.036890110000968,0.3321960102766752,9.988434612751007e-05,4.0369899943470955,0.9866706719622016,True,0.4799487000869297,False
capacity,01,237,4.040556959807873,0.33444096334278584,8.987262845039368e-05,4.040646832436323,0.9907377988565713,True,0.39067327822214015,False
capacity,01,238,4.174980102106929,0.33434992656111717,9.010545909404755e-05,4.175070207566023,0.9949390690308064,True,0.41398674023648,False
capacity,01,239,4.057498881593347,0.3318160306662321,8.009374141693115e-05,4.0575789753347635,0.9990231278352439,True,0.5010443597818128,False
capacity,01,240,4.036830039694905,0.3272059839218855,9.010545909404755e-05,4.036920145153999,1.0030860980041325,True,0.6286728828291867,False
capacity,01,241,4.364827880635858,0.33082393929362297,8.009374141693115e-05,4.3649079743772745,1.0074801908340305,True,0.6281177439594077,False
capacity,01,242,4.099929006770253,0.3342900890856981,7.986091077327728e-05,4.1000088676810265,1.011613282840699,True,0.6409777723513859,False
capacity,01,243,4.054913995787501,0.33516203984618187,9.988434612751007e-05,4.055013880133629,1.0156952878460288,True,0.6646864839602202,False
capacity,01,244,4.035317106172442,0.33591315150260925,8.987262845039368e-05,4.035406978800893,1.0197570649906993,True,0.7207708345802721,True
capacity,01,245,4.393822979182005,0.3367150202393532,8.009374141693115e-05,4.393903072923422,1.0241773379966617,True,0.7233265855721581,True
capacity,01,246,4.10476909019053,0.34574209712445736,9.988434612751007e-05,4.104868974536657,1.0283093380276114,True,0.6727590543511707,True
capacity,01,247,4.039015155285597,0.3382381983101368,8.987262845039368e-05,4.039105027914047,1.0323747619986534,True,0.603431818902405,False
capacity,01,248,4.048361908644438,0.33733597956597805,9.988434612751007e-05,4.048461792990565,1.0364492228254676,True,0.710575533986158,False
capacity,01,249,4.037110134959221,0.3352521453052759,0.00010989606380462646,4.0372200310230255,1.0405129729770124,True,0.6714009742113201,False
capacity,01,250,4.181372933089733,0.33829803578555584,9.010545909404755e-05,4.181463038548827,1.0447276888880879,True,0.6121590702907057,False
capacity,01,251,4.046278074383736,0.33205514773726463,0.00010104849934577942,4.046379122883081,1.0488003969658166,True,0.6397308278718282,False
capacity,01,252,4.032311961054802,0.33170590177178383,9.010545909404755e-05,4.032402066513896,1.0528591079637408,True,0.656072437495163,False
capacity,01,253,4.357394063845277,0.3323860000818968,9.103678166866302e-05,4.3574851006269455,1.0572433529887348,True,0.6018457625092192,False
capacity,01,254,4.108995897695422,0.3435479011386633,0.00010011717677116394,4.109096014872193,1.0613790189381689,True,0.6853937797676861,False
capacity,01,255,4.0495740249753,0.34010084345936775,9.010545909404755e-05,4.049664130434394,1.0654553540516645,True,0.6917165773167825,False
capacity,01,256,4.042421001940966,0.3404722083359957,7.986091077327728e-05,4.042500862851739,1.0695241538342088,True,0.7250567454243727,True
capacity,01,257,4.048532107844949,0.3350421320647001,8.987262845039368e-05,4.048621980473399,1.0735991860274225,True,0.6095480656092718,False
capacity,01,258,4.1379909962415695,0.34409877844154835,0.00010011717677116394,4.138091113418341,1.0777638170402497,True,0.5633450375494355,False
capacity,01,259,4.050064831972122,0.33626402728259563,9.010545909404755e-05,4.050154937431216,1.081840471830219,True,0.5834822523580335,False
capacity,01,260,4.061295883730054,0.33657392486929893,8.102506399154663e-05,4.0613769087940454,1.0859279478900135,True,0.5619052479809712,False
capacity,01,261,4.061397165060043,0.33691502176225185,9.988434612751007e-05,4.061497049406171,1.0900155040435493,True,0.5662709642956804,False
capacity,01,262,4.6299779787659645,0.3395599778741598,9.010545909404755e-05,4.6300680842250586,1.0946722519584,True,0.518379247252717,False
capacity,01,263,4.038653103634715,0.33804704435169697,9.988434612751007e-05,4.038752987980843,1.0987376959528774,True,0.532999958196416,False
capacity,01,264,4.058771999552846,0.3371660131961107,0.00010011717677116394,4.058872116729617,1.1028233889956027,True,0.512545774945891,False
capacity,01,265,4.3813500087708235,0.33771712332963943,8.987262845039368e-05,4.381439881399274,1.1072310279123485,True,0.5131771363569301,False
capacity,01,266,4.10508899949491,0.34345686435699463,0.00010011717677116394,4.105189116671681,1.1113628069870174,True,0.5384556993250946,False
capacity,01,267,4.045856883749366,0.3447500057518482,9.010545909404755e-05,4.04594698920846,1.1154352938756347,True,0.5576671469834696,False
capacity,01,268,4.071465926244855,0.3454419784247875,9.010545909404755e-05,4.071556031703949,1.1195341609418392,True,0.5809379041358742,False
capacity,01,269,4.060464911162853,0.33801794052124023,8.009374141693115e-05,4.06054500490427,1.1236224179156125,True,0.9914472857810788,False
capacity,01,270,4.2922720313072205,0.3419348504394293,0.00010011717677116394,4.292372148483992,1.1279413800220937,True,0.9759184981885652,False
capacity,01,271,4.054242977872491,0.3382069990038872,9.010545909404755e-05,4.054333083331585,1.1320226739626378,True,1.0171216276609985,True
capacity,01,272,4.066196037456393,0.34064194187521935,7.986091077327728e-05,4.0662758983671665,1.1361161009408534,True,1.0137969088702856,True
capacity,01,273,4.079651087522507,0.33887894824147224,9.010545909404755e-05,4.079741192981601,1.14022213104181,True,1.0151944673195215,True
capacity,01,274,4.650738090276718,0.3457521088421345,9.988434612751007e-05,4.650837974622846,1.1449049389921129,True,0.9712249836971576,True
capacity,01,275,4.081233870238066,0.3451509401202202,9.010545909404755e-05,4.08132397569716,1.1490155279170722,True,0.9505939107807675,True
capacity,01,276,4.059112165123224,0.3383881412446499,7.986091077327728e-05,4.0591920260339975,1.1531016810331494,True,0.9562262481051069,True
capacity,01,277,4.36099199578166,0.33867894671857357,9.010545909404755e-05,4.361082101240754,1.1574893130455166,True,0.9754632376431711,True
capacity,01,278,4.093095893040299,0.3410829231142998,8.102506399154663e-05,4.093176918104291,1.1616159018594772,True,0.9566139048930611,True
capacity,01,279,4.0427609346807,0.33754599280655384,9.103678166866302e-05,4.042851971462369,1.165685012936592,True,0.9327565044213337,True
capacity,01,280,4.039925988763571,0.3390191122889519,9.988434612751007e-05,4.040025873109698,1.1697522199247032,True,0.856273102330122,True
capacity,01,281,4.056678153574467,0.3383280709385872,0.00010989606380462646,4.056788049638271,1.1738356780260801,True,0.8225185136001361,True
capacity,01,282,4.217891953885555,0.3424258902668953,9.010545909404755e-05,4.217982059344649,1.1780803399160504,True,0.7885010489371902,True
capacity,01,283,4.038592800498009,0.3389588091522455,9.010545909404755e-05,4.038682905957103,1.182145913830027,True,0.7902697612811836,True
capacity,01,284,4.064282169565558,0.34499005414545536,9.988434612751007e-05,4.064382053911686,1.1862371270544827,True,0.8317246667387546,True
capacity,01,285,4.068640060722828,0.34584198147058487,0.00010989606380462646,4.0687499567866325,1.1903326669707894,True,0.8025003294524486,True
capacity,01,286,4.6284261625260115,0.3490280359983444,9.988434612751007e-05,4.628526046872139,1.1949875929858536,True,0.7164938219998038,True
capacity,01,287,4.057067912071943,0.3409329801797867,0.00010989606380462646,4.057177808135748,1.1990712308324873,True,0.6373187215432572,True
capacity,01,288,4.036230035126209,0.3386090975254774,8.987262845039368e-05,4.03631990775466,1.2031342908740044,True,0.6330520868842411,True
capacity,01,289,4.427667008712888,0.34859683364629745,0.00012014061212539673,4.427787149325013,1.2075889180414379,True,0.5423362533570247,False
capacity,01,290,4.10319515503943,0.3418351989239454,9.988434612751007e-05,4.103295039385557,1.211719674989581,True,0.5397007568931663,False
capacity,01,291,4.033534089103341,0.33821817487478256,7.986091077327728e-05,4.033613950014114,1.215779528953135,True,0.5673849864029075,False
capacity,01,292,4.045736975967884,0.33784680999815464,8.009374141693115e-05,4.045817069709301,1.2198519660159945,True,0.5784336837996745,False
capacity,01,293,4.075573058798909,0.3383380826562643,8.987262845039368e-05,4.07566293142736,1.2239546698983759,True,0.5854788565207611,False
capacity,01,294,4.20456612482667,0.3429159987717867,0.00010104849934577942,4.2046671733260155,1.2281886120326817,True,1.0146712778004436,False
capacity,01,295,4.0563971269875765,0.3434771206229925,8.079223334789276e-05,4.056477919220924,1.2322719299700111,True,1.0253447503496618,False
capacity,01,296,4.041217966005206,0.3421748988330364,8.009374141693115e-05,4.041298059746623,1.2363397779408842,True,0.9834707417738469,True
capacity,01,297,4.045035922899842,0.34299702383577824,8.009374141693115e-05,4.045116016641259,1.240411884849891,True,0.9478613643968665,True
capacity,01,298,4.364426946267486,0.3429760690778494,8.102506399154663e-05,4.364507971331477,1.2448026319034398,True,0.9727537011018651,True
capacity,01,299,4.105148138478398,0.3375660162419081,9.103678166866302e-05,4.105239175260067,1.24893466103822,True,0.9296219303512343,True
capacity,01,300,4.0482820477336645,0.3333180211484432,0.00010011717677116394,4.048382164910436,1.2530097840353847,True,0.8623373127254109,True
capacity,01,301,4.355451092123985,0.33394014462828636,0.00010989606380462646,4.35556098818779,1.2573919449932873,True,0.8397272230351668,True
capacity,01,302,4.101421916857362,0.3426559269428253,8.009374141693115e-05,4.101502010598779,1.2615201969165355,True,0.8120672323573467,True
capacity,01,303,4.052289063110948,0.3368051256984472,9.988434612751007e-05,4.052388947457075,1.2655993069056422,True,0.816631814430617,True
capacity,01,304,4.029395990073681,0.3334989305585623,8.987262845039368e-05,4.029485862702131,1.269656715914607,True,0.8350896769132556,True
capacity,01,305,4.059443017467856,0.3383480943739414,6.984919309616089e-05,4.059512866660953,1.2737429589033127,True,0.7810668648060858,True
capacity,01,306,4.599189851433039,0.3451709635555744,0.00010011717677116394,4.59928996860981,1.2783684588503093,True,0.7231726119115003,True
capacity,01,307,4.063179017975926,0.34406804479658604,8.102506399154663e-05,4.063260043039918,1.2824585889466107,True,0.7447890829566377,True
capacity,01,308,4.046128131449223,0.3443090245127678,9.988434612751007e-05,4.04622801579535,1.2865310769993812,True,0.7073099682994198,True
capacity,01,309,4.0430419612675905,0.3363939467817545,8.009374141693115e-05,4.0431220550090075,1.2906016109045595,True,0.6637724905079933,True
capacity,01,310,4.119486082345247,0.34033204428851604,8.987262845039368e-05,4.119575954973698,1.2947485779877752,True,0.6300957254553678,False
capacity,01,311,4.058401100337505,0.3391290083527565,0.00010011717677116394,4.0585012175142765,1.2988340300507843,True,0.5841529428659422,False
capacity,01,312,4.05297102406621,0.33838790841400623,0.00010011717677116394,4.053071141242981,1.3029137309640646,True,0.5842394637157071,False
capacity,01,313,4.0533412247896194,0.33767707645893097,8.987262845039368e-05,4.05343109741807,1.3069933210499585,True,0.6013425423265352,False
capacity,01,314,4.174480214715004,0.3533060662448406,8.987262845039368e-05,4.174570087343454,1.3111948920413852,True,0.5395398807929964,False
capacity,01,315,4.0646931156516075,0.34273602068424225,8.987262845039368e-05,4.064782988280058,1.3152862249407917,True,0.5460358626903571,False
capacity,01,316,4.054903984069824,0.34326687455177307,0.00010011717677116394,4.055004101246595,1.3193677789531648,True,0.5195760033899746,False
capacity,01,317,4.047350026667118,0.34263613633811474,9.988434612751007e-05,4.047449911013246,1.3234414889011532,True,0.5175382748697641,False
capacity,01,318,4.648453090339899,0.34801592119038105,7.008202373981476e-05,4.648523172363639,1.3281235350295901,True,0.5570385406040423,False
capacity,01,319,4.056296078488231,0.33781607635319233,7.101334631443024e-05,4.056367091834545,1.3322070930153131,True,0.5100868327036977,False
capacity,01,320,4.060495179146528,0.3467639908194542,8.987262845039368e-05,4.060585051774979,1.3362945490516722,True,0.49383689097070305,False
capacity,01,321,4.050826886668801,0.3428969066590071,9.010545909404755e-05,4.050916992127895,1.3403721759095788,True,0.5152892922321194,False
capacity,01,322,4.203543998301029,0.34453999251127243,7.008202373981476e-05,4.203614080324769,1.3446024199947715,True,0.5670828072079814,False
capacity,01,323,4.069110844284296,0.3381478600203991,0.00010011717677116394,4.069210961461067,1.3486979808658361,True,0.5256785725472659,False
capacity,01,324,4.0284141432493925,0.3374260850250721,8.987262845039368e-05,4.028504015877843,1.3527528350241482,True,0.5359808214800706,False
capacity,01,325,4.0628002025187016,0.33949012868106365,0.00010989606380462646,4.062910098582506,1.356842746026814,True,0.6342791898920387,False
capacity,01,326,4.139493918046355,0.3382880240678787,0.00010011717677116394,4.139594035223126,1.3610085889231414,True,0.657648657443077,False
capacity,01,327,4.062338033691049,0.33829803578555584,7.986091077327728e-05,4.062417894601822,1.3650970759335905,True,0.6207571654917559,False
capacity,01,328,4.058371065184474,0.3368749748915434,7.986091077327728e-05,4.058450926095247,1.3691818369552493,True,0.7076419363821024,False
capacity,01,329,4.042972112074494,0.3431870136409998,9.010545909404755e-05,4.043062217533588,1.3732511580456048,True,0.7334974941402456,False
capacity,01,330,4.679621895775199,0.3416237886995077,0.00010011717677116394,4.67972201295197,1.3779573999345303,True,0.7466129614567509,True
capacity,01,331,4.050817107781768,0.3368651960045099,9.988434612751007e-05,4.050916992127895,1.3820354079362005,True,0.7128127767101413,True
capacity,01,332,4.048031056299806,0.3339000977575779,8.987262845039368e-05,4.048120928928256,1.3861101889051497,True,0.6564969031178363,True
capacity,01,333,4.053702112287283,0.33232709392905235,8.987262845039368e-05,4.053791984915733,1.3901898600161076,True,0.6382836283397997,True
capacity,01,334,4.749653860926628,0.3376470413058996,0.00011012889444828033,4.749763989821076,1.3949659138452262,True,0.6193342384597534,False
capacity,01,335,4.064362030476332,0.3308339510113001,9.988434612751007e-05,4.064461914822459,1.399057175964117,True,0.7220658524951331,False
capacity,01,336,4.043462919071317,0.3306339494884014,9.010545909404755e-05,4.043553024530411,1.4031271389685571,True,0.5558987228033133,False
capacity,01,337,5.042386008426547,0.3307729493826628,9.103678166866302e-05,5.042477045208216,1.4081959549803287,True,0.5254331240680197,False
capacity,01,338,4.113906063139439,0.34268712624907494,0.00010989606380462646,4.114015959203243,1.4123379329685122,True,0.5096252118514083,False
capacity,01,339,4.042431013658643,0.3368749748915434,0.00010011717677116394,4.042531130835414,1.4164069939870387,True,0.4989976008802081,False
capacity,01,340,4.040957894176245,0.3381569404155016,0.00010011717677116394,4.041058011353016,1.4204746019095182,True,0.5373250649630714,False
capacity,01,341,4.359307931736112,0.336754834279418,0.00011012889444828033,4.35941806063056,1.424867131980136,True,0.5420751221051056,False
capacity,01,342,4.096131771802902,0.3310837782919407,9.010545909404755e-05,4.096221877261996,1.42898975382559,True,0.7672955125807869,False
capacity,01,343,4.054833902046084,0.3338889218866825,9.010545909404755e-05,4.0549240075051785,1.433070917846635,True,0.9158033607710908,False
capacity,01,344,4.047260154038668,0.3377869725227356,0.00011990778148174286,4.047380061820149,1.4371459600515664,True,0.8879298827023498,True
capacity,01,345,4.392680944874883,0.345851993188262,8.009374141693115e-05,4.3927610386163,1.4415652209427208,True,0.9055530384972723,True
capacity,01,346,4.1168308816850185,0.3570329863578081,9.010545909404755e-05,4.116920987144113,1.4457087619230151,True,0.8365714391277425,True
capacity,01,347,4.038714105263352,0.34081307239830494,8.987262845039368e-05,4.038803977891803,1.4497740960214287,True,0.8629134327306084,True
capacity,01,348,4.058891208842397,0.34018117003142834,8.987262845039368e-05,4.058981081470847,1.4538594470359385,True,0.8380675180680179,True
capacity,01,349,4.3696879874914885,0.34113298170268536,9.010545909404755e-05,4.3697780929505825,1.4582559359259903,True,0.7898053968295331,True
capacity,01,350,4.097935045138001,0.34875795245170593,9.988434612751007e-05,4.098034929484129,1.4623813419602811,True,0.7491744452114402,True
capacity,01,351,4.048842936754227,0.3400510177016258,0.00010011717677116394,4.048943053930998,1.4664568959269673,True,0.7787771068229912,True
capacity,01,352,4.066516878083348,0.34063286148011684,9.010545909404755e-05,4.066606983542442,1.4705498819239438,True,0.9234807035710958,True
capacity,01,353,4.633645061403513,0.3334290813654661,0.00012014061212539673,4.633765202015638,1.4752103870268911,True,0.8110830666749717,True
capacity,01,354,4.055354977026582,0.34154392778873444,0.00010989606380462646,4.055464873090386,1.4792927529197186,True,0.7023817638580214,True
capacity,01,355,4.044764908030629,0.3402410075068474,9.010545909404755e-05,4.044855013489723,1.4833642889279872,True,0.7505550221635788,True
capacity,01,356,4.042750922963023,0.3441090229898691,8.009374141693115e-05,4.04283101670444,1.4874336898792535,True,0.8309204982161035,True
capacity,01,357,4.36768401414156,0.3476759884506464,8.009374141693115e-05,4.3677641078829765,1.49182745302096,True,0.790906338537701,True
capacity,01,358,4.097884986549616,0.34507084637880325,9.010545909404755e-05,4.09797509200871,1.495951757999137,True,0.8697744234451599,True
capacity,01,359,4.060003906488419,0.34535094164311886,8.009374141693115e-05,4.0600840002298355,1.500038431957364,True,0.7823843615467168,True
capacity,01,360,4.05481387861073,0.3442990127950907,0.00010011717677116394,4.054913995787501,1.504119224846363,True,0.7552887787019098,True
capacity,01,361,4.385969135910273,0.34503103233873844,8.987262845039368e-05,4.386059008538723,1.508531833998859,True,0.8189335292528147,True
capacity,01,362,4.104557912796736,0.3456419799476862,8.009374141693115e-05,4.104638006538153,1.512662700843066,True,0.7979576369043893,True
capacity,01,363,4.0477600414305925,0.34829601645469666,9.103678166866302e-05,4.047851078212261,1.5167369209229946,True,0.7838969126152932,True
capacity,01,364,4.045485984534025,0.3459821455180645,0.00011990778148174286,4.045605892315507,1.5208092178218067,True,0.7766341514009409,True
capacity,01,365,4.6425319742411375,0.34540100023150444,9.010545909404755e-05,4.6426220797002316,1.525478160008788,True,0.7937063170127481,True
capacity,01,366,4.063630942255259,0.34653395414352417,0.00011990778148174286,4.06375085003674,1.5295743318274617,True,0.7879395766773014,True
capacity,01,367,4.075001925230026,0.34743407741189003,0.00011106021702289581,4.075112985447049,1.5336761048529297,True,0.7812439315167405,True
capacity,01,368,4.056716803461313,0.3474049735814333,0.00010011717677116394,4.056816920638084,1.5377594118472189,True,0.8135319836632442,True
capacity,01,369,4.574112826958299,0.3469339571893215,9.010545909404755e-05,4.574202932417393,1.5423598948400468,True,0.7780751859912276,True
capacity,01,370,4.071014001965523,0.3536171279847622,9.988434612751007e-05,4.07111388631165,1.5464575588703156,True,0.806844450540207,True
capacity,01,371,4.067538073286414,0.35240501165390015,9.988434612751007e-05,4.067637957632542,1.550551967928186,True,0.7624108415330536,True
capacity,01,372,4.061737097799778,0.3468331415206194,9.103678166866302e-05,4.061828134581447,1.554639904992655,True,0.8347363087151205,True
capacity,01,373,4.387160064652562,0.34967903047800064,8.009374141693115e-05,4.387240158393979,1.55905367503874,True,0.7472116429972555,True
capacity,01,374,4.109486937522888,0.3470848314464092,9.010545909404755e-05,4.109577042981982,1.5631902129389346,True,0.726842924252694,True
capacity,01,375,4.056958016008139,0.3510620445013046,0.00010011717677116394,4.05705813318491,1.5672736410051584,True,1.1829314029502365,True
capacity,01,376,4.045396111905575,0.350200105458498,7.986091077327728e-05,4.045475972816348,1.5713453269563615,True,1.146945182999175,True
capacity,01,377,4.653112031519413,0.35241502337157726,7.986091077327728e-05,4.653191892430186,1.576025168877095,True,1.086588675389164,True
capacity,01,378,4.062248161062598,0.34700403921306133,8.987262845039368e-05,4.062338033691049,1.5801138069946319,True,1.1103944675097623,True
capacity,01,379,4.049533978104591,0.34499098546803,8.987262845039368e-05,4.049623850733042,1.5841900808736682,True,1.1076347930066268,True
capacity,01,380,4.058430204167962,0.3493879921734333,9.080395102500916e-05,4.058521008118987,1.588275162037462,True,0.7908840025460178,True
capacity,01,381,4.64774202555418,0.3522341139614582,9.988434612751007e-05,4.647841909900308,1.592949153855443,True,0.7824129624395869,True
capacity,01,382,4.055585013702512,0.34814607352018356,9.103678166866302e-05,4.0556760504841805,1.5970312289427966,True,0.7856719938685819,True
capacity,01,383,4.073749994859099,0.34578191116452217,9.988434612751007e-05,4.073849879205227,1.6011313889175653,True,0.776109448165335,True
capacity,01,384,4.057279089465737,0.35214400850236416,8.987262845039368e-05,4.057368962094188,1.6052149769384414,True,0.7355317563100886,True
capacity,01,385,4.650806775316596,0.3497488796710968,9.103678166866302e-05,4.650897812098265,1.609892303822562,True,0.7324720833228151,True
capacity,01,386,4.057558951899409,0.3472741227596998,7.986091077327728e-05,4.057638812810183,1.6139766138512641,True,0.6921296919633663,True
capacity,01,387,4.062948981299996,0.3448601346462965,8.102506399154663e-05,4.063030006363988,1.6180660228710622,True,0.6708150595177254,True
capacity,01,388,4.047609865665436,0.3448398783802986,8.009374141693115e-05,4.047689959406853,1.6221422168891877,True,0.688387034609625,True
capacity,01,389,4.6488039661198854,0.35005994141101837,0.00010011717677116394,4.648904083296657,1.626817530952394,True,0.716575033974519,True
capacity,01,390,4.049122799187899,0.34241494722664356,9.010545909404755e-05,4.049212904646993,1.630893143825233,True,0.7355599753746009,True
capacity,01,391,4.067788133397698,0.3516031429171562,8.987262845039368e-05,4.067878006026149,1.6349878429900855,True,0.7076123962026352,True
capacity,01,392,4.053452052175999,0.34417910501360893,7.986091077327728e-05,4.053531913086772,1.6390682959463447,True,0.721604970590485,True
capacity,01,393,4.642210900783539,0.3444089088588953,8.009374141693115e-05,4.642290994524956,1.6437373168300837,True,0.7122894086206699,True
capacity,01,394,4.458253970369697,0.3436780534684658,0.00011012889444828033,4.458364099264145,1.6482224019709975,True,0.7353042334382397,True
capacity,01,395,4.269257886335254,0.35383692011237144,0.00010104849934577942,4.2693589348345995,1.65252039488405,True,0.7123380384065564,True
capacity,01,396,4.14034491404891,0.38701901212334633,0.00012107193470001221,4.14046598598361,1.6566923998761922,True,0.7079353642245849,True
capacity,01,397,4.317559069022536,0.3450301010161638,7.986091077327728e-05,4.3176389299333096,1.6610390739515424,True,0.7064128414349995,True
capacity,01,398,4.084098851308227,0.34241494722664356,9.103678166866302e-05,4.084189888089895,1.6651510559022427,True,0.6595802988992927,True
capacity,01,399,4.086103057488799,0.35004992969334126,9.010545909404755e-05,4.086193162947893,1.669264500029385,True,0.6382011719117874,True
capacity,01,400,4.070223076269031,0.3538371529430151,0.00013085082173347473,4.070353927090764,1.673362144967541,True,0.6436323243681653,True
capacity,01,401,4.622644046321511,0.3514019772410393,0.00010104849934577942,4.622745094820857,1.6780127920210361,True,0.6337753562211228,True
capacity,01,402,4.059813916683197,0.34223590046167374,8.009374141693115e-05,4.059894010424614,1.6820998769253492,True,0.6243188408765854,False
capacity,01,403,4.085861844941974,0.3432969097048044,0.00010104849934577942,4.0859628934413195,1.6862120588775724,True,0.6742825412208711,False
capacity,01,404,4.376791184768081,0.3478061407804489,0.00010989606380462646,4.376901080831885,1.6906152700539678,True,0.6407048822997516,False
capacity,01,405,4.097344120964408,0.3466331399977207,9.988434612751007e-05,4.097444005310535,1.6947397750336677,True,0.6824517773904796,True
capacity,01,406,4.055955912917852,0.3418540582060814,8.009374141693115e-05,4.056036006659269,1.6988220708444715,True,0.675541119187486,True
capacity,01,407,4.038894083350897,0.34283706918358803,9.988434612751007e-05,4.038993967697024,1.7028871339280158,True,0.6802720001174933,True
capacity,01,408,4.052639938890934,0.34358794800937176,9.988434612751007e-05,4.0527398232370615,1.706966163823381,True,0.703616333788802,True
capacity,01,409,4.195239162072539,0.3473651595413685,6.984919309616089e-05,4.1953090112656355,1.7111886939965189,True,0.6949905045232802,True
capacity,01,410,4.071454983204603,0.34931907430291176,9.988434612751007e-05,4.071554867550731,1.7152866788674146,True,0.7553811035687061,True
capacity,02,0,3.8804749492555857,0.3659999929368496,0.00011012889444828033,3.880585078150034,0.003901595016941428,False,,
capacity,02,1,3.8143510464578867,0.34755608066916466,0.00014994293451309204,3.8145009893924,0.007738278014585376,False,,
capacity,02,2,4.27564000710845,0.35124202258884907,0.00013015232980251312,4.2757701594382524,0.012035849038511515,False,,
capacity,02,3,3.8511401508003473,0.3438780549913645,0.00012083910405635834,3.8512609899044037,0.0159146620426327,False,,
capacity,02,4,3.8005749229341745,0.348416855558753,0.00012014061212539673,3.8006950635463,0.019737347960472107,False,,
capacity,02,5,3.9099198766052723,0.3796450328081846,0.000141095370054245,3.9100609719753265,0.02366930991411209,False,,
capacity,02,6,4.287002142518759,0.3417141269892454,0.00013993121683597565,4.287142073735595,0.027978474041447043,False,,
capacity,02,7,3.8663079030811787,0.3502198960632086,0.0001310836523771286,3.866438986733556,0.03186697396449745,False,,
capacity,02,8,3.804242005571723,0.3463530447334051,0.00012991949915885925,3.804371925070882,0.03569352789781988,False,,
capacity,02,9,3.811795962974429,0.3479570150375366,0.00013993121683597565,3.811935894191265,0.03952731494791806,False,,
capacity,02,10,3.830932080745697,0.3629641141742468,0.00013085082173347473,3.8310629315674305,0.04338019900023937,False,,
capacity,02,11,3.874643938615918,0.34439912997186184,0.00012107193470001221,3.874765010550618,0.04727717489004135,False,,
capacity,02,12,3.9615880232304335,0.3427660558372736,0.00013085082173347473,3.961718874052167,0.05126095493324101,False,,
capacity,02,13,4.846194991841912,0.4276658874005079,0.00016111880540847778,4.846356110647321,0.05613346002064645,False,,
capacity,02,14,4.294015001505613,0.3474750556051731,0.00012991949915885925,4.294144921004772,0.060454455902799964,False,,
capacity,02,15,4.104597959667444,0.3429269418120384,0.00013015232980251312,4.104728111997247,0.06458826898597181,False,,
capacity,02,16,4.020770080387592,0.34176395274698734,0.00011990778148174286,4.020889988169074,0.06863234308548272,False,,
capacity,02,17,4.2432500049471855,0.340732978656888,0.00012014061212539673,4.243370145559311,0.07289923704229295,False,,
capacity,02,18,4.691614070907235,0.35988795571029186,0.00011106021702289581,4.691725131124258,0.07761789206415415,False,,
capacity,02,19,4.08416916616261,0.3579540643841028,0.00012083910405635834,4.084290005266666,0.08173308009281754,False,,
capacity,02,20,4.04520588926971,0.35382690839469433,0.00013993121683597565,4.045345820486546,0.08580640889704227,False,,
capacity,02,21,4.028012976050377,0.3533461131155491,0.00011990778148174286,4.028132883831859,0.0898611219599843,False,,
capacity,02,22,4.015921149402857,0.348447123542428,0.00012991949915885925,4.016051068902016,0.09390275203622878,False,,
capacity,02,23,4.481378011405468,0.35218382254242897,0.00011012889444828033,4.481488140299916,0.09840986807830632,False,,
capacity,02,24,4.04716981574893,0.34169387072324753,0.00011012889444828033,4.047279944643378,0.10248142387717962,False,,
capacity,02,25,4.038141807541251,0.3470839001238346,0.00011012889444828033,4.0382519364356995,0.10654237889684737,False,,
capacity,02,26,4.596063867211342,0.3410328645259142,0.00012107193470001221,4.596184939146042,0.11116097588092089,False,,
capacity,02,27,4.074600990861654,0.34215510822832584,0.00010989606380462646,4.074710886925459,0.11525891092605889,False,,
capacity,02,28,4.010661039501429,0.3338900860399008,0.00010989606380462646,4.010770935565233,0.11929243500344455,False,,
capacity,02,29,4.003918031230569,0.33173616975545883,0.00011990778148174286,4.004037939012051,0.12331865495070815,False,,
capacity,02,30,4.507958190515637,0.32712705433368683,0.00012991949915885925,4.508088110014796,0.12784873507916927,False,,
capacity,02,31,4.014719044789672,0.35124202258884907,0.00011990778148174286,4.014838952571154,0.13188632694073021,False,,
capacity,02,32,4.003357840701938,0.33893901854753494,0.00012014061212539673,4.003477981314063,0.1359123568981886,False,,
capacity,02,33,4.039875930175185,0.33592386171221733,0.00012014061212539673,4.039996070787311,0.1399744739755988,False,,
capacity,02,34,4.514229949563742,0.33588288351893425,0.00011012889444828033,4.51434007845819,0.1445115569513291,False,,
capacity,02,35,4.115246934816241,0.33459998667240143,0.0001310836523771286,4.115378018468618,0.14864925690926611,True,0.26812488040962607,False
capacity,02,36,4.1108999866992235,0.35513006150722504,8.009374141693115e-05,4.1109800804406404,0.1527887110132724,True,0.3651905368000784,False
capacity,02,37,4.076385172083974,0.3430871292948723,0.00010989606380462646,4.0764950681477785,0.15689227706752717,True,0.24954892670970777,False
capacity,02,38,4.654295044019818,0.3450510557740927,0.00010989606380462646,4.654404940083623,0.161573942983523,True,0.2424605528065246,False
capacity,02,39,4.0615759789943695,0.3400410059839487,0.00011106021702289581,4.061687039211392,0.16566259996034205,True,0.19399363772897021,False
capacity,02,40,4.071604926139116,0.33935997635126114,0.00011012889444828033,4.071715055033565,0.16976095596328378,True,0.12893249481497313,False
capacity,02,41,4.1928039863705635,0.35161315463483334,7.986091077327728e-05,4.192883847281337,0.1739850288722664,True,0.09546414120877793,False
capacity,02,42,4.4520830269902945,0.3505509812384844,9.988434612751007e-05,4.452182911336422,0.17846495495177805,True,0.10475824035120776,False
capacity,02,43,4.115278134122491,0.34306710585951805,8.987262845039368e-05,4.115368006750941,0.18260843609459698,True,0.06018756852136696,False
capacity,02,44,4.064673092216253,0.3470839001238346,0.00010011717677116394,4.0647732093930244,0.18670389708131552,True,0.0920313718204668,False
capacity,02,45,4.067757865414023,0.3515819553285837,7.008202373981476e-05,4.067827947437763,0.1907982649281621,True,0.1002664674227805,False
capacity,02,46,4.689319990575314,0.3547391388565302,8.987262845039368e-05,4.689409863203764,0.1955156079493463,True,0.08652590031620647,False
capacity,02,47,4.0783879812806845,0.33980002626776695,9.103678166866302e-05,4.078479018062353,0.19962188904173672,True,0.07025537237477916,False
capacity,02,48,4.209456034004688,0.3593170549720526,0.00013993121683597565,4.209595965221524,0.20385942794382572,True,0.08348220261440716,False
capacity,02,49,4.104566993191838,0.3472939133644104,9.010545909404755e-05,4.104657098650932,0.20799115602858365,True,0.06408172917599982,False
capacity,02,50,4.699459997937083,0.36029890179634094,8.009374141693115e-05,4.6995400916785,0.2127197610680014,True,0.09000489301267123,False
capacity,02,51,4.064041189849377,0.35038101486861706,9.988434612751007e-05,4.064141074195504,0.21681067207828164,True,0.07178219558831125,False
capacity,02,52,4.046798916533589,0.34480984322726727,8.009374141693115e-05,4.046879010275006,0.22088436200283468,True,0.08991627282915811,False
capacity,02,53,4.046478075906634,0.3442091401666403,8.987262845039368e-05,4.046567948535085,0.2249576710164547,True,0.08654319579243613,False
capacity,02,54,4.162987926974893,0.35688187927007675,9.103678166866302e-05,4.163078963756561,0.22914801095612347,True,0.10212795044849123,False
capacity,02,55,4.111279966309667,0.3548890817910433,9.988434612751007e-05,4.111379850655794,0.233289266936481,True,0.06756661457896762,False
capacity,02,56,4.077496938407421,0.3419050481170416,9.010545909404755e-05,4.077587043866515,0.23739484697580338,True,0.05696165608990899,False
capacity,02,57,4.096924094483256,0.33954111859202385,0.00010989606380462646,4.097033990547061,0.24151902203448117,True,0.07614255265335845,False
capacity,02,58,4.609530093148351,0.3396100364625454,9.988434612751007e-05,4.609629977494478,0.24615686503238976,True,0.17084884066919917,False
capacity,02,59,4.081293940544128,0.35373703576624393,0.00013993121683597565,4.081433871760964,0.25026679295115173,True,0.1281466368858984,False
capacity,02,60,4.059422994032502,0.340611906722188,0.00011012889444828033,4.0595331229269505,0.2543562219943851,True,0.12499885947150813,False
capacity,02,61,4.069051006808877,0.33820816315710545,0.00017997808754444122,4.069230984896421,0.25845358590595424,True,0.13041815896865427,False
capacity,02,62,4.20189113356173,0.3398200497031212,0.00011082738637924194,4.20200196094811,0.2626839110162109,True,0.1110605300100857,False
capacity,02,63,4.097433993592858,0.35417708568274975,0.00010081566870212555,4.09753480926156,0.26680924789980054,True,0.14113956011018894,False
capacity,02,64,4.075854085385799,0.34552114084362984,7.986091077327728e-05,4.075933946296573,0.27091287402436137,True,0.1660462479450928,False
capacity,02,65,4.083608044311404,0.34679402597248554,0.00010011717677116394,4.083708161488175,0.2750246450304985,True,0.17782792792685184,False
capacity,02,66,4.6262110117822886,0.34045102074742317,9.103678166866302e-05,4.626302048563957,0.27968653407879174,True,0.1742397675741178,False
capacity,02,67,4.055764991790056,0.34502986818552017,9.010545909404755e-05,4.05585509724915,0.2837688790168613,True,0.1757053562954871,False
capacity,02,68,4.0890180971473455,0.3527950029820204,0.00011106021702289581,4.089129157364368,0.2878849890548736,True,0.19168610269768344,False
capacity,02,69,4.055455094203353,0.34456909634172916,9.988434612751007e-05,4.05555497854948,0.29196789604611695,True,0.20284224222014843,False
capacity,02,70,4.120789002627134,0.3542781341820955,0.00010989606380462646,4.120898898690939,0.2961198128759861,True,0.1932896509318774,False
capacity,02,71,4.077146062627435,0.34354813396930695,0.00012991949915885925,4.077275982126594,0.300225832965225,True,0.22710348737133068,False
capacity,02,72,4.102403996512294,0.3464429173618555,0.00013993121683597565,4.10254392772913,0.3043558089993894,True,0.2797558256753054,False
capacity,02,73,4.58728801459074,0.3460319712758064,0.00010011717677116394,4.587388131767511,0.3089704690501094,True,0.2968584605190208,False
capacity,02,74,4.072397015988827,0.3523139748722315,0.00010011717677116394,4.072497133165598,0.3130723210051656,True,0.3114251652927241,False
capacity,02,75,4.066715948283672,0.3401408903300762,9.010545909404755e-05,4.066806053742766,0.3171663989778608,True,0.26821880186081914,False
capacity,02,76,4.075884120538831,0.3439390566200018,8.009374141693115e-05,4.075964214280248,0.32127472409047186,True,0.2245460802267256,False
capacity,02,77,4.474245011806488,0.34766620956361294,9.988434612751007e-05,4.4743448961526155,0.32577606989070773,True,0.23050494239291575,False
capacity,02,78,4.121739882975817,0.3443588502705097,0.00010011717677116394,4.121840000152588,0.3299254719167948,True,0.18313970396886228,False
capacity,02,79,4.105950007215142,0.34395791590213776,9.010545909404755e-05,4.106040112674236,0.3340583830140531,True,0.19425934342963333,False
capacity,02,80,4.1037260089069605,0.3556299488991499,0.00010104849934577942,4.103827057406306,0.3381941400002688,True,0.19372106205325434,False
capacity,02,81,4.568001022562385,0.342364888638258,0.00015995465219020844,4.568160977214575,0.34278986300341785,True,0.20741197867947564,False
capacity,02,82,4.069771850481629,0.3591468557715416,0.00010011717677116394,4.0698719676584005,0.3468879288993776,True,0.23089542101210603,False
capacity,02,83,4.094658885151148,0.34420890733599663,8.009374141693115e-05,4.094738978892565,0.35101054096594453,True,0.1795753585109515,False
capacity,02,84,4.07543289475143,0.34594209864735603,0.00014994293451309204,4.075582837685943,0.35511954687535763,True,0.1876289822758427,False
capacity,02,85,4.614298930391669,0.3591978456825018,0.0001501757651567459,4.614449106156826,0.3597617279738188,True,0.22409134409184614,False
capacity,02,86,4.076845943927765,0.34716399386525154,0.00011012889444828033,4.076956072822213,0.3638666470069438,True,0.2848469274207661,False
capacity,02,87,4.076104843989015,0.34421891905367374,7.008202373981476e-05,4.076174926012754,0.36797136487439275,True,0.23951670868128142,False
capacity,02,88,4.09033102914691,0.34641288220882416,9.010545909404755e-05,4.090421134606004,0.3720895980950445,True,0.2500865405172895,False
capacity,02,89,4.386328859254718,0.3486168570816517,0.00012014061212539673,4.386448999866843,0.376503859879449,True,0.2651019985022271,False
capacity,02,90,4.1274509858340025,0.3403520677238703,9.988434612751007e-05,4.12755087018013,0.38065971387550235,True,0.30089689977593714,False
capacity,02,91,4.090640926733613,0.3443488385528326,8.102506399154663e-05,4.090721951797605,0.38477921998128295,True,0.28089529374556477,False
capacity,02,92,4.109878093004227,0.3576639574021101,0.00011990778148174286,4.109998000785708,0.3889203970320523,True,0.2641680427858246,False
capacity,02,93,4.38945391215384,0.3551589325070381,0.00010104849934577942,4.389554960653186,0.3933410400059074,True,0.2489780994654726,False
capacity,02,94,4.12774202413857,0.34334696829319,9.988434612751007e-05,4.127841908484697,0.39749942999333143,True,0.32171246459028663,False
capacity,02,95,4.074190044775605,0.34522986970841885,9.103678166866302e-05,4.074281081557274,0.4016043080482632,True,0.3084626757538936,False
capacity,02,96,4.072627983987331,0.34177512861788273,7.986091077327728e-05,4.072707844898105,0.4057068119291216,True,0.30552993394294253,False
capacity,02,97,4.655275959521532,0.3492990508675575,0.00010011717677116394,4.655376076698303,0.4103907919488847,True,0.311678130905734,False
capacity,02,98,4.07631485722959,0.3418349660933018,0.00011012889444828033,4.076424986124039,0.41449603089131415,True,0.314331428787633,False
capacity,02,99,4.086154047399759,0.3447900526225567,9.010545909404755e-05,4.086244152858853,0.4186111390590668,True,0.3219734273068494,False
capacity,02,100,4.079651087522507,0.3424359019845724,0.00010011717677116394,4.079751204699278,0.42272024508565664,True,0.28814737876305463,False
capacity,02,101,4.667809931561351,0.35038101486861706,9.010545909404755e-05,4.667900037020445,0.42741688899695873,True,0.29671384344534396,False
capacity,02,102,4.063981119543314,0.3419241402298212,0.00010081566870212555,4.064081935212016,0.4315098749939352,True,0.32978566036791856,False
capacity,02,103,4.066827008500695,0.34241611137986183,7.986091077327728e-05,4.0669068694114685,0.4356050449423492,True,0.3397393901259864,False
capacity,02,104,4.065264016389847,0.34113298170268536,9.010545909404755e-05,4.065354121848941,0.4396979610901326,True,0.32572923812352267,False
capacity,02,105,4.651689203456044,0.34959916956722736,0.00011990778148174286,4.651809111237526,0.4443769510835409,True,0.30867040948483715,False
capacity,02,106,4.067778121680021,0.34183403477072716,0.00010989606380462646,4.067888017743826,0.448472592048347,True,0.3369871765067852,False
capacity,02,107,4.054552875459194,0.34187384881079197,0.00011106021702289581,4.054663935676217,0.4525549679528922,True,0.2668807840472397,False
capacity,02,108,4.071064991876483,0.34296605736017227,9.988434612751007e-05,4.0711648762226105,0.4566535148769617,True,0.3314569389193414,False
capacity,02,109,4.645166918635368,0.3400808200240135,0.00010011717677116394,4.6452670358121395,0.4613261229824275,True,0.3480455659619248,False
capacity,02,110,4.046086920425296,0.34172413870692253,9.103678166866302e-05,4.0461779572069645,0.4654010948725045,True,0.3814593960719893,False
capacity,02,111,4.068007925525308,0.3405418246984482,0.00010011717677116394,4.068108042702079,0.4694964049849659,True,0.3690516889000067,False
capacity,02,112,4.0573179721832275,0.3397699911147356,8.009374141693115e-05,4.0573980659246445,0.4735809350386262,True,0.40286409705589404,False
capacity,02,113,4.642742918804288,0.33910898491740227,0.00010011717677116394,4.642843035981059,0.47825123998336494,True,0.40394963588048916,False
capacity,02,114,4.046226851642132,0.33952994272112846,9.103678166866302e-05,4.0463178884238005,0.48232505889609456,True,0.3214747190221434,False
capacity,02,115,4.056057194247842,0.3396100364625454,8.987262845039368e-05,4.056147066876292,0.48640864808112383,True,0.3370210385577083,False
capacity,02,116,4.046088084578514,0.3375059459358454,7.008202373981476e-05,4.046158166602254,0.49048305908218026,True,0.21941278312365536,False
capacity,02,117,4.672507988288999,0.3399911802262068,8.987262845039368e-05,4.672597860917449,0.495182687882334,True,0.24942048525064,False
capacity,02,118,4.053269978612661,0.33949012868106365,8.102506399154663e-05,4.053351003676653,0.4992626989260316,True,0.34815670788947245,False
capacity,02,119,4.051398020237684,0.3417450934648514,9.010545909404755e-05,4.051488125696778,0.5033410380128771,True,0.3420236290337078,False
capacity,02,120,4.043753026053309,0.338137149810791,7.986091077327728e-05,4.043832886964083,0.507411811966449,True,0.3025858872112864,False
capacity,02,121,4.714797949418426,0.3381678834557533,9.010545909404755e-05,4.71488805487752,0.5121537609957159,True,0.2907619037626592,False
capacity,02,122,4.066085908561945,0.33620395697653294,9.010545909404755e-05,4.066176014021039,0.516247448977083,True,0.2722669939093215,False
capacity,02,123,4.052069038152695,0.33410009928047657,8.987262845039368e-05,4.052158910781145,0.520326467929408,True,0.39649282333014646,False
capacity,02,124,4.128423053771257,0.33588288351893425,7.008202373981476e-05,4.128493135794997,0.5244818620849401,True,0.25169739219498166,False
capacity,02,125,4.262356087565422,0.4230181220918894,0.00014994293451309204,4.262506030499935,0.5287784819956869,True,0.1308104315016988,False
capacity,02,126,4.085481865331531,0.34987996332347393,9.010545909404755e-05,4.085571970790625,0.5328928579110652,True,0.10871018014103268,False
capacity,02,127,4.053462063893676,0.3492389805614948,7.008202373981476e-05,4.053532145917416,0.5369747530203313,True,0.17022383721154924,False
capacity,02,128,4.059542901813984,0.3455621190369129,9.010545909404755e-05,4.059633007273078,0.5410615368746221,True,0.18722717657362242,False
capacity,02,129,4.794378066435456,0.4189601168036461,9.010545909404755e-05,4.79446817189455,0.5458839980419725,True,0.1448617049511599,False
capacity,02,130,4.061125917360187,0.34506083466112614,9.010545909404755e-05,4.061216022819281,0.5499744389671832,True,0.44128565784801715,False
capacity,02,131,4.091012058779597,0.3381569404155016,9.988434612751007e-05,4.091111943125725,0.5540943660307676,True,0.5289841302296708,False
capacity,02,132,4.294324899092317,0.3376668319106102,8.009374141693115e-05,4.294404992833734,0.5584162729792297,True,0.7257338709716301,False
capacity,02,133,4.211348947137594,0.39461394771933556,0.00011990778148174286,4.211468854919076,0.5626614058855921,True,0.6476092864983164,False
capacity,02,134,4.053492099046707,0.34017208963632584,8.987262845039368e-05,4.0535819716751575,0.5667440330144018,True,0.5254043492934075,False
capacity,02,135,4.055245080962777,0.34272600896656513,8.987262845039368e-05,4.0553349535912275,0.5708271299954504,True,0.5192008599188336,False
capacity,02,136,4.110588924959302,0.34357700496912,9.010545909404755e-05,4.110679030418396,0.5749657319393009,True,0.46628443205027154,False
capacity,02,137,4.613806959241629,0.41277799755334854,0.00010104849934577942,4.613908007740974,0.579614344984293,True,0.41727838891138963,False
capacity,02,138,4.067958099767566,0.3407520707696676,9.080395102500916e-05,4.068048903718591,0.5837111279834062,True,0.3751663532091186,False
capacity,02,139,4.056586883962154,0.34224498085677624,0.00010104849934577942,4.0566879324615,0.5877960289362818,True,0.3523389265602473,False
capacity,02,140,4.06748685054481,0.3429458010941744,0.00010011717677116394,4.0675869677215815,0.5918914389330894,True,0.2718793762672715,False
capacity,02,141,4.193967208266258,0.37009804509580135,9.988434612751007e-05,4.194067092612386,0.5961140100844204,True,0.3780804878965071,False
capacity,02,142,4.044955130666494,0.3405320458114147,8.987262845039368e-05,4.045045003294945,0.6001872080378234,True,0.2682617901750017,False
capacity,02,143,4.0561058558523655,0.33851806074380875,8.102506399154663e-05,4.056186880916357,0.6042704458814114,True,0.3576862898614523,False
capacity,02,144,4.056836944073439,0.3417239058762789,9.103678166866302e-05,4.056927980855107,0.6083546050358564,True,0.4814442249521578,False
capacity,02,145,4.426614847034216,0.34738495014607906,9.010545909404755e-05,4.42670495249331,0.6128085919190198,True,0.37588595216039133,False
capacity,02,146,4.0612060111016035,0.34808716736733913,8.987262845039368e-05,4.061295883730054,0.6168977099005133,True,0.42135461123836937,False
capacity,02,147,4.071235889568925,0.34871790558099747,9.010545909404755e-05,4.071325995028019,0.620996176963672,True,0.30719957028853606,False
capacity,02,148,4.40017506480217,0.3498201258480549,7.008202373981476e-05,4.40024514682591,0.6254231720231473,True,0.28404085108834504,False
capacity,02,149,4.119076067581773,0.34918892197310925,8.009374141693115e-05,4.11915616132319,0.6295699600595981,True,0.2679896542746799,False
capacity,02,150,4.069873131811619,0.3436580300331116,7.986091077327728e-05,4.069952992722392,0.6336673840414733,True,0.2790362596368423,False
capacity,02,151,4.051388008520007,0.3504210617393255,7.986091077327728e-05,4.05146786943078,0.6377461028750986,True,0.2701266334659053,False
capacity,02,152,4.045957000926137,0.3482659813016653,7.986091077327728e-05,4.04603686183691,0.6418190009426326,True,0.26726798904969834,False
capacity,02,153,4.2087240144610405,0.35247416235506535,7.986091077327728e-05,4.208803875371814,0.646055256947875,True,0.24806614863286114,False
capacity,02,154,4.0553961880505085,0.34630298614501953,7.986091077327728e-05,4.055476048961282,0.650138545082882,True,0.30924912791999276,False
capacity,02,155,4.0642020758241415,0.3471651580184698,7.986091077327728e-05,4.064281936734915,0.6542306989431381,True,0.27012874734290904,False
capacity,02,156,4.436593037098646,0.3448000643402338,9.103678166866302e-05,4.436684073880315,0.658694633981213,True,0.28006963812276303,False
capacity,02,157,4.109818022698164,0.3522138576954603,0.00010011717677116394,4.109918139874935,0.6628327150829136,True,0.2565937392966494,False
capacity,02,158,4.069422138854861,0.3507321234792471,7.986091077327728e-05,4.0695019997656345,0.6669293080922216,True,0.23943081171551556,False
capacity,02,159,4.055896075442433,0.3490280359983444,8.009374141693115e-05,4.05597616918385,0.6710124250967056,True,0.24874803603872656,False
capacity,02,160,4.0535221341997385,0.3452110104262829,8.987262845039368e-05,4.053612006828189,0.6750977670308203,True,0.308236380518446,False
capacity,02,161,4.3862489983439445,0.3495090641081333,9.988434612751007e-05,4.386348882690072,0.6795111868996173,True,0.4019568928315738,False
capacity,02,162,4.0585610549896955,0.34524104557931423,0.00010011717677116394,4.058661172166467,0.6835964780766517,True,0.40230253845860525,False
capacity,02,163,4.067367874085903,0.3445390611886978,9.010545909404755e-05,4.067457979544997,0.6876902158837765,True,0.400347053499125,False
capacity,02,164,4.101100843399763,0.34988997504115105,9.010545909404755e-05,4.101190948858857,0.6918181169312447,True,0.36578806070179914,False
capacity,02,165,4.226187011227012,0.43692300096154213,0.00012991949915885925,4.2263169307261705,0.6960797109641135,True,0.32132166018887176,False
capacity,02,166,4.081544000655413,0.3459220752120018,9.988434612751007e-05,4.08164388500154,0.7001894079148769,True,0.3570210415806596,False
capacity,02,167,4.0829668287187815,0.34605199471116066,0.00010011717677116394,4.083066945895553,0.7043003179132938,True,0.37853139567967,False
capacity,02,168,4.301950102671981,0.34406897611916065,8.987262845039368e-05,4.302039975300431,0.7086302910465747,True,0.32427081755647263,False
capacity,02,169,4.335504025220871,0.4258728586137295,0.00011012889444828033,4.335614154115319,0.7130026840604842,True,0.2850393204616573,False
capacity,02,170,4.0869140066206455,0.35529001615941525,7.986091077327728e-05,4.086993867531419,0.7171210369560868,True,0.30347017583002045,False
capacity,02,171,4.074089927598834,0.3382179420441389,0.00010011717677116394,4.074190044775605,0.7212232199963182,True,0.2427847884021312,False
capacity,02,172,4.091873997822404,0.341963954269886,8.987262845039368e-05,4.091963870450854,0.7253417549654841,True,0.2697281557503858,False
capacity,02,173,4.270680947229266,0.42393989861011505,0.00012991949915885925,4.270810866728425,0.7296468599233776,True,0.2613515586633435,False
capacity,02,174,4.067157162353396,0.34291716292500496,7.986091077327728e-05,4.06723702326417,0.7337419900577515,True,0.2891374299842197,False
capacity,02,175,4.063740838319063,0.34956890158355236,9.010545909404755e-05,4.063830943778157,0.73783262190409,True,0.28972057834205217,False
capacity,02,176,5.143596790730953,0.36045978777110577,0.00010011717677116394,5.143696907907724,0.7430029988754541,True,0.2832917886045571,False
capacity,02,177,4.213914042338729,0.3555300645530224,8.987262845039368e-05,4.214003914967179,0.7472478109411895,True,0.4015256538556702,False
capacity,02,178,4.097353899851441,0.3536669537425041,9.988434612751007e-05,4.097453784197569,0.7513776458799839,True,0.34160134391054253,False
capacity,02,179,4.097754834219813,0.34097302705049515,0.00011012889444828033,4.097864963114262,0.7555066698696464,True,0.3718866249713465,False
capacity,02,180,4.428077023476362,0.35074097104370594,7.986091077327728e-05,4.4281568843871355,0.759972678963095,True,0.3827352668619663,False
capacity,02,181,4.140065051615238,0.3625031094998121,9.988434612751007e-05,4.140164935961366,0.7641480809543282,True,0.4044597625222443,False
capacity,02,182,4.088186891749501,0.348096014931798,0.00010011717677116394,4.088287008926272,0.7682676368858665,True,0.37250093665335154,False
capacity,02,183,4.11018799059093,0.3489169757813215,9.103678166866302e-05,4.110279027372599,0.772408562945202,True,0.39293699586317465,False
capacity,02,184,4.392219940200448,0.3539379686117172,0.00010989606380462646,4.392329836264253,0.7768301079049706,True,0.37977299565002703,False
capacity,02,185,4.12579788826406,0.3484769258648157,0.00012107193470001221,4.12591896019876,0.7809852019418031,True,0.40906466907034245,False
capacity,02,186,4.081254126504064,0.3530159592628479,7.986091077327728e-05,4.081333987414837,0.7850961510557681,True,0.37879825016003865,False
capacity,02,187,4.04934398829937,0.34295697696506977,8.987262845039368e-05,4.04943386092782,0.789173326920718,True,0.36946864172127886,False
capacity,02,188,4.552180878818035,0.3426959738135338,0.00010104849934577942,4.552281927317381,0.7937522688880563,True,0.3429018718886271,False
capacity,02,189,4.058560822159052,0.3517328295856714,0.00010011717677116394,4.058660939335823,0.7978376909159124,True,0.3271547234247872,False
capacity,02,190,4.081485094502568,0.35394798032939434,8.009374141693115e-05,4.081565188243985,0.8019454050809145,True,0.3757017167950582,False
capacity,02,191,4.049473209306598,0.351092079654336,8.987262845039368e-05,4.049563081935048,0.8060208770912141,True,0.3850331920521372,False
capacity,02,192,4.675203934311867,0.34198490902781487,0.00010011717677116394,4.675304051488638,0.8107303259894252,True,0.39157243819886006,False
capacity,02,193,4.045805893838406,0.34935795702040195,9.103678166866302e-05,4.045896930620074,0.8148026019334793,True,0.35673064579252123,False
capacity,02,194,4.061757121235132,0.35303598269820213,0.00010989606380462646,4.061867017298937,0.8188907590229064,True,0.35922568192744353,False
capacity,02,195,4.062548978254199,0.3498590085655451,8.987262845039368e-05,4.062638850882649,0.8229796378873289,True,0.35489818381856003,False
capacity,02,196,4.391989903524518,0.3523849882185459,0.00010989606380462646,4.392099799588323,0.8273976058699191,True,0.3497958284970658,False
capacity,02,197,4.125136882066727,0.3407818730920553,9.010545909404755e-05,4.125226987525821,0.8315492828842252,True,0.35421348033837957,False
capacity,02,198,4.055805969983339,0.3436680417507887,9.988434612751007e-05,4.055905854329467,0.8356314778793603,True,0.34095304131999976,False
capacity,02,199,4.056286998093128,0.338998856022954,0.00010011717677116394,4.056387115269899,0.8397141650784761,True,0.37059516605782883,False
capacity,02,200,4.63508814573288,0.34467014484107494,7.986091077327728e-05,4.635168006643653,0.8443755020853132,True,0.35529460681375274,False
capacity,02,201,4.070753930136561,0.3403120208531618,0.00010011717677116394,4.070854047313333,0.8484728359617293,True,0.3160156683081042,False
capacity,02,202,4.0406170301139355,0.33833784982562065,8.009374141693115e-05,4.040697123855352,0.8525399430654943,True,0.3470027567423457,False
capacity,02,203,4.053720971569419,0.338106881827116,7.101334631443024e-05,4.053791984915733,0.8566202849615365,True,0.37895103595090424,False
capacity,02,204,4.696754040196538,0.35779387690126896,0.00010104849934577942,4.696855088695884,0.8613442410714924,True,0.4690741708875131,False
capacity,02,205,4.413228947669268,0.42149401269853115,0.00011012889444828033,4.413339076563716,0.8657892600167543,True,0.5243474477783373,False
capacity,02,206,4.0636511985212564,0.34887809306383133,9.988434612751007e-05,4.063751082867384,0.8698818960692734,True,0.5312423921829846,False
capacity,02,207,4.0579799097031355,0.34427898935973644,0.00010011717677116394,4.058080026879907,0.8739681988954544,True,0.5000353795471053,False
capacity,02,208,4.656187957152724,0.34712417982518673,0.00010989606380462646,4.656297853216529,0.8786514878738672,True,0.4986152367010674,False
capacity,02,209,4.060203908011317,0.33804704435169697,8.987262845039368e-05,4.060293780639768,0.8827393038664013,True,0.4983219041470903,False
capacity,02,210,4.057378973811865,0.3430461511015892,9.988434612751007e-05,4.057478858157992,0.8868231328669935,True,0.5099152341588231,False
capacity,02,211,4.065494053065777,0.3461220767349005,8.102506399154663e-05,4.065575078129768,0.8909167100209743,True,0.42524571931644145,False
capacity,02,212,4.664303036406636,0.3447500057518482,7.986091077327728e-05,4.6643828973174095,0.8956088449340314,True,0.37737865795352293,False
capacity,02,213,4.05742903240025,0.33893901854753494,7.986091077327728e-05,4.057508893311024,0.8996955289039761,True,0.3286188087192773,False
capacity,02,214,4.048171918839216,0.3422659356147051,8.987262845039368e-05,4.048261791467667,0.9037708318792284,True,0.3480227868970727,False
capacity,02,215,4.046316957101226,0.33986009657382965,9.103678166866302e-05,4.0464079938828945,0.9078440698795021,True,0.311284210767663,False
capacity,02,216,4.379916936159134,0.34521985799074173,9.103678166866302e-05,4.380007972940803,0.9122517399955541,True,0.2525252026656737,False
capacity,02,217,4.042040091007948,0.3358330577611923,9.988434612751007e-05,4.042139975354075,0.9163205900695175,True,0.29869991512283306,False
capacity,02,218,4.040457075461745,0.33633410930633545,7.986091077327728e-05,4.0405369363725185,0.9203875169623643,True,0.2467000709657879,False
capacity,02,219,4.042930901050568,0.3368440084159374,0.00010104849934577942,4.043031949549913,0.9244567579589784,True,0.19473037909916086,False
capacity,02,220,4.05696895904839,0.3404519520699978,7.986091077327728e-05,4.057048819959164,0.9285405268892646,True,0.2484018386866697,False
capacity,02,221,4.182724980637431,0.34049199894070625,8.009374141693115e-05,4.182805074378848,0.932750002015382,True,0.2812113570943637,False
capacity,02,222,4.0533707942813635,0.3434268292039633,0.00010011717677116394,4.053470911458135,0.9368298528715968,True,0.24214133546346256,False
capacity,02,223,4.049253882840276,0.3388389013707638,0.00010011717677116394,4.049354000017047,0.9409052359405905,True,0.22925743013084862,False
capacity,02,224,4.642282146960497,0.3360239788889885,9.988434612751007e-05,4.642382031306624,0.9455736570525914,True,0.4152646138604707,False
capacity,02,225,4.0419199503958225,0.33173500560224056,0.00011990778148174286,4.042039858177304,0.949642286868766,True,0.4947477350330287,False
capacity,02,226,4.0505859069526196,0.33340812660753727,0.00010104849934577942,4.050686955451965,0.9537198338657618,True,0.47655228181016324,False
capacity,02,227,4.05081594362855,0.3381979186087847,0.00010011717677116394,4.050916060805321,0.9577974500134587,True,0.3387760589926348,False
capacity,02,228,4.6382739674299955,0.34156395122408867,0.00010989606380462646,4.6383838634938,0.9624620939139277,True,0.3827899083222671,False
capacity,02,229,4.045856883749366,0.33637392334640026,0.00011012889444828033,4.045967012643814,0.9665345209650695,True,0.4168482213366684,False
capacity,02,230,4.064762964844704,0.33494108356535435,0.00010989606380462646,4.064872860908508,0.9706257039215416,True,0.41846741463785186,False
capacity,02,231,4.0364188607782125,0.3343198914080858,9.010545909404755e-05,4.036508966237307,0.9746881918981671,True,0.5260054053567167,False
capacity,02,232,4.35481988824904,0.34225592389702797,0.00010011717677116394,4.354920005425811,0.9790695919655263,True,0.4801400217266385,False
capacity,02,233,4.033744102343917,0.33348798751831055,9.988434612751007e-05,4.033843986690044,0.9831297160126269,True,0.3767555472771958,False
capacity,02,234,4.064271925017238,0.33536297269165516,7.008202373981476e-05,4.0643420070409775,0.9872203369159251,True,0.39798727492223984,False
capacity,02,235,4.034937126561999,0.335893128067255,9.988434612751007e-05,4.035037010908127,0.9912816840223968,True,0.31648326153376577,False
capacity,02,236,4.553003003820777,0.33830804750323296,9.010545909404755e-05,4.553093109279871,0.9958610460162163,True,0.3795089231454009,False
capacity,02,237,4.049624083563685,0.34306710585951805,9.988434612751007e-05,4.049723967909813,0.9999374609906226,True,0.39357325510819025,False
capacity,02,238,4.062077961862087,0.3458720166236162,9.010545909404755e-05,4.062168067321181,1.0040258390363306,True,0.4568065876050654,False
capacity,02,239,4.430362023413181,0.34421891905367374,9.010545909404755e-05,4.430452128872275,1.0084884110838175,True,0.4937899035073536,False
capacity,02,240,4.111169837415218,0.34386804327368736,8.009374141693115e-05,4.111249931156635,1.0126266218721867,True,0.53996347577093,False
capacity,02,241,4.051016876474023,0.34140399657189846,0.00010011717677116394,4.051116993650794,1.0167041788809001,True,0.47755863363503154,False
capacity,02,242,4.066967172548175,0.3482559695839882,8.987262845039368e-05,4.067057045176625,1.020797586068511,True,0.4385353710128752,False
capacity,02,243,4.098596051335335,0.35020988434553146,9.103678166866302e-05,4.098687088117003,1.024923674063757,True,0.44853031958588635,False
capacity,02,244,4.184449091553688,0.3518231678754091,7.986091077327728e-05,4.184528952464461,1.0291361960116774,True,0.3354439247868105,False
capacity,02,245,4.08539199270308,0.3465639892965555,8.009374141693115e-05,4.085472086444497,1.033250211039558,True,0.3226623162635638,False
capacity,02,246,4.064993001520634,0.3479958977550268,9.010545909404755e-05,4.065083106979728,1.0373427860904485,True,0.32004350256861847,False
capacity,02,247,4.05975291505456,0.3423248417675495,0.00010011717677116394,4.059853032231331,1.0414295999798924,True,0.34430749247646947,False
capacity,02,248,4.605492111295462,0.34277699887752533,6.0070306062698364e-05,4.605552181601524,1.0460621530655771,True,0.4041773717820341,False
capacity,02,249,4.042431013658643,0.33835810609161854,0.00010989606380462646,4.042540909722447,1.050131584983319,True,0.414272343308285,False
capacity,02,250,4.053211072459817,0.3413830418139696,0.00010989606380462646,4.053320968523622,1.0542111860122532,True,0.3602447958849501,False
capacity,02,251,4.053371027112007,0.3417041152715683,6.100162863731384e-05,4.0534320287406445,1.0582904159091413,True,0.37269593166854276,False
capacity,02,252,4.659503931179643,0.34464988857507706,0.00010011717677116394,4.659604048356414,1.062977781984955,True,0.3194331351034519,False
capacity,02,253,4.07719612121582,0.34653302282094955,0.00010989606380462646,4.077306017279625,1.067081097047776,True,0.39900005515420234,False
capacity,02,254,4.038203042000532,0.34229597076773643,9.010545909404755e-05,4.038293147459626,1.0711456800345331,True,0.3727612106120114,False
capacity,02,255,4.358225967735052,0.3413038793951273,9.010545909404755e-05,4.358316073194146,1.0755307159852237,True,0.972516662083311,False
capacity,02,256,4.101151134818792,0.3413129597902298,7.986091077327728e-05,4.101230995729566,1.0796580570749938,True,0.9814378832271908,False
capacity,02,257,4.051527939736843,0.3405630122870207,8.987262845039368e-05,4.0516178123652935,1.083735833875835,True,0.9181080896650267,True
capacity,02,258,4.055303987115622,0.34742499701678753,0.00010104849934577942,4.055405035614967,1.0878172179218382,True,0.9104116722214112,True
capacity,02,259,4.358456935733557,0.34507084637880325,0.00010011717677116394,4.358557052910328,1.092201774008572,True,0.8735874489042119,True
capacity,02,260,4.1012021247297525,0.3431970253586769,9.988434612751007e-05,4.10130200907588,1.0963301369920373,True,0.8060613342711607,True
capacity,02,261,4.03904402628541,0.3390188794583082,7.101334631443024e-05,4.039115039631724,1.1003952100872993,True,0.7997160134821453,True
capacity,02,262,4.051688127219677,0.3390891943126917,9.988434612751007e-05,4.0517880115658045,1.1044749210122973,True,0.8769440464102236,True
capacity,02,263,4.046969814226031,0.33809803426265717,8.009374141693115e-05,4.047049907967448,1.1085482998751104,True,0.8462885525945427,True
capacity,02,264,4.21230006031692,0.34210504963994026,9.080395102500916e-05,4.212390864267945,1.11278703995049,True,0.8362085440561249,True
capacity,02,265,4.050025017932057,0.3451609518378973,9.010545909404755e-05,4.050115123391151,1.1168633850757033,True,0.76391691914747,True
capacity,02,266,4.045847104862332,0.34439912997186184,7.986091077327728e-05,4.045926965773106,1.1209357019979507,True,0.7854093597774386,True
capacity,02,267,4.058000165969133,0.35733310505747795,8.987262845039368e-05,4.058090038597584,1.1250200520735234,True,0.8335751972406932,True
capacity,02,268,4.376761149615049,0.34279609099030495,0.00010989606380462646,4.376871045678854,1.1294293440878391,True,0.7975161934410571,True
capacity,02,269,4.1117011569440365,0.341534148901701,0.00011082738637924194,4.111811984330416,1.1335674850270152,True,0.7700777723041692,True
capacity,02,270,4.063069121912122,0.3421751316636801,9.988434612751007e-05,4.063169006258249,1.1376570740249008,True,0.8190942334265287,True
capacity,02,271,4.064040957018733,0.3373560030013323,0.00010011717677116394,4.064141074195504,1.1417478460352868,True,0.7666739136658388,True
capacity,02,272,4.599150037392974,0.3481958992779255,0.00010011717677116394,4.599250154569745,1.146373386029154,True,0.7384457779302322,True
capacity,02,273,4.042801912873983,0.3388389013707638,0.00010011717677116394,4.0429020300507545,1.15044240700081,True,0.736143204645153,True
capacity,02,274,4.068169044330716,0.340521102771163,9.103678166866302e-05,4.068260081112385,1.154536966001615,True,0.7617027998385875,True
capacity,02,275,4.366982961073518,0.3413241356611252,0.00010989606380462646,4.367092857137322,1.1589307289104909,True,0.7447935808170996,True
capacity,02,276,4.111890913918614,0.34694396890699863,0.00011012889444828033,4.112001042813063,1.163069159956649,True,0.7120020517134837,True
capacity,02,277,4.029765957966447,0.33968989737331867,0.00011106021702289581,4.02987701818347,1.1671251659281552,True,0.6542952621850646,True
capacity,02,278,4.046707879751921,0.33995090052485466,0.00011012889444828033,4.046818008646369,1.1711980439722538,True,0.6128653657272534,False
capacity,02,279,4.361722152680159,0.34139305353164673,7.986091077327728e-05,4.361802013590932,1.1755859460681677,True,0.5854101012360053,False
capacity,02,280,4.0857819840312,0.3426959738135338,8.987262845039368e-05,4.085871856659651,1.1796986788976938,True,0.5226913300224281,False
capacity,02,281,4.060855135321617,0.3490080125629902,7.986091077327728e-05,4.06093499623239,1.1837857640348375,True,0.5146929013758595,False
capacity,02,282,4.089949885383248,0.3667010460048914,0.00011012889444828033,4.090060014277697,1.1879041579086334,True,0.47065142076392913,False
capacity,02,283,4.06774808652699,0.3511121030896902,9.010545909404755e-05,4.067838191986084,1.1919993180781603,True,0.4557628785114295,False
capacity,02,284,4.599911859259009,0.358405988663435,8.009374141693115e-05,4.599991953000426,1.196628344943747,True,0.4418340720595298,False
capacity,02,285,4.067578120157123,0.34343707375228405,8.987262845039368e-05,4.067667992785573,1.2007241060491651,True,0.44667664248307576,False
capacity,02,286,4.059532890096307,0.35588094033300877,9.010545909404755e-05,4.059622995555401,1.204810448922217,True,0.4211530347587722,False
capacity,02,287,4.064932931214571,0.3507609944790602,9.010545909404755e-05,4.065023036673665,1.208901891950518,True,0.4217961815828173,False
capacity,02,288,4.104197025299072,0.3488569054752588,0.00010011717677116394,4.104297142475843,1.2130328700877726,True,0.44273939619518043,False
capacity,02,289,4.041638923808932,0.3427357878535986,9.010545909404755e-05,4.041729029268026,1.2171091840136796,True,0.43090561707860014,False
capacity,02,290,4.036649130284786,0.34328713081777096,9.103678166866302e-05,4.036740167066455,1.2211719930637628,True,0.4146070796491195,False
capacity,02,291,4.362183855846524,0.3419548738747835,7.008202373981476e-05,4.362253937870264,1.2255612378939986,True,0.4508242660459948,False
capacity,02,292,4.086172906681895,0.3453209064900875,9.988434612751007e-05,4.086272791028023,1.2296743008773774,True,0.450181578393885,False
capacity,02,293,4.043833119794726,0.35008019767701626,9.080395102500916e-05,4.043923923745751,1.233744174009189,True,0.4616780922481356,False
capacity,02,294,4.051437834277749,0.3494489938020706,6.0070306062698364e-05,4.051497904583812,1.23782226187177,True,0.42375058597555304,False
capacity,02,295,4.0740701369941235,0.34717400558292866,8.987262845039368e-05,4.074160009622574,1.2419225310441107,True,0.3929959363676134,False
capacity,02,296,4.298594081774354,0.34951907582581043,9.010545909404755e-05,4.298684187233448,1.2462475050706416,True,0.39077460216252996,False
capacity,02,297,4.039115039631724,0.3416440449655056,8.009374141693115e-05,4.039195133373141,1.2503129690885544,True,0.3892027035706825,False
capacity,02,298,4.0515270084142685,0.33936998806893826,9.988434612751007e-05,4.051626892760396,1.254390514921397,True,0.46472462498605366,False
capacity,02,299,4.065042827278376,0.339629827067256,9.010545909404755e-05,4.06513293273747,1.258481727913022,True,0.4805685056709303,False
capacity,02,300,4.123182967305183,0.3415138926357031,9.010545909404755e-05,4.1232730727642775,1.262631471036002,True,0.46662559679820026,False
capacity,02,301,4.043512046337128,0.3392789512872696,0.00011106021702289581,4.043623106554151,1.266701322980225,True,0.488243181926209,False
capacity,02,302,4.044864792376757,0.34515000879764557,8.102506399154663e-05,4.044945817440748,1.2707723078783602,True,0.4686363872315397,False
capacity,02,303,4.054152872413397,0.3476860001683235,9.010545909404755e-05,4.054242977872491,1.2748527899384499,True,0.44436589478983257,False
capacity,02,304,4.611313110217452,0.34941895864903927,8.987262845039368e-05,4.611402982845902,1.2794905530754477,True,0.48526190387892654,False
capacity,02,305,4.07273811288178,0.34332810901105404,0.00010989606380462646,4.072848008945584,1.2835900210775435,True,0.43350986959590954,False
capacity,02,306,4.057117970660329,0.3383480943739414,0.00010989606380462646,4.0572278667241335,1.2876734589226544,True,0.4484737649091884,False
capacity,02,307,4.040597938001156,0.3440389409661293,0.00010989606380462646,4.0407078340649605,1.291740255896002,True,0.37864756523660403,False
capacity,02,308,4.179599927738309,0.3428270574659109,0.00010011717677116394,4.17970004491508,1.2959467759355903,True,0.3099193221899805,False
capacity,02,309,4.041319014504552,0.3428468480706215,0.00010011717677116394,4.041419131681323,1.3000143740791827,True,0.36786437150799267,False
capacity,02,310,4.039304098114371,0.3344400320202112,0.00010011717677116394,4.0394042152911425,1.3040855880826712,True,0.32061634465206695,False
capacity,02,311,4.039225168526173,0.3376870881766081,7.986091077327728e-05,4.039305029436946,1.3081510730553418,True,0.30492598045089264,False
capacity,02,312,4.096762975677848,0.3370849881321192,9.010545909404755e-05,4.096853081136942,1.3122744660358876,True,0.23708302089552963,False
capacity,02,313,4.048571921885014,0.33914903178811073,9.010545909404755e-05,4.048662027344108,1.3163494379259646,True,0.22575027488901872,False
capacity,02,314,4.041898995637894,0.33907918259501457,9.988434612751007e-05,4.041998879984021,1.3204184079077095,True,0.24275961047434552,False
capacity,02,315,4.069221904501319,0.3399709239602089,6.0070306062698364e-05,4.069281974807382,1.3245141298975796,True,0.2914327539601341,False
capacity,02,316,4.623526008799672,0.3459029830992222,7.986091077327728e-05,4.623605869710445,1.3291640349198133,True,0.33352190759429595,False
capacity,02,317,4.044343950226903,0.3362339921295643,9.103678166866302e-05,4.044434987008572,1.3332345290109515,True,0.3105246638580191,False
capacity,02,318,4.031040007248521,0.3327978774905205,9.010545909404755e-05,4.031130112707615,1.337291788076982,True,0.42433991757572953,False
capacity,02,319,4.34802589006722,0.33615296706557274,7.008202373981476e-05,4.3480959720909595,1.341666413936764,True,0.38262856613388374,False
capacity,02,320,4.098867066204548,0.3389690537005663,8.987262845039368e-05,4.098956938832998,1.3457919619977474,True,0.36212036018334337,False
capacity,02,321,4.050867166370153,0.340011203661561,7.986091077327728e-05,4.050947027280927,1.3498690980486572,True,0.41264111765022277,False
capacity,02,322,4.0411080699414015,0.3422461450099945,0.00010989606380462646,4.041217966005206,1.3539364750031382,True,0.4074110132579206,False
capacity,02,323,4.049845039844513,0.34125405363738537,8.009374141693115e-05,4.04992513358593,1.358012770069763,True,0.385760506890404,False
capacity,02,324,4.086303990334272,0.3375269006937742,9.010545909404755e-05,4.086394095793366,1.3621321460232139,True,0.42055561931438373,False
capacity,02,325,4.045746987685561,0.33167493529617786,0.00010104849934577942,4.045848036184907,1.366203922079876,True,0.3639164877369296,False
capacity,02,326,4.046898102387786,0.32965117134153843,9.080395102500916e-05,4.046988906338811,1.3702772699762136,True,0.503140097023183,False
capacity,02,327,4.040668020024896,0.3294509369879961,8.009374141693115e-05,4.040748113766313,1.3743448690511286,True,0.32360846203980076,False
capacity,02,328,4.496205830946565,0.3315960057079792,9.010545909404755e-05,4.496295936405659,1.3788681149017066,True,0.3263975489034756,False
capacity,02,329,4.060935927554965,0.33854786306619644,9.010545909404755e-05,4.061026033014059,1.382955871988088,True,0.4619680628011293,False
capacity,02,330,4.040966974571347,0.33771595917642117,8.102506399154663e-05,4.041047999635339,1.3870233290363103,True,0.41177085113342043,False
capacity,02,331,4.045295994728804,0.33385888673365116,9.010545909404755e-05,4.045386100187898,1.3911018180660903,True,0.45651975820281393,False
capacity,02,332,4.622875014320016,0.33834786154329777,8.009374141693115e-05,4.622955108061433,1.3957526760641485,True,0.47947582952222545,False
capacity,02,333,4.050895804539323,0.34635281190276146,0.00010011717677116394,4.050995921716094,1.3998306829016656,True,0.4215806768878493,False
capacity,02,334,4.055434837937355,0.34582195803523064,9.010545909404755e-05,4.055524943396449,1.403912948910147,True,0.3590408470705906,False
capacity,02,335,4.069671966135502,0.34743500873446465,9.010545909404755e-05,4.069762071594596,1.4080093610100448,True,0.3337683298662409,False
capacity,02,336,4.588118987157941,0.3489670343697071,0.00010104849934577942,4.588220035657287,1.4126240909099579,True,0.32666737308083665,False
capacity,02,337,4.059422062709928,0.34062215127050877,9.080395102500916e-05,4.059512866660953,1.416710383957252,True,0.2899307260311083,False
capacity,02,338,4.049964947625995,0.34891790710389614,8.009374141693115e-05,4.050045041367412,1.4207921889610589,True,0.3158137888520967,False
capacity,02,339,4.0724570862948895,0.34827692434191704,0.00010011717677116394,4.072557203471661,1.4248911060858518,True,0.27488993706107323,False
capacity,02,340,4.592106910422444,0.3511928953230381,0.00010011717677116394,4.5922070275992155,1.4295098129659891,True,0.29720913690622214,False
capacity,02,341,4.062328953295946,0.3450908698141575,9.010545909404755e-05,4.06241905875504,1.4335993230342865,True,0.27866693234354845,False
capacity,02,342,4.047509981319308,0.34589204005897045,7.986091077327728e-05,4.047589842230082,1.4376740138977766,True,0.2617760325088818,False
capacity,02,343,4.36842511408031,0.3486671485006809,8.102506399154663e-05,4.368506139144301,1.4420693200081587,True,0.2738162400190275,False
capacity,02,344,4.108906025066972,0.34821685403585434,0.00011012889444828033,4.10901615396142,1.4462055270560086,True,0.28196371031035455,False
capacity,02,345,4.058630904182792,0.3460219595581293,9.103678166866302e-05,4.05872194096446,1.4502907989080995,True,0.29457326041162607,False
capacity,02,346,4.041848937049508,0.3408929333090782,0.00010989606380462646,4.041958833113313,1.4543593178968877,True,0.30557540262472016,False
capacity,02,347,4.364609019830823,0.34430017694830894,8.987262845039368e-05,4.364698892459273,1.4587509979028255,True,0.3207467513536449,False
capacity,02,348,4.114676965400577,0.34941895864903927,8.009374141693115e-05,4.1147570591419935,1.4628924150019884,True,0.36573664528846317,False
capacity,02,349,4.0526799857616425,0.34277699887752533,7.008202373981476e-05,4.052750067785382,1.4669715240597725,True,0.3872624725580676,False
capacity,02,350,4.052439937368035,0.3446098417043686,8.009374141693115e-05,4.052520031109452,1.4710508750285953,True,0.3081800554277157,False
capacity,02,351,4.391699098050594,0.3346910234540701,8.987262845039368e-05,4.391788970679045,1.4754690940026194,True,0.3884609113092035,False
capacity,02,352,4.0937368758022785,0.3379469271749258,9.010545909404755e-05,4.093826981261373,1.479589480906725,True,0.33301834903858235,False
capacity,02,353,4.037261009216309,0.3382170107215643,9.988434612751007e-05,4.037360893562436,1.4836534829810262,True,0.3155855804002521,False
capacity,02,354,4.056616919115186,0.33840793184936047,0.00010011717677116394,4.056717036291957,1.487736799987033,True,0.30748953736567874,False
capacity,02,355,4.068048903718591,0.34327711910009384,9.988434612751007e-05,4.068148788064718,1.491831268882379,True,0.3447335087385432,False
capacity,02,356,4.113675095140934,0.3444291651248932,8.987262845039368e-05,4.113764967769384,1.4959720550104976,True,0.3517970271479361,False
capacity,02,357,4.06412105076015,0.3456610720604658,0.00011012889444828033,4.064231179654598,1.5000630670692772,True,0.26887057563255506,False
capacity,02,358,4.036459140479565,0.3389189951121807,8.987262845039368e-05,4.036549013108015,1.5041264570318162,True,0.38769126261698295,False
capacity,02,359,4.034576006233692,0.33943005837500095,8.987262845039368e-05,4.034665878862143,1.508187843952328,True,0.2942022494879028,False
capacity,02,360,4.64298203587532,0.3378968685865402,0.00010011717677116394,4.643082153052092,1.5128573160618544,True,0.28993179743229064,False
capacity,02,361,4.057359183207154,0.3421350847929716,0.00010989606380462646,4.057469079270959,1.516940935049206,True,0.23067818462732617,False
capacity,02,362,4.063921049237251,0.33979001455008984,9.080395102500916e-05,4.064011853188276,1.521031335927546,True,0.20419498408689915,False
capacity,02,363,4.060323815792799,0.3378868568688631,0.00010011717677116394,4.06042393296957,1.52512450190261,True,0.1994134736672969,False
capacity,02,364,4.262886010110378,0.3476850688457489,8.987262845039368e-05,4.262975882738829,1.529418065911159,True,0.24395019297999465,False
capacity,02,365,4.065454006195068,0.337155070155859,8.079223334789276e-05,4.065534798428416,1.5335108218714595,True,0.23448700646550688,False
capacity,02,366,4.056868143379688,0.33906917087733746,9.988434612751007e-05,4.056968027725816,1.5375949810259044,True,0.25262488082301326,False
capacity,02,367,4.052089061588049,0.336294062435627,8.987262845039368e-05,4.052178934216499,1.541673589963466,True,0.23747393322923713,False
capacity,02,368,4.136246861889958,0.3608299884945154,9.010545909404755e-05,4.136336967349052,1.5458378898911178,True,0.23583451955691892,False
capacity,02,369,4.062358057126403,0.34308619797229767,8.987262845039368e-05,4.062447929754853,1.5499275899492204,True,0.2347696784611841,False
capacity,02,370,4.065985092893243,0.34012203104794025,8.987262845039368e-05,4.066074965521693,1.5540203349664807,True,0.22781013654557533,False
capacity,02,371,4.055684898048639,0.33700489439070225,0.00010104849934577942,4.055785946547985,1.5581085819285363,True,0.26456911530475435,False
capacity,02,372,4.672858864068985,0.33829803578555584,0.00010011717677116394,4.672958981245756,1.5628079609014094,True,0.27208457686265364,False
capacity,02,373,4.063470056280494,0.34563103690743446,0.00011106021702289581,4.063581116497517,1.56689867307432,True,0.27486061418989655,False
capacity,02,374,4.0554150473326445,0.3441090229898691,8.987262845039368e-05,4.055504919961095,1.5709810589905828,True,0.260232382625515,False
capacity,02,375,4.061306128278375,0.3447900526225567,8.987262845039368e-05,4.061396000906825,1.5750689150299877,True,0.26533524808818043,False
capacity,02,376,4.175090929493308,0.340241938829422,0.00011012889444828033,4.175201058387756,1.5792704459745437,True,0.294912040515681,False
capacity,02,377,4.045666195452213,0.3401611465960741,9.080395102500916e-05,4.045756999403238,1.5833431130740792,True,0.25752907689000004,False
capacity,02,378,4.041749052703381,0.33888895995914936,9.988434612751007e-05,4.041848937049508,1.5874116229824722,True,0.28985709790801883,False
capacity,02,379,4.048181930556893,0.336294062435627,9.010545909404755e-05,4.048272036015987,1.591486234916374,True,0.28981747697741506,False
capacity,02,380,4.634136101230979,0.33845799043774605,8.987262845039368e-05,4.634225973859429,1.5961469910107553,True,0.31326603111058093,False
capacity,02,381,4.069831920787692,0.3401809372007847,0.00010011717677116394,4.069932037964463,1.6002445449121296,True,0.31329939686395675,False
capacity,02,382,4.05858107842505,0.33886893652379513,0.00010989606380462646,4.058690974488854,1.6043300670571625,True,0.3384891093220512,False
capacity,02,383,4.029004834592342,0.3380868583917618,0.00010011717677116394,4.0291049517691135,1.6083854918833822,True,0.3127449452709019,False
capacity,02,384,4.11896500736475,0.3394000232219696,8.987262845039368e-05,4.1190548799932,1.6125324799213558,True,0.25380678284489994,False
capacity,02,385,4.0611159056425095,0.33944984897971153,9.010545909404755e-05,4.0612060111016035,1.6166203659959137,True,0.2500188439646334,False
capacity,02,386,4.051367053762078,0.33718603663146496,7.986091077327728e-05,4.051446914672852,1.6206985439639539,True,0.23796236645943208,False
capacity,02,387,4.0487428195774555,0.3435679245740175,0.00010011717677116394,4.048842936754227,1.624773816904053,True,0.2277871163731594,False
capacity,02,388,4.606394097208977,0.34440914168953896,8.987262845039368e-05,4.606483969837427,1.62940684100613,True,0.21637485709318555,False
capacity,02,389,4.055124009028077,0.34065195359289646,7.986091077327728e-05,4.05520386993885,1.6334889859426767,True,0.20262801463682906,False
capacity,02,390,4.045165842399001,0.3377769608050585,0.00010011717677116394,4.045265959575772,1.6375606919173151,True,0.20449003336313093,False
capacity,02,391,4.046679008752108,0.337046105414629,9.988434612751007e-05,4.046778893098235,1.641634451923892,True,0.2082101678542847,False
capacity,02,392,4.155933856964111,0.3396398387849331,9.103678166866302e-05,4.15602489374578,1.6458194409497082,True,0.19671969628799785,False
capacity,02,393,4.041979089379311,0.34403917379677296,7.986091077327728e-05,4.042058950290084,1.649889362975955,True,0.1979670368502433,False
capacity,02,394,4.063029075041413,0.35116192884743214,8.102506399154663e-05,4.063110100105405,1.6539795140270144,True,0.17712904913972,False
capacity,02,395,4.066485911607742,0.3420149441808462,9.010545909404755e-05,4.066576017066836,1.6580729309935123,True,0.1615554676674239,False
capacity,02,396,4.553182981908321,0.338137149810791,8.987262845039368e-05,4.553272854536772,1.6626531048677862,True,0.17084160782964186,False
capacity,02,397,4.0551950223743916,0.3384780138731003,8.987262845039368e-05,4.055284895002842,1.6667361829895526,True,0.1667644671587915,False
capacity,03,0,3.8115649949759245,0.3375159576535225,0.00010989606380462646,3.811674891039729,0.0038312419783324003,False,,
capacity,03,1,3.8006450049579144,0.3371660131961107,0.00015995465219020844,3.8008049596101046,0.007654089014977217,False,,
capacity,03,2,4.405065206810832,0.33115409314632416,0.00012991949915885925,4.405195126309991,0.012081616092473269,False,,
capacity,03,3,3.8111850153654814,0.3323869314044714,0.00012014061212539673,3.8113051559776068,0.01591533306054771,False,,
capacity,03,4,3.797258948907256,0.334740849211812,0.00012014061212539673,3.7973790895193815,0.01973453303799033,False,,
capacity,03,5,3.7958158645778894,0.33075385726988316,0.00012014061212539673,3.795936005190015,0.023552289931103587,False,,
capacity,03,6,4.258658038452268,0.3309040330350399,0.00011990778148174286,4.258777946233749,0.02783292904496193,False,,
capacity,03,7,3.8432450965046883,0.33809803426265717,0.00010989606380462646,3.843354992568493,0.031698957085609436,False,,
capacity,03,8,3.792939940467477,0.3304630517959595,0.00011012889444828033,3.793050069361925,0.035513547947630286,False,,
capacity,03,9,3.804882988333702,0.3319159150123596,0.00013015232980251312,3.8050131406635046,0.039340333081781864,False,,
capacity,03,10,4.235493950545788,0.3295009955763817,0.00012014061212539673,4.235614091157913,0.04359771800227463,False,,
capacity,03,11,3.8643248844891787,0.3328279126435518,0.00013015232980251312,3.864455036818981,0.04748470592312515,False,,
capacity,03,12,3.7897739093750715,0.33230590634047985,0.00012014061212539673,3.789894049987197,0.051296541932970285,False,,
capacity,03,13,3.782490035519004,0.3307031001895666,0.00010989606380462646,3.7825999315828085,0.05510072293691337,False,,
capacity,03,14,3.7931911647319794,0.3353320062160492,0.00011990778148174286,3.793311072513461,0.05891560507006943,False,,
capacity,03,15,4.078037803992629,0.3382680006325245,0.00011012889444828033,4.078147932887077,0.06301582488231361,False,,
capacity,03,16,4.005481023341417,0.3388791810721159,0.00012991949915885925,4.005610942840576,0.06704415893182158,False,,
capacity,03,17,4.007133888080716,0.33982982859015465,0.000141095370054245,4.00727498345077,0.07107361499220133,False,,
capacity,03,18,4.3215269688516855,0.33746613189578056,9.988434612751007e-05,4.321626853197813,0.0754174639005214,False,,
capacity,03,19,4.048963077366352,0.3343501593917608,0.00012991949915885925,4.049092996865511,0.07948883902281523,False,,
capacity,03,20,4.004508955404162,0.33199600875377655,0.00013015232980251312,4.004639107733965,0.08351556002162397,False,,
capacity,03,21,4.003938054665923,0.32889004796743393,0.0001310836523771286,4.0040691383183,0.08754165004938841,False,,
capacity,03,22,4.004810005426407,0.32836897298693657,0.00011990778148174286,4.004929913207889,0.09156891191378236,False,,
capacity,03,23,4.059513099491596,0.3261249512434006,0.00011990778148174286,4.059633007273078,0.09565103705972433,False,,
capacity,03,24,4.0120929479599,0.32664486207067966,0.00011106021702289581,4.012204008176923,0.09968557301908731,False,,
capacity,03,25,4.0088079404085875,0.32660597935318947,0.00012014061212539673,4.008928081020713,0.10371681302785873,False,,
capacity,03,26,4.001252120360732,0.3295610658824444,0.00012107193470001221,4.001373192295432,0.10774037707597017,False,,
capacity,03,27,4.611453972756863,0.3329881001263857,0.00013993121683597565,4.611593903973699,0.11237408290617168,False,,
capacity,03,28,4.007625160738826,0.3293410409241915,0.00011990778148174286,4.0077450685203075,0.11640428006649017,False,,
capacity,03,29,4.521324066445231,0.33394014462828636,0.00012991949915885925,4.52145398594439,0.12094827694818377,False,,
capacity,03,30,4.0212098974734545,0.3364440053701401,0.0001511070877313614,4.021361004561186,0.12499238993041217,False,,
capacity,03,31,4.1046179831027985,0.34273602068424225,0.00011990778148174286,4.10473789088428,0.12911970098502934,False,,
capacity,03,32,4.00488986633718,0.3382579889148474,0.00011990778148174286,4.005009774118662,0.13314744387753308,False,,
capacity,03,33,4.0063930209726095,0.3389290068298578,0.00010989606380462646,4.006502917036414,0.13717621890828013,False,,
capacity,03,34,3.98912001401186,0.33317808993160725,0.00012991949915885925,3.9892499335110188,0.14119362202472985,False,,
capacity,03,35,4.61910804733634,0.34850696101784706,0.00011012889444828033,4.619218176230788,0.14583510207012296,True,0.0,False
capacity,03,36,4.045275039970875,0.3401110880076885,0.00010104849934577942,4.045376088470221,0.14990813005715609,True,0.0,False
capacity,03,37,4.056086065247655,0.3394798841327429,0.00011012889444828033,4.056196194142103,0.15399087709374726,True,0.0,False
capacity,03,38,4.139693919569254,0.3435469698160887,9.010545909404755e-05,4.139784025028348,0.15815761196427047,True,0.0,False
capacity,03,39,4.291801014915109,0.4271350335329771,0.00010989606380462646,4.291910910978913,0.16248985892161727,True,0.0,False
capacity,03,40,4.0648330468684435,0.33759698271751404,8.987262845039368e-05,4.064922919496894,0.16658195294439793,True,0.0,False
capacity,03,41,4.047360038384795,0.33628405071794987,9.988434612751007e-05,4.047459922730923,0.1706566649954766,True,0.0,False
capacity,03,42,4.585284972563386,0.3353829961270094,8.009374141693115e-05,4.585365066304803,0.1752688700798899,True,0.0,False
capacity,03,43,4.085601074621081,0.33713504672050476,8.102506399154663e-05,4.085682099685073,0.17938209301792085,True,0.0,False
capacity,03,44,4.067898960784078,0.33775693736970425,9.010545909404755e-05,4.067989066243172,0.18347803503274918,True,0.0,False
capacity,03,45,4.052348900586367,0.33481093123555183,0.00010989606380462646,4.052458796650171,0.1875574248842895,True,0.0,False
capacity,03,46,4.319693893194199,0.3374058287590742,8.009374141693115e-05,4.3197739869356155,0.19190529198385775,True,0.0,False
capacity,03,47,4.175530979409814,0.38599688559770584,0.0001511070877313614,4.175682086497545,0.19611426605843008,True,0.0,False
capacity,03,48,4.0695820935070515,0.34220493398606777,0.00010104849934577942,4.069683142006397,0.20021158107556403,True,0.0,False
capacity,03,49,4.066294990479946,0.33366912975907326,9.988434612751007e-05,4.066394874826074,0.20430611888878047,True,0.0,False
capacity,03,50,4.8309077974408865,0.33236690796911716,8.009374141693115e-05,4.830987891182303,0.2091651998925954,True,0.0,False
capacity,03,51,4.059031140059233,0.3339890390634537,9.080395102500916e-05,4.059121944010258,0.21325869602151215,True,0.0,False
capacity,03,52,4.0664460975676775,0.33408007584512234,8.009374141693115e-05,4.066526191309094,0.21735421707853675,True,0.0003742060860788497,False
capacity,03,53,4.056727979332209,0.33171498216688633,0.00010011717677116394,4.05682809650898,0.22143801604397595,True,0.0,False
capacity,03,54,4.7863631043583155,0.3312251064926386,9.988434612751007e-05,4.786462988704443,0.22625178005546331,True,0.0,False
capacity,03,55,4.066535970196128,0.33211614936590195,0.000200001522898674,4.066735971719027,0.23034638888202608,True,0.0,False
capacity,03,56,4.046497866511345,0.3314749337732792,7.008202373981476e-05,4.046567948535085,0.23441968788392842,True,0.0,False
capacity,03,57,4.036328988149762,0.33086398616433144,7.986091077327728e-05,4.036408849060535,0.2384840298909694,True,0.0,False
capacity,03,58,4.51439106836915,0.3263261169195175,8.009374141693115e-05,4.514471162110567,0.2430251210462302,True,0.0,False
capacity,03,59,4.040597006678581,0.3360239788889885,7.986091077327728e-05,4.0406768675893545,0.2470935599412769,True,0.0005479451761259951,False
capacity,03,60,4.071485949680209,0.3346209414303303,9.010545909404755e-05,4.071576055139303,0.2511927280575037,True,0.004959160576146427,False
capacity,03,61,4.0678889490664005,0.3296209033578634,8.009374141693115e-05,4.0679690428078175,0.2552883189637214,True,0.009524028457219719,False
capacity,03,62,4.629536997526884,0.3301221877336502,5.9837475419044495e-05,4.629596835002303,0.259945988887921,True,0.0,False
capacity,03,63,4.0846101474016905,0.3358831163495779,7.986091077327728e-05,4.084690008312464,0.26405819109641016,True,0.0,False
capacity,03,64,4.066224908456206,0.3360740374773741,0.00010011717677116394,4.0663250256329775,0.2681523789651692,True,0.0,False
capacity,03,65,4.063821164891124,0.33249612897634506,0.00011082738637924194,4.063931992277503,0.27225024509243667,True,0.0,False
capacity,03,66,4.731560125946999,0.33554318360984325,0.00010989606380462646,4.731670022010803,0.27700977702625096,True,0.0,False
capacity,03,67,4.079520935192704,0.33992109820246696,0.00010989606380462646,4.079630831256509,0.2811203058809042,True,0.0,False
capacity,03,68,4.080231999978423,0.33979094587266445,0.00010011717677116394,4.080332117155194,0.28522982308641076,True,0.005331878765262747,False
capacity,03,69,4.056297009810805,0.32982206903398037,8.009374141693115e-05,4.056377103552222,0.2893147140275687,True,0.0,False
capacity,03,70,4.628485068678856,0.33524190075695515,9.010545909404755e-05,4.62857517413795,0.29397118207998574,True,0.049530417488995775,False
capacity,03,71,4.091823939234018,0.33705495297908783,0.00014994293451309204,4.091973882168531,0.29809268191456795,True,0.004792607074705369,False
capacity,03,72,4.072848008945584,0.33815810456871986,7.008202373981476e-05,4.072918090969324,0.30219379300251603,True,0.05779949181452176,False
capacity,03,73,4.051497904583812,0.3302518744021654,0.00011012889444828033,4.05160803347826,0.3062728429213166,True,0.006080290937420463,False
capacity,03,74,4.649564856663346,0.33159484155476093,6.0070306062698364e-05,4.649624926969409,0.3109502799343318,True,0.018879951746610977,False
capacity,03,75,4.04775096103549,0.33622398041188717,8.009374141693115e-05,4.047831054776907,0.3150266050361097,True,0.05021886927732391,False
capacity,03,76,4.037181148305535,0.33605401404201984,0.00010989606380462646,4.03729104436934,0.31909143808297813,True,0.046519244465946956,False
capacity,03,77,4.041919019073248,0.336263095960021,0.00010081566870212555,4.04201983474195,0.32316029793582857,True,0.0,False
capacity,03,78,4.35973796993494,0.33167493529617786,9.010545909404755e-05,4.359828075394034,0.32755266805179417,True,0.0,False
capacity,03,79,4.105909960344434,0.33537205308675766,9.988434612751007e-05,4.106009844690561,0.3316869419068098,True,0.0,False
capacity,03,80,4.072285955771804,0.33366912975907326,9.988434612751007e-05,4.072385840117931,0.33578754193149507,True,0.0,False
capacity,03,81,4.035437945276499,0.33227703534066677,8.009374141693115e-05,4.035518039017916,0.3398494399152696,True,0.002756329123105681,False
capacity,03,82,4.673440009355545,0.34406804479658604,9.103678166866302e-05,4.673531046137214,0.34455027198418975,True,0.018674538187478783,False
capacity,03,83,4.054201999679208,0.3326169680804014,9.103678166866302e-05,4.0542930364608765,0.3486314450856298,True,0.04775479696120854,False
capacity,03,84,4.05132700689137,0.33235596492886543,7.986091077327728e-05,4.051406867802143,0.3527095529716462,True,0.05003723090174519,False
capacity,03,85,4.040226107463241,0.3304120618849993,8.102506399154663e-05,4.040307132527232,0.3567764600738883,True,0.05231966484228182,False
capacity,03,86,4.6191278379410505,0.33097388222813606,0.00011012889444828033,4.619237966835499,0.36142175691202283,True,0.05460209878281849,False
capacity,03,87,4.042350919917226,0.3301529213786125,9.010545909404755e-05,4.04244102537632,0.3654913189820945,True,0.03519463635068532,False
capacity,03,88,4.033444216474891,0.3296120557934046,8.987262845039368e-05,4.033534089103341,0.36955150309950113,True,0.04103193731207359,False
capacity,03,89,4.044394940137863,0.32954104244709015,9.010545909404755e-05,4.044485045596957,0.3736224779859185,True,0.12417295567273286,False
capacity,03,90,4.582698922604322,0.32953103072941303,9.988434612751007e-05,4.58279880695045,0.37823244789615273,True,0.22179505863981847,False
capacity,03,91,4.0419690776616335,0.32921996898949146,8.987262845039368e-05,4.042058950290084,0.38230132800526917,True,0.27360288153269124,False
capacity,03,92,4.052209202200174,0.3282490652054548,8.987262845039368e-05,4.052299074828625,0.3863800670951605,True,0.15626680530642667,False
capacity,03,93,4.048312082886696,0.33354898914694786,0.0002200249582529068,4.048532107844949,0.39045850606635213,True,0.2680891915941932,False
capacity,03,94,4.6451271045953035,0.3302730619907379,8.987262845039368e-05,4.645216977223754,0.3951301830820739,True,0.1432191704496259,False
capacity,03,95,4.063240019604564,0.3390698693692684,0.00011012889444828033,4.063350148499012,0.3992202531080693,True,0.09123100680349346,False
capacity,03,96,4.02987701818347,0.33262697979807854,7.986091077327728e-05,4.029956879094243,0.4032763799186796,True,0.13207691947759995,False
capacity,03,97,4.052147967740893,0.3313538618385792,8.102506399154663e-05,4.052228992804885,0.40735491807572544,True,0.08303356963006893,False
capacity,03,98,4.677168093621731,0.334541080519557,0.00010011717677116394,4.677268210798502,0.41205975809134543,True,0.09560672148112852,False
capacity,03,99,4.044774919748306,0.3377969842404127,9.010545909404755e-05,4.0448650252074,0.41613136301748455,True,0.1160684566136451,False
capacity,03,100,4.063569940626621,0.3374658990651369,0.00010104849934577942,4.063670989125967,0.4202221450395882,True,0.12093211326698958,False
capacity,03,101,4.030277952551842,0.3281680401414633,9.010545909404755e-05,4.030368058010936,0.42427929397672415,True,0.09378090165038684,False
capacity,03,102,4.59095393307507,0.33617299050092697,9.010545909404755e-05,4.591044038534164,0.42889687791466713,True,0.12484137769904761,False
capacity,03,103,4.0443039033561945,0.3360828850418329,0.00010104849934577942,4.04440495185554,0.43297253199853003,True,0.15275764611392603,False
capacity,03,104,4.039173945784569,0.3352218773216009,0.00010104849934577942,4.039274994283915,0.4370381960179657,True,0.17874657819657938,False
capacity,03,105,4.040898056700826,0.33331895247101784,7.008202373981476e-05,4.0409681387245655,0.44110571406781673,True,0.05581727616192327,False
capacity,03,106,4.16685501113534,0.33601303584873676,9.988434612751007e-05,4.166954895481467,0.44529908895492554,True,0.08376229749494082,False
capacity,03,107,4.038293147459626,0.3280190285295248,9.988434612751007e-05,4.038393031805754,0.4493639620486647,True,0.10975724521083098,False
capacity,03,108,4.049524199217558,0.32827816903591156,9.080395102500916e-05,4.049615003168583,0.4534397660754621,True,0.15424442427710286,False
capacity,03,109,4.032572032883763,0.3278180956840515,5.9837475419044495e-05,4.032631870359182,0.4574988279491663,True,0.1317075769346213,False
capacity,03,110,4.625078989192843,0.32494310289621353,9.988434612751007e-05,4.625178873538971,0.462150095961988,True,0.2168156308432738,False
capacity,03,111,4.049843875691295,0.3317650407552719,0.00010011717677116394,4.049943992868066,0.46622641989961267,True,0.3098336100953909,False
capacity,03,112,4.0341150015592575,0.3265049308538437,0.00010011717677116394,4.034215118736029,0.4702867050655186,True,0.2987981013883316,False
capacity,03,113,4.04730997979641,0.3277980722486973,7.986091077327728e-05,4.047389840707183,0.47436055494472384,True,0.32539487045408977,False
capacity,03,114,4.485376179218292,0.3337990492582321,9.988434612751007e-05,4.48547606356442,0.47887473506852984,True,0.3072690583080783,False
capacity,03,115,4.0438740979880095,0.33757719211280346,8.987262845039368e-05,4.04396397061646,0.4829450179822743,True,0.2801274817410854,False
capacity,03,116,4.0501749608665705,0.3356619272381067,9.103678166866302e-05,4.050265997648239,0.48702167300507426,True,0.30653109247939353,False
capacity,03,117,4.036668920889497,0.33774692565202713,7.008202373981476e-05,4.036739002913237,0.4910848520230502,True,0.30786820115499036,False
capacity,03,118,4.611985059455037,0.33813808113336563,9.988434612751007e-05,4.612084943801165,0.49572385801002383,True,0.2383405397690076,False
capacity,03,119,4.040776984766126,0.33080391585826874,0.00011012889444828033,4.040887113660574,0.499791095033288,True,0.2930933604817908,False
capacity,03,120,4.034907091408968,0.3284590784460306,9.988434612751007e-05,4.0350069757550955,0.5038525320123881,True,0.2858340786800366,False
capacity,03,121,4.045567009598017,0.33262697979807854,7.986091077327728e-05,4.04564687050879,0.5079244179651141,True,0.20587134320362252,False
capacity,03,122,4.119535908102989,0.3349608741700649,7.101334631443024e-05,4.119606921449304,0.512070283992216,True,0.2271449181059569,False
capacity,03,123,4.035477060824633,0.33269706182181835,9.988434612751007e-05,4.03557694517076,0.5161319200415164,True,0.20903991819910686,False
capacity,03,124,4.0544141083955765,0.3346509765833616,8.987262845039368e-05,4.054503981024027,0.5202124230563641,True,0.15671913264106715,False
capacity,03,125,4.025499103590846,0.33177598379552364,9.988434612751007e-05,4.025598987936974,0.5242641910444945,True,0.1954675031126309,False
capacity,03,126,4.565957933664322,0.32948097214102745,6.984919309616089e-05,4.566027782857418,0.5288568988908082,True,0.2247241786709325,False
capacity,03,127,4.071344854310155,0.34305592998862267,9.103678166866302e-05,4.071435891091824,0.5329550649039447,True,0.3203742079848515,False
capacity,03,128,4.0517388842999935,0.3366549499332905,8.009374141693115e-05,4.0518189780414104,0.53703374392353,True,0.21788136890510768,False
capacity,03,129,4.067005822435021,0.335172051563859,9.010545909404755e-05,4.0670959278941154,0.5411272898782045,True,0.3316544553334263,False
capacity,03,130,4.48482483625412,0.33790688030421734,0.00010011717677116394,4.484924953430891,0.5456389759201556,True,0.2631485067691847,False
capacity,03,131,4.047380061820149,0.3311240579932928,6.100162863731384e-05,4.047441063448787,0.5497128460556269,True,0.16668909554390846,False
capacity,03,132,4.039244959130883,0.33059390261769295,8.009374141693115e-05,4.0393250528723,0.5537784700281918,True,0.14619047200326546,False
capacity,03,133,4.040025873109698,0.3320048563182354,7.101334631443024e-05,4.040096886456013,0.5578447259031236,True,0.14813713142297452,False
capacity,03,134,4.628635942935944,0.3384789451956749,8.987262845039368e-05,4.628725815564394,0.5624997708946466,True,0.1366360223735199,False
capacity,03,135,4.049493931233883,0.3339799586683512,8.009374141693115e-05,4.0495740249753,0.56657580495812,True,0.1424853371286649,False
capacity,03,136,4.061135929077864,0.33269706182181835,9.010545909404755e-05,4.061226034536958,0.5706629599444568,True,0.1371885592689989,False
capacity,03,137,4.04941407032311,0.33279694616794586,0.00010104849934577942,4.049515118822455,0.5747387940064073,True,0.13313001506152825,False
capacity,03,138,4.2610932141542435,0.33253710716962814,8.987262845039368e-05,4.261183086782694,0.5790263460949063,True,0.10555597506013756,False
capacity,03,139,4.075363045558333,0.35742390900850296,8.987262845039368e-05,4.075452918186784,0.5831280290149152,True,0.10656622984645589,False
capacity,03,140,4.049263894557953,0.3383380826562643,9.010545909404755e-05,4.049354000017047,0.5872036418877542,True,0.10700466251601258,False
capacity,03,141,4.034406039863825,0.33209705725312233,8.987262845039368e-05,4.034495912492275,0.5912639959715307,True,0.13063525740838142,False
capacity,03,142,4.179078154265881,0.33836811780929565,0.00010989606380462646,4.179188050329685,0.5954694740939885,True,0.12907920024830183,False
capacity,03,143,4.0403869934380054,0.33113383688032627,0.00011012889444828033,4.040497122332454,0.5995364510454237,True,0.1659103547883709,False
capacity,03,144,4.052589880302548,0.33236690796911716,0.00012014061212539673,4.052710020914674,0.6036156609188765,True,0.17258955402417214,False
capacity,03,145,4.03191102668643,0.3294120542705059,9.010545909404755e-05,4.032001132145524,0.6076738510746509,True,0.15679543049232408,False
capacity,03,146,4.635940073058009,0.3312251064926386,8.987262845039368e-05,4.6360299456864595,0.6123363210354,True,0.15874109503950667,False
capacity,03,147,4.0386628825217485,0.33033196814358234,0.00010104849934577942,4.038763931021094,0.6164014139212668,True,0.1253432243253802,False
capacity,03,148,4.057368962094188,0.33018202520906925,9.010545909404755e-05,4.057459067553282,0.6204851130023599,True,0.06694788039614936,False
capacity,03,149,4.038803977891803,0.3294919151812792,0.00010011717677116394,4.038904095068574,0.624549845000729,True,0.0223027461841339,False
capacity,03,150,4.3200538493692875,0.33018202520906925,0.00010011717677116394,4.320153966546059,0.6288961889222264,True,0.0,False
capacity,03,151,4.067908972501755,0.3428368363529444,9.010545909404755e-05,4.067999077960849,0.6329903870355338,True,0.026611156453064246,False
capacity,03,152,4.032651893794537,0.3319559618830681,0.00011012889444828033,4.032762022688985,0.6370495189912617,True,0.024574417471018864,False
capacity,03,153,4.039354855194688,0.3346409648656845,8.009374141693115e-05,4.039434948936105,0.6411150728818029,True,0.08920004589066012,False
capacity,03,154,4.648342961445451,0.3381569404155016,7.986091077327728e-05,4.648422822356224,0.6457901569083333,True,0.06969320770685197,False
capacity,03,155,4.057899815961719,0.3282278776168823,0.00012107193470001221,4.058020887896419,0.6498746268916875,True,0.044466847368277274,False
capacity,03,156,4.043071996420622,0.33242697827517986,9.010545909404755e-05,4.043162101879716,0.6539446790702641,True,0.039671254935403084,False
capacity,03,157,4.035326885059476,0.33438089303672314,0.00010011717677116394,4.035427002236247,0.6580091409850866,True,0.04549378392039948,False
capacity,03,158,4.207270918413997,0.33972994424402714,9.010545909404755e-05,4.207361023873091,0.6622431329451501,True,0.04230582896167037,False
capacity,03,159,4.018775885924697,0.3252329770475626,0.00011012889444828033,4.018886014819145,0.6662884489633143,True,0.012229769083599044,False
capacity,03,160,4.05851099640131,0.3274769987910986,7.008202373981476e-05,4.05858107842505,0.6703732900787145,True,0.014536753324017606,False
capacity,03,161,4.043202148750424,0.3266250714659691,9.080395102500916e-05,4.043292952701449,0.6744429520331323,True,0.01743889634945224,False
capacity,03,162,4.632713971659541,0.3303128760308027,8.009374141693115e-05,4.632794065400958,0.679101875051856,True,0.025996196358265333,False
capacity,03,163,4.035047022625804,0.3290099557489157,0.00010011717677116394,4.035147139802575,0.683163101086393,True,0.02454111368960144,False
capacity,03,164,4.046698799356818,0.3249628935009241,9.010545909404755e-05,4.046788904815912,0.6872424508910626,True,0.07758324062276255,False
capacity,03,165,4.016340943053365,0.3238900098949671,0.00010104849934577942,4.0164419915527105,0.6912852919194847,True,0.07758066851652072,False
capacity,03,166,4.577307961881161,0.3250320442020893,0.00010104849934577942,4.5774090103805065,0.6958893209230155,True,0.007241594516683075,False
capacity,03,167,4.031711025163531,0.3310739994049072,7.008202373981476e-05,4.031781107187271,0.6999473320320249,True,0.032837105956327835,False
capacity,03,168,4.065654007717967,0.33324817195534706,0.00010081566870212555,4.065754823386669,0.704039515927434,True,0.06505547979346171,False
capacity,03,169,4.037931794300675,0.3306828439235687,0.00011012889444828033,4.038041923195124,0.7081044688820839,True,0.10235944963253886,False
capacity,03,170,4.111420828849077,0.33340882509946823,9.010545909404755e-05,4.111510934308171,0.7122429609298706,True,0.09448931919013366,False
capacity,03,171,4.040136002004147,0.32699713483452797,9.988434612751007e-05,4.040235886350274,0.7163099069148302,True,0.11558995324764926,False
capacity,03,172,4.045386100187898,0.3266860730946064,0.00010989606380462646,4.045495996251702,0.7203820541035384,True,0.17533137166344495,False
capacity,03,173,4.049564944580197,0.32828887924551964,9.010545909404755e-05,4.049655050039291,0.7244577079545707,True,0.14506018510408414,False
capacity,03,174,4.595674108713865,0.3273971378803253,8.987262845039368e-05,4.595763981342316,0.7290797310415655,True,0.1185685250632917,False
capacity,03,175,4.052700009196997,0.3360239788889885,0.00015995465219020844,4.052859963849187,0.7331629779655486,True,0.06235470699867645,False
capacity,03,176,4.048571223393083,0.32832822762429714,0.00011082738637924194,4.048682050779462,0.7372439811006188,True,0.10041546871578572,False
capacity,03,177,4.032691940665245,0.32760784961283207,7.008202373981476e-05,4.032762022688985,0.7413028629962355,True,0.07795645101633768,False
capacity,03,178,4.089548951014876,0.33870781771838665,8.102506399154663e-05,4.089629976078868,0.7454191530123353,True,0.07466801467302286,False
capacity,03,179,4.028714029118419,0.328949885442853,9.103678166866302e-05,4.028805065900087,0.7494740870315582,True,0.07286874944454545,False
capacity,03,180,4.040516912937164,0.32818783074617386,9.010545909404755e-05,4.040607018396258,0.7535408439580351,True,0.05060556857550333,False
capacity,03,181,4.0457360446453094,0.3295810893177986,9.103678166866302e-05,4.045827081426978,0.7576129999943078,True,0.05491869663300376,False
capacity,03,182,4.619648912921548,0.3314248751848936,0.00010011717677116394,4.619749030098319,0.7622590989340097,True,0.05654778304394014,False
capacity,03,183,4.055134020745754,0.32964092679321766,0.00010104849934577942,4.0552350692451,0.7663405530620366,True,0.047139677117387785,False
capacity,03,184,4.034294979646802,0.3295009955763817,9.988434612751007e-05,4.0343948639929295,0.7704011478926986,True,0.057184445104789684,False
capacity,03,185,4.052249016240239,0.3319059032946825,9.010545909404755e-05,4.052339121699333,0.7744794860482216,True,0.0810701857952848,False
capacity,03,186,4.639165010303259,0.32867887057363987,0.00010104849934577942,4.639266058802605,0.7791453320533037,True,0.0830828121757761,False
capacity,03,187,4.045004956424236,0.33746613189578056,0.00010104849934577942,4.045106004923582,0.7832169278990477,True,0.10719216959876285,False
capacity,03,188,4.035997902974486,0.32942090183496475,9.010545909404755e-05,4.03608800843358,0.7872794959694147,True,0.0914885651995313,False
capacity,03,189,4.055985948070884,0.3304330166429281,0.00011990778148174286,4.0561058558523655,0.7913619119208306,True,0.0978147733169531,False
capacity,03,190,4.099508980289102,0.34023215994238853,8.987262845039368e-05,4.099598852917552,0.7954878509044647,True,0.07278321162879123,False
capacity,03,191,4.047208931297064,0.32670493237674236,9.103678166866302e-05,4.0472999680787325,0.7995611089281738,True,0.08871213488748794,False
capacity,03,192,4.042181186378002,0.3282290417701006,9.988434612751007e-05,4.04228107072413,0.803629910107702,True,0.08785372891846474,False
capacity,03,193,4.037630977109075,0.328228110447526,8.102506399154663e-05,4.037712002173066,0.8076935699209571,True,0.09316236031680195,False
capacity,03,194,4.780001938343048,0.3487379290163517,9.010545909404755e-05,4.780092043802142,0.8125002519227564,True,0.1433775391238902,False
capacity,03,195,4.041729960590601,0.3280790988355875,7.986091077327728e-05,4.041809821501374,0.8165694829076529,True,0.14594980975454216,False
capacity,03,196,4.064572975039482,0.32625487074255943,9.010545909404755e-05,4.064663080498576,0.8206615070812404,True,0.2053386712780733,False
capacity,03,197,4.100348800420761,0.3260339144617319,8.009374141693115e-05,4.100428894162178,0.8247882858850062,True,0.3109816122812832,False
capacity,03,198,4.304765956476331,0.41958107613027096,0.00010989606380462646,4.304875852540135,0.8291248818859458,True,0.24721261894545107,False
capacity,03,199,4.097334109246731,0.3470941446721554,9.988434612751007e-05,4.097433993592858,0.8332497880328447,True,0.17302615263197135,False
capacity,03,200,4.130396991968155,0.32883998937904835,0.00011012889444828033,4.130507120862603,0.8374081470537931,True,0.11939621086355141,False
capacity,03,201,4.08319802954793,0.32699713483452797,8.987262845039368e-05,4.08328790217638,0.8415212109684944,True,0.1577671221345888,False
capacity,03,202,4.858289146795869,0.39928313344717026,0.00010989606380462646,4.8583990428596735,0.8464136640541255,True,0.14019704214714984,False
capacity,03,203,4.247887991368771,0.3579449839890003,0.00010989606380462646,4.247997887432575,0.8506977099459618,True,0.11474320047297831,False
capacity,03,204,4.092584829777479,0.3283389378339052,9.010545909404755e-05,4.092674935236573,0.8548244088888168,True,0.14582729837856317,False
capacity,03,205,4.657770972698927,0.33515202812850475,9.988434612751007e-05,4.657870857045054,0.8595133589114994,True,0.09291812887545026,False
capacity,03,206,4.148902138695121,0.3329780884087086,0.00013993121683597565,4.149042069911957,0.8636971360538155,True,0.13279814370425852,False
capacity,03,207,4.080371931195259,0.33140392042696476,9.010545909404755e-05,4.080462036654353,0.8678092479240149,True,0.09850707587267045,False
capacity,03,208,4.08040196634829,0.328178983181715,8.009374141693115e-05,4.080482060089707,0.8719194859731942,True,0.1504496743464627,False
capacity,03,209,4.5783009845763445,0.3393290098756552,0.00010104849934577942,4.57840203307569,0.8765256300102919,True,0.10104119127256439,False
capacity,03,210,4.076104145497084,0.3326770383864641,8.987262845039368e-05,4.076194018125534,0.8806333830580115,True,0.0581610131849155,False
capacity,03,211,4.07390994951129,0.3247018903493881,0.00010011717677116394,4.074010066688061,0.8847359870560467,True,0.07930863583714357,False
capacity,03,212,4.059493076056242,0.3252429887652397,6.984919309616089e-05,4.059562925249338,0.888823573011905,True,0.13741730342143474,False
capacity,03,213,4.6034581027925014,0.33466098830103874,0.00010989606380462646,4.603567998856306,0.8934549640398473,True,0.1907210428174233,False
capacity,03,214,4.060153849422932,0.32860878854990005,0.00010011717677116394,4.060253966599703,0.8975451949518174,True,0.09758566860718085,False
capacity,03,215,4.059443017467856,0.32756803557276726,0.00010989606380462646,4.059552913531661,0.9016337019857019,True,0.2582788566009643,False
capacity,03,216,4.061184823513031,0.32457197085022926,0.00010104849934577942,4.061285872012377,0.905722098890692,True,0.22294802509653192,False
capacity,03,217,4.670914961025119,0.3257130738347769,9.103678166866302e-05,4.6710059978067875,0.9104195849504322,True,0.16045878072081224,False
capacity,03,218,4.282353213056922,0.36439718678593636,0.00013993121683597565,4.282493144273758,0.9147419231012464,True,0.1758347652036171,False
capacity,03,219,4.1281720623373985,0.34390809014439583,9.010545909404755e-05,4.128262167796493,0.9189096400514245,True,0.23347875078938354,False
capacity,03,220,4.123362945392728,0.3495889250189066,9.010545909404755e-05,4.123453050851822,0.9230701529886574,True,0.2033696990618513,False
capacity,03,221,4.685763036832213,0.3390689380466938,0.00011012889444828033,4.685873165726662,0.9277911430690438,True,0.1368718836909529,False
capacity,03,222,4.127511056140065,0.334681011736393,9.988434612751007e-05,4.127610940486193,0.9319541410077363,True,0.6643696975757427,False
capacity,03,223,4.081504186615348,0.33463118597865105,9.988434612751007e-05,4.081604070961475,0.9360678060911596,True,0.6804887990544242,False
capacity,03,224,4.092543851584196,0.33300695940852165,9.010545909404755e-05,4.09263395704329,0.9401919399388134,True,0.6391465842771429,True
capacity,03,225,4.658812191337347,0.333158066496253,9.988434612751007e-05,4.6589120756834745,0.9448816610965878,True,0.5966367123503343,False
capacity,03,226,4.071886884048581,0.33440091647207737,9.010545909404755e-05,4.071976989507675,0.9489843959454447,True,0.17171122866163593,False
capacity,03,227,4.065795103088021,0.33605401404201984,9.010545909404755e-05,4.065885208547115,0.9530797461047769,True,0.318093442679825,False
capacity,03,228,4.05352097004652,0.33264700323343277,0.00010104849934577942,4.053622018545866,0.9571621320210397,True,0.30497118503742415,False
capacity,03,229,4.627984948456287,0.328809954226017,8.009374141693115e-05,4.628065042197704,0.9618252329528332,True,0.3507887699975857,False
capacity,03,230,4.053251119330525,0.33558299764990807,0.00010989606380462646,4.05336101539433,0.9659071580972522,True,0.66764154696702,False
capacity,03,231,4.053732147440314,0.3397599793970585,8.987262845039368e-05,4.053822020068765,0.9699889430776238,True,0.384932235254522,False
capacity,03,232,4.049082985147834,0.3361839335411787,8.987262845039368e-05,4.049172857776284,0.9740654069464654,True,0.33293692464982017,False
capacity,03,233,4.639306105673313,0.3385890740901232,6.984919309616089e-05,4.639375954866409,0.9787322450429201,True,0.32370998437158083,False
capacity,03,234,4.046568879857659,0.33225584775209427,0.00010011717677116394,4.0466689970344305,0.9828064059838653,True,0.28748937920549716,False
capacity,03,235,4.064371809363365,0.33453083597123623,0.00010011717677116394,4.064471926540136,0.9868981388863176,True,0.2863151223044035,False
capacity,03,236,4.050686024129391,0.3417141269892454,9.988434612751007e-05,4.050785908475518,0.9909764169715345,True,0.26914323605757134,False
capacity,03,237,4.665064159780741,0.35465811379253864,9.080395102500916e-05,4.665154963731766,0.9956685530487448,True,0.2646445894541506,False
capacity,03,238,4.052771022543311,0.33585401251912117,7.986091077327728e-05,4.052850883454084,0.9997486849315464,True,0.26741113994134363,False
capacity,03,239,4.04435396194458,0.33536204136908054,9.988434612751007e-05,4.044453846290708,1.0038203299045563,True,0.26497179724938136,False
capacity,03,240,4.06047492288053,0.3333089407533407,9.988434612751007e-05,4.060574807226658,1.0079074949026108,True,0.2645303509489563,False
capacity,03,241,4.217982059344649,0.34401891753077507,9.010545909404755e-05,4.218072164803743,1.0121526480652392,True,0.219836271267917,False
capacity,03,242,4.065433982759714,0.3403308801352978,0.00010011717677116394,4.065534099936485,1.0162456140387803,True,0.2470539500491679,False
capacity,03,243,4.068650072440505,0.3474049735814333,0.00010011717677116394,4.068750189617276,1.020341525087133,True,0.23335161175973632,False
capacity,03,244,4.045045003294945,0.33376901410520077,9.010545909404755e-05,4.045135108754039,1.0244134210515767,True,0.20413894433270025,False
capacity,03,245,4.658692982047796,0.3379171248525381,9.988434612751007e-05,4.658792866393924,1.0290991149377078,True,0.1784490383915111,False
capacity,03,246,4.062348045408726,0.3496590070426464,9.988434612751007e-05,4.062447929754853,1.0331887339707464,True,0.13398566688059288,False
capacity,03,247,4.047169117256999,0.3345401491969824,9.080395102500916e-05,4.047259921208024,1.0372631649952382,True,0.11032285911380817,False
capacity,03,248,4.059622995555401,0.33299694769084454,0.00011082738637924194,4.05973382294178,1.041349418926984,True,0.1367505990899619,False
capacity,03,249,4.493541084229946,0.33369893208146095,9.988434612751007e-05,4.493640968576074,1.0458700810559094,True,0.11907789462616877,False
capacity,03,250,4.069651011377573,0.3426959738135338,8.102506399154663e-05,4.069732036441565,1.0499667529948056,True,0.1390595036162975,False
capacity,03,251,4.056978039443493,0.34093204885721207,0.00012107193470001221,4.057099111378193,1.054050381993875,True,0.10187471712617266,False
capacity,03,252,4.433097084984183,0.33845799043774605,9.988434612751007e-05,4.433196969330311,1.058510018978268,True,0.0839978526977503,False
capacity,03,253,4.1091470047831535,0.3340998664498329,9.010545909404755e-05,4.109237110242248,1.0626458660699427,True,0.10483270273338242,False
capacity,03,254,4.055525874719024,0.3326579462736845,8.009374141693115e-05,4.055605968460441,1.0667283618822694,True,0.16483713818122012,False
capacity,03,255,4.0474699344486,0.33600302413105965,0.00010989606380462646,4.047579830512404,1.0708034639246762,True,0.15728169357180796,False
capacity,03,256,4.058921942487359,0.3367250319570303,0.00010989606380462646,4.059031838551164,1.074890147894621,True,0.0984072802567463,False
capacity,03,257,4.665645072236657,0.3518229350447655,8.102506399154663e-05,4.665726097300649,1.079584808088839,True,0.10161184119321277,False
capacity,03,258,4.078228026628494,0.3405921161174774,0.00010104849934577942,4.07832907512784,1.083692922955379,True,0.13052934174863862,False
capacity,03,259,4.0664460975676775,0.3374761436134577,0.00010989606380462646,4.066555993631482,1.0877884230576456,True,0.10636763798443817,False
capacity,03,260,4.077285993844271,0.33754599280655384,0.00010989606380462646,4.077395889908075,1.0918945639859885,True,0.12856263182108807,False
capacity,03,261,4.1904600802809,0.34482008777558804,9.010545909404755e-05,4.190550185739994,1.0961146100889891,True,0.1495525289135402,False
capacity,03,262,4.079991020262241,0.34060212783515453,7.008202373981476e-05,4.080061102285981,1.1002230839803815,True,0.1629482578967031,False
capacity,03,263,4.05329093337059,0.33269706182181835,7.986091077327728e-05,4.0533707942813635,1.1043046189006418,True,0.20614539341074653,False
capacity,03,264,4.378624027594924,0.3330279141664505,7.008202373981476e-05,4.378694109618664,1.1087118070572615,True,0.16313659491883245,False
capacity,03,265,4.147398052737117,0.362232094630599,8.102506399154663e-05,4.147479077801108,1.112887528957799,True,0.21766517545223674,False
capacity,03,266,4.065613960847259,0.34218491055071354,9.010545909404755e-05,4.065704066306353,1.1169816970359534,True,0.13161941592304346,False
capacity,03,267,4.0508960373699665,0.3365639131516218,8.102506399154663e-05,4.050977062433958,1.1210603460203856,True,0.06737598169716177,False
capacity,03,268,4.042711108922958,0.33856811933219433,8.987262845039368e-05,4.042800981551409,1.1251305090263486,True,0.11034751073366056,False
capacity,03,269,4.654635209590197,0.34381821751594543,0.00010989606380462646,4.654745105654001,1.129814790096134,True,0.1044809005022859,False
capacity,03,270,4.053971963003278,0.3493290860205889,8.987262845039368e-05,4.054061835631728,1.1338970349170268,True,0.06904158645695235,False
capacity,03,271,4.065755056217313,0.3413630183786154,8.987262845039368e-05,4.065844928845763,1.1379912339616567,True,0.07430672288859677,False
capacity,03,272,4.067247034981847,0.34150294959545135,9.103678166866302e-05,4.0673380717635155,1.1420860930811614,True,0.07285489775783054,False
capacity,03,273,4.182375036180019,0.3451311495155096,9.988434612751007e-05,4.182474920526147,1.1462962499354035,True,0.0528415063144521,False
capacity,03,274,4.065193934366107,0.334510812535882,0.00010011717677116394,4.065294051542878,1.150388214038685,True,0.07468156024511424,False
capacity,03,275,4.053862066939473,0.33755600452423096,7.986091077327728e-05,4.053941927850246,1.154468626016751,True,0.0910354278927987,False
capacity,03,276,4.053411073982716,0.33852807246148586,8.987262845039368e-05,4.053500946611166,1.1585494889877737,True,0.09660258149370116,False
capacity,03,277,4.178948933258653,0.3452310338616371,9.010545909404755e-05,4.179039038717747,1.1627588549163193,True,0.08206933056948562,False
capacity,03,278,4.125337116420269,0.3410731442272663,6.984919309616089e-05,4.125406965613365,1.1669141279999167,True,0.09920556698563915,False
capacity,03,279,5.001339130103588,0.46110013499855995,0.00013993121683597565,5.001479061320424,1.1719523160718381,True,0.10161288412512168,False
capacity,03,280,4.450639942660928,0.35348604433238506,0.00010011717677116394,4.450740059837699,1.1764360379893333,True,0.10049518236535351,False
capacity,03,281,5.065718898549676,0.35982788540422916,0.00010104849934577942,5.065819947049022,1.181543315993622,True,0.1044340742885911,False
capacity,03,282,4.191020969301462,0.37287292070686817,0.00011012889444828033,4.1911310981959105,1.1857760960701853,True,0.09819238097548522,False
capacity,03,283,4.100019112229347,0.34001097083091736,0.00010104849934577942,4.100120160728693,1.189918545074761,True,0.10325144926252099,False
capacity,03,284,4.673299845308065,0.3469940274953842,8.009374141693115e-05,4.673379939049482,1.194626048905775,True,0.10379525032377325,False
capacity,03,285,4.12593805231154,0.3494289703667164,7.986091077327728e-05,4.126017913222313,1.1987905299756676,True,0.11283924225131972,False
capacity,03,286,4.101861966773868,0.3472540993243456,9.988434612751007e-05,4.101961851119995,1.2029273379594088,True,0.13124796927067653,False
capacity,03,287,4.088416928425431,0.3434969112277031,0.00011012889444828033,4.0885270573198795,1.2070494389627129,True,0.10271509017226521,False
capacity,03,288,4.67869988642633,0.34484989009797573,9.010545909404755e-05,4.678789991885424,1.2117597789037973,True,0.15922483298172602,False
capacity,03,289,4.074221011251211,0.33570313826203346,9.988434612751007e-05,4.074320895597339,1.2158669419586658,True,0.11421853179061474,False
capacity,03,290,4.067457048222423,0.34146313555538654,0.00011106021702289581,4.0675681084394455,1.2199657279998064,True,0.16261643035058954,False
capacity,03,291,4.055846016854048,0.3371960483491421,9.010545909404755e-05,4.055936122313142,1.224052082048729,True,0.18970252293626955,False
capacity,03,292,4.653722047805786,0.33824704587459564,8.009374141693115e-05,4.653802141547203,1.22873693308793,True,0.2380582255574533,False
capacity,03,293,4.095139913260937,0.34182402305305004,0.00012107193470001221,4.095260985195637,1.2328676609322429,True,0.23041324242065742,False
capacity,03,294,4.096061922609806,0.3555910661816597,9.010545909404755e-05,4.0961520280689,1.236994860926643,True,0.30259292784762765,False
capacity,03,295,4.095280077308416,0.3418540582060814,0.00010104849934577942,4.095381125807762,1.2411202481016517,True,0.2086310441538432,False
capacity,03,296,4.655305994674563,0.3433478996157646,8.009374141693115e-05,4.65538608841598,1.2458049589768052,True,0.28660287743001345,False
capacity,03,297,4.056015983223915,0.3337990492582321,7.986091077327728e-05,4.056095844134688,1.2498931759037077,True,0.16943067221842345,False
capacity,03,298,4.041878972202539,0.3356221131980419,8.102506399154663e-05,4.041959997266531,1.2539653428830206,True,0.18793294738584787,False
capacity,03,299,4.071766044944525,0.3321461845189333,7.986091077327728e-05,4.071845905855298,1.2580662239342928,True,0.1795469512654638,False
capacity,03,300,4.437715979292989,0.3458620049059391,0.00011012889444828033,4.437826108187437,1.2625353490002453,True,0.2733084723872403,False
capacity,03,301,4.1006398387253284,0.3251729067414999,8.009374141693115e-05,4.100719932466745,1.2666667168959975,True,0.21441549051760886,False
capacity,03,302,4.043733002617955,0.3256639465689659,9.103678166866302e-05,4.043824039399624,1.2707392449956387,True,0.14876688573224,False
capacity,03,303,4.0624989196658134,0.32571377232670784,7.008202373981476e-05,4.062569001689553,1.2748297760263085,True,0.1943642804788156,False
capacity,03,304,4.119375953450799,0.34378794953227043,8.009374141693115e-05,4.119456047192216,1.278980019968003,True,0.22064236975207327,False
capacity,03,305,4.0280029643327,0.3270858433097601,8.009374141693115e-05,4.028083058074117,1.283037208020687,True,0.3114635174083981,False
capacity,03,306,4.0339340921491385,0.3270660527050495,8.987262845039368e-05,4.034023964777589,1.2870983940083534,True,0.3985286386339598,False
capacity,03,307,4.075834061950445,0.3297422081232071,7.986091077327728e-05,4.0759139228612185,1.291201398940757,True,0.3505679664983538,False
capacity,03,308,4.657058976590633,0.3398200497031212,9.988434612751007e-05,4.657158860936761,1.2958859798964113,True,0.34679284886106443,False
capacity,03,309,4.042259883135557,0.33156503923237324,9.103678166866302e-05,4.042350919917226,1.2999550709500909,True,0.23405547074012173,False
capacity,03,310,4.060745006427169,0.3337990492582321,0.00010011717677116394,4.06084512360394,1.3040427470114082,True,0.17902065314804796,False
capacity,03,311,4.063300089910626,0.3403720911592245,7.008202373981476e-05,4.063370171934366,1.3081362440716475,True,0.18254245373658914,False
capacity,03,312,4.201861098408699,0.3389790654182434,8.102506399154663e-05,4.201942123472691,1.3123672800138593,True,0.14746237826404954,False
capacity,03,313,4.041959997266531,0.32889004796743393,8.987262845039368e-05,4.042049869894981,1.3164373629260808,True,0.22533985170751542,False
capacity,03,314,4.0489728562533855,0.3277778159826994,8.009374141693115e-05,4.0490529499948025,1.3205151199363172,True,0.1936635696361446,False
capacity,03,315,4.0951198898255825,0.3284288104623556,0.00010011717677116394,4.095220007002354,1.3246432619635016,True,0.27967236582454613,False
capacity,03,316,4.682297119870782,0.33403909765183926,0.00010081566870212555,4.682397935539484,1.3293555160053074,True,0.1878003266656288,False
capacity,03,317,4.058551043272018,0.33161486499011517,7.008202373981476e-05,4.058621125295758,1.333443853072822,True,0.19635500593491206,False
capacity,03,318,4.051006864756346,0.3299219533801079,0.00011012889444828033,4.051116993650794,1.3375250159297138,True,0.23479083459450648,False
capacity,03,319,4.038271959871054,0.32716686837375164,9.010545909404755e-05,4.038362065330148,1.3415905400179327,True,0.18160793394615798,False
capacity,03,320,4.215988097712398,0.33157505095005035,9.010545909404755e-05,4.216078203171492,1.3458345010876656,True,0.31779304947921216,False
capacity,03,321,4.071545088663697,0.3411730285733938,0.00010989606380462646,4.071654984727502,1.3499341290444136,True,0.35967641755770324,False
capacity,03,322,4.044725093990564,0.3396901302039623,9.988434612751007e-05,4.044824978336692,1.3540067069698125,True,0.24003779229919228,False
capacity,03,323,4.407488973811269,0.3396810498088598,0.00010989606380462646,4.407598869875073,1.3584408059250563,True,0.27282557656861534,False
capacity,03,324,4.109326982870698,0.33678486943244934,9.010545909404755e-05,4.109417088329792,1.36257691308856,True,0.20008264023434238,False
capacity,03,325,4.057508893311024,0.3364838194102049,8.102506399154663e-05,4.057589918375015,1.366661743959412,True,0.17653951759564843,False
capacity,03,326,4.058480961248279,0.3386980388313532,0.00011106021702289581,4.0585920214653015,1.3707467350177467,True,0.1511332283008143,False
capacity,03,327,4.047960974276066,0.33785682171583176,0.00011012889444828033,4.048071103170514,1.3748213960789144,True,0.1502518477710038,False
capacity,03,328,4.274638136848807,0.3437381237745285,0.00011082738637924194,4.274748964235187,1.3791229750495404,True,0.17484999445970797,False
capacity,03,329,4.052639007568359,0.344960018992424,9.010545909404755e-05,4.052729113027453,1.3832018640823662,True,0.18157586843934279,False
capacity,03,330,4.049584036692977,0.33759581856429577,0.00010011717677116394,4.049684153869748,1.3872783191036433,True,0.192647575200635,False
capacity,03,331,4.388503031805158,0.3359029069542885,8.009374141693115e-05,4.388583125546575,1.3916936730965972,True,0.1797184414323939,False
capacity,03,332,4.092945950105786,0.3405921161174774,9.103678166866302e-05,4.093036986887455,1.3958135899156332,True,0.17242518399803866,False
capacity,03,333,4.0512969717383385,0.3397800028324127,9.010545909404755e-05,4.0513870771974325,1.399891627021134,True,0.19090233920321134,False
capacity,03,334,4.051456926390529,0.3439979627728462,8.009374141693115e-05,4.051537020131946,1.40397038590163,True,0.20989116500162122,False
capacity,03,335,4.0572891011834145,0.34412904642522335,8.987262845039368e-05,4.057378973811865,1.4080545660108328,True,0.21641087078230586,False
capacity,03,336,4.347386071458459,0.3477360587567091,8.009374141693115e-05,4.347466165199876,1.4124287620652467,True,0.2206531000832688,False
capacity,03,337,4.060425097122788,0.3389590419828892,9.988434612751007e-05,4.060524981468916,1.416516066994518,True,0.23792233707025331,False
capacity,03,338,4.070013063028455,0.3477658610790968,6.0070306062698364e-05,4.0700731333345175,1.4206127400975674,True,0.2309432398545772,False
capacity,03,339,4.048361908644438,0.338858924806118,0.00011012889444828033,4.048472037538886,1.424687691964209,True,0.21993031718728082,False
capacity,03,340,4.632141906768084,0.3541980404406786,0.00010989606380462646,4.632251802831888,1.4293464738875628,True,0.23591693390165752,False
capacity,03,341,4.0462990291416645,0.34706504084169865,0.00010011717677116394,4.046399146318436,1.4334194930270314,True,0.2518370912621274,False
capacity,03,342,4.0613270830363035,0.33707614056766033,8.987262845039368e-05,4.061416955664754,1.4375077800359577,True,0.3126175814149572,False
capacity,03,343,4.054092802107334,0.3371147904545069,0.00011012889444828033,4.054202931001782,1.4415881019085646,True,0.3209919671697541,False
capacity,03,344,4.1042969096452,0.3394100349396467,8.987262845039368e-05,4.10438678227365,1.445719078881666,True,0.27784246038848004,False
capacity,03,345,4.043412860482931,0.33567287027835846,0.00012014061212539673,4.0435330010950565,1.4497890619095415,True,0.2991013025147268,False
capacity,03,346,4.054252989590168,0.336415134370327,8.987262845039368e-05,4.054342862218618,1.4538701248820871,True,0.3362847439762897,False
capacity,03,347,4.048501839861274,0.3503309562802315,0.00010011717677116394,4.048601957038045,1.4579452169127762,True,0.2677014091515196,False
capacity,03,348,4.661778919398785,0.3578248433768749,8.009374141693115e-05,4.661859013140202,1.462634027004242,True,0.2080927382877314,False
capacity,03,349,4.047319991514087,0.33476087264716625,9.010545909404755e-05,4.047410096973181,1.4667081870138645,True,0.22759652905411631,False
capacity,03,350,4.0371110662817955,0.33506215550005436,9.988434612751007e-05,4.037210950627923,1.4707718279678375,True,0.22148065948948378,False
capacity,03,351,4.417006857693195,0.3375869709998369,0.00010011717677116394,4.4171069748699665,1.475216185906902,True,0.22248762870273667,False
capacity,03,352,4.1156678926199675,0.33818697556853294,8.009374141693115e-05,4.115747986361384,1.4793592658825219,True,0.22942487482992177,False
capacity,03,353,4.060884937644005,0.33695483580231667,9.010545909404755e-05,4.060975043103099,1.4834469719789922,True,0.25899432300481934,False
capacity,03,354,4.047099966555834,0.33478206023573875,9.010545909404755e-05,4.047190072014928,1.487521172966808,True,0.25627916282272795,False
capacity,03,355,4.0609759744256735,0.33466098830103874,8.987262845039368e-05,4.061065847054124,1.4916087188757956,True,0.23981272152223884,False
capacity,03,356,4.176192916929722,0.3400808200240135,0.00011012889444828033,4.17630304582417,1.495812373002991,True,0.14908853567291844,False
capacity,03,357,4.042120184749365,0.3359331749379635,9.988434612751007e-05,4.042220069095492,1.4998815041035414,True,0.10587173229431296,False
capacity,03,358,4.061585990712047,0.34054205752909184,8.987262845039368e-05,4.061675863340497,1.5039695599116385,True,0.10084311084486282,False
capacity,03,359,4.043261986225843,0.3397599793970585,0.00010104849934577942,4.043363034725189,1.5080393929965794,True,0.12734421909076657,False
capacity,03,360,4.604771034792066,0.34316699020564556,7.986091077327728e-05,4.604850895702839,1.512671414995566,True,0.20535746604602556,False
capacity,03,361,4.065884044393897,0.3348409663885832,0.00010104849934577942,4.065985092893243,1.5167646710760891,True,0.21220174916002352,False
capacity,03,362,4.043743014335632,0.33177505247294903,9.988434612751007e-05,4.04384289868176,1.5208347339648753,True,0.19907717593657723,False
capacity,03,363,4.053191049024463,0.33605401404201984,0.00010989606380462646,4.053300945088267,1.524914484936744,True,0.2049945348269339,False
capacity,03,364,4.112331895157695,0.3415339160710573,9.010545909404755e-05,4.112422000616789,1.5290533769875765,True,0.17804101640952127,False
capacity,03,365,4.055124940350652,0.3382680006325245,0.00010989606380462646,4.055234836414456,1.5331358038820326,True,0.2068582870960241,False
capacity,03,366,4.057888872921467,0.3389690537005663,0.00010104849934577942,4.057989921420813,1.5372202428989112,True,0.1984018121907338,False
capacity,03,367,4.047780996188521,0.33424003049731255,0.00010011717677116394,4.0478811133652925,1.541294404072687,True,0.19628308583124693,False
capacity,03,368,4.654674092307687,0.33363793045282364,9.103678166866302e-05,4.6547651290893555,1.5459758690558374,True,0.20880229702543424,False
capacity,03,369,4.0492829866707325,0.337646109983325,9.988434612751007e-05,4.04938287101686,1.5500514518935233,True,0.17240438680708622,False
capacity,03,370,4.039875930175185,0.34049199894070625,7.008202373981476e-05,4.039946012198925,1.5541183289606124,True,0.18938015860441426,False
capacity,03,371,4.362683976069093,0.34334696829319,9.103678166866302e-05,4.362775012850761,1.5585078939329833,True,0.16695514734832254,False
capacity,03,372,4.100781166926026,0.3338400274515152,8.987262845039368e-05,4.100871039554477,1.5626354850828648,True,0.1790037872040552,False
capacity,03,373,4.025337984785438,0.33230590634047985,0.00011106021702289581,4.0254490450024605,1.5666881550569087,True,0.17974886283818145,False
capacity,03,374,4.032612079754472,0.33017294481396675,9.010545909404755e-05,4.032702185213566,1.5707473470829427,True,0.20112697329879492,False
capacity,03,375,4.037230042740703,0.33501116558909416,0.00010081566870212555,4.037330858409405,1.5748112879227847,True,0.19990752325669162,False
capacity,03,376,4.229152807965875,0.33374899066984653,8.009374141693115e-05,4.229232901707292,1.5790672518778592,True,0.18593612361905396,False
capacity,03,377,4.049964947625995,0.3389690537005663,8.987262845039368e-05,4.050054820254445,1.5831441169138998,True,0.21812853585884714,False
capacity,03,378,4.062197869643569,0.3402009606361389,0.00010011717677116394,4.06229798682034,1.5872326248791069,True,0.256023940063736,False
capacity,03,379,4.059833008795977,0.3335189539939165,8.987262845039368e-05,4.059922881424427,1.5913191279396415,True,0.20428064087435638,False
capacity,03,380,4.610901931300759,0.34582195803523064,7.008202373981476e-05,4.610972013324499,1.5959568310063332,True,0.2172953437661525,False
capacity,04,0,3.8028389681130648,0.3292409237474203,7.008202373981476e-05,3.8029090501368046,0.0038224360905587673,False,,
capacity,04,1,3.8012659642845392,0.3333589993417263,0.00014016404747962952,3.801406128332019,0.00764616415835917,False,,
capacity,04,2,3.7923790514469147,0.3256530035287142,0.00012083910405635834,3.792499890550971,0.01146087609231472,False,,
capacity,04,3,4.387561930343509,0.3291410394012928,0.00011012889444828033,4.387672059237957,0.015870609087869525,False,,
capacity,04,4,3.8129379972815514,0.33744610846042633,0.00012991949915885925,3.81306791678071,0.019705849001184106,False,,
capacity,04,5,3.8015670143067837,0.3305729478597641,0.00011990778148174286,3.8016869220882654,0.02352940710261464,False,,
capacity,04,6,3.8075281772762537,0.3407730255275965,0.00013993121683597565,3.8076681084930897,0.027363655157387257,False,,
capacity,04,7,4.2532391380518675,0.33028307370841503,0.00011990778148174286,4.253359045833349,0.03163888514973223,False,,
capacity,04,8,3.8417119067162275,0.33230683766305447,0.00012014061212539673,3.841832047328353,0.03550430107861757,False,,
capacity,04,9,3.805043175816536,0.3303720150142908,0.00013085082173347473,3.8051740266382694,0.03933172719553113,False,,
capacity,04,10,3.7956449668854475,0.3301019314676523,0.00012014061212539673,3.795765107497573,0.04314969410188496,False,,
capacity,04,11,4.254791885614395,0.3328679595142603,0.0001501757651567459,4.254942061379552,0.047426457051187754,False,,
capacity,04,12,3.863041987642646,0.3326570149511099,0.00011012889444828033,3.863152116537094,0.05131149012595415,False,,
capacity,04,13,3.7821708247065544,0.3308339510113001,0.00010011717677116394,3.7822709418833256,0.05511541198939085,False,,
capacity,04,14,3.8013258017599583,0.3332379274070263,0.00011012889444828033,3.8014359306544065,0.05893882899545133,False,,
capacity,04,15,4.338779021054506,0.3382069990038872,0.00012107193470001221,4.338900092989206,0.06329966010525823,False,,
capacity,04,16,4.048132104799151,0.3295221831649542,0.00012991949915885925,4.04826202429831,0.0673702540807426,False,,
capacity,04,17,4.007644951343536,0.33075292594730854,0.00011012889444828033,4.007755080237985,0.07140017114579678,False,,
capacity,04,18,3.989450866356492,0.33082393929362297,0.00012991949915885925,3.989580785855651,0.07541217398829758,False,,
capacity,04,19,4.326606867834926,0.3344309516251087,0.00012014061212539673,4.326727008447051,0.0797612729948014,False,,
capacity,04,20,4.045577021315694,0.33451104536652565,9.988434612751007e-05,4.045676905661821,0.08382928208447993,False,,
capacity,04,21,3.9905121084302664,0.33543212339282036,0.00010104849934577942,3.990613156929612,0.08784211613237858,False,,
capacity,04,22,4.0132959838956594,0.33636391162872314,0.00011012889444828033,4.013406112790108,0.09187789517454803,False,,
capacity,04,23,4.313771845772862,0.33610290847718716,0.00012107193470001221,4.3138929177075624,0.09621402900665998,False,,
capacity,04,24,4.054573131725192,0.3328779712319374,9.988434612751007e-05,4.05467301607132,0.10029100417159498,False,,
capacity,04,25,4.017272964119911,0.3302919212728739,0.0001310836523771286,4.017404047772288,0.10433064005337656,False,,
capacity,04,26,4.0119728073477745,0.33717602491378784,0.00014016404747962952,4.012112971395254,0.10836600698530674,False,,
capacity,04,27,4.018936073407531,0.33417996019124985,0.00012991949915885925,4.01906599290669,0.11240916908718646,False,,
capacity,04,28,4.06978209502995,0.3326069563627243,0.00013993121683597565,4.069922026246786,0.11650284612551332,False,,
capacity,04,29,4.006752977147698,0.3310439642518759,0.00012107193470001221,4.006874049082398,0.12053200206719339,False,,
capacity,04,30,4.007974872365594,0.3274669870734215,0.00013015232980251312,4.008105024695396,0.12456265999935567,False,,
capacity,04,31,4.378343932330608,0.3276481293141842,0.00012991949915885925,4.378473851829767,0.1289636769797653,False,,
capacity,04,32,4.051217110827565,0.32943091355264187,0.00011106021702289581,4.051328171044588,0.13303741719573736,False,,
capacity,04,33,4.017003113403916,0.3330581821501255,0.00013993121683597565,4.017143044620752,0.13707700208760798,False,,
capacity,04,34,3.9985880721360445,0.33208588138222694,0.00013993121683597565,3.9987280033528805,0.14109824318438768,False,,
capacity,04,35,4.07556421123445,0.3256341442465782,0.00012991949915885925,4.075694130733609,0.1452028912026435,True,0.012824927868615128,False
capacity,04,36,4.45100013166666,0.3273971378803253,8.102506399154663e-05,4.451081156730652,0.14968148316256702,True,0.01408889633829302,False
capacity,04,37,4.048442002385855,0.32819900661706924,0.00010011717677116394,4.048542119562626,0.15375675610266626,True,0.0005780479699468401,False
capacity,04,38,4.044764908030629,0.334050040692091,6.0070306062698364e-05,4.044824978336692,0.15782798104919493,True,0.0,False
capacity,04,39,4.060634877532721,0.34042191691696644,0.00010011717677116394,4.060734994709492,0.1619151160120964,True,0.0,False
capacity,04,40,4.70253499224782,0.3495989367365837,0.00010011717677116394,4.702635109424591,0.16664442117325962,True,0.0,False
capacity,04,41,4.044064087793231,0.3328879829496145,8.009374141693115e-05,4.044144181534648,0.17071549617685378,True,0.0,False
capacity,04,42,4.041429143399,0.3334281500428915,6.984919309616089e-05,4.041498992592096,0.17478343518450856,True,0.0,False
capacity,04,43,4.055585945025086,0.3394100349396467,8.987262845039368e-05,4.055675817653537,0.1788659410085529,True,0.0,False
capacity,04,44,4.182575037702918,0.342485960572958,9.988434612751007e-05,4.182674922049046,0.1830769490916282,True,0.0,False
capacity,04,45,4.040807019919157,0.33124396577477455,8.009374141693115e-05,4.040887113660574,0.1871514201629907,True,0.0,False
capacity,04,46,4.036858910694718,0.3336588852107525,0.00010104849934577942,4.036959959194064,0.1912149100098759,True,0.0,False
capacity,04,47,4.0416589472442865,0.3318861126899719,9.988434612751007e-05,4.041758831590414,0.19528328999876976,True,0.0,False
capacity,04,48,4.610410891473293,0.3480459563434124,8.009374141693115e-05,4.61049098521471,0.19992067199200392,True,0.0,False
capacity,04,49,4.066396038979292,0.3444589674472809,9.010545909404755e-05,4.066486144438386,0.20401385915465653,True,0.0,False
capacity,04,50,4.039234947413206,0.3396000247448683,9.988434612751007e-05,4.039334831759334,0.2080798139795661,True,0.0,False
capacity,04,51,4.026530077680945,0.330914044752717,0.00010989606380462646,4.02663997374475,0.21214042813517153,True,0.0,False
capacity,04,52,4.144183127209544,0.3325969446450472,8.987262845039368e-05,4.144272999837995,0.21631160215474665,True,0.0,False
capacity,04,53,4.039193969219923,0.33124396577477455,0.00011082738637924194,4.039304796606302,0.22037775698117912,True,0.0,False
capacity,04,54,4.039364866912365,0.33263699151575565,9.010545909404755e-05,4.039454972371459,0.22444367199204862,True,0.0,False
capacity,04,55,4.041057080030441,0.3319850657135248,6.100162863731384e-05,4.041118081659079,0.22851152019575238,True,0.0,False
capacity,04,56,4.639826947823167,0.34720380790531635,7.008202373981476e-05,4.639897029846907,0.23317800811491907,True,0.0,False
capacity,04,57,4.065944813191891,0.3340898547321558,8.009374141693115e-05,4.066024906933308,0.23727082298137248,True,0.0,False
capacity,04,58,4.062168067321181,0.33242697827517986,8.987262845039368e-05,4.062257939949632,0.24135943106375635,True,0.0,False
capacity,04,59,4.4326260685920715,0.33258693292737007,8.009374141693115e-05,4.4327061623334885,0.24581870716065168,True,0.004388552091012268,False
capacity,04,60,4.07638493925333,0.33808802254498005,9.010545909404755e-05,4.076475044712424,0.24992172210477293,True,0.0,False
capacity,04,61,4.098707111552358,0.3359331749379635,8.987262845039368e-05,4.098796984180808,0.2540467791259289,True,0.0026767266356097844,False
capacity,04,62,4.706161096692085,0.3969580866396427,0.00012083910405635834,4.706281935796142,0.2587926851119846,True,0.007241594516683075,False
capacity,04,63,4.370087990537286,0.3403217997401953,8.009374141693115e-05,4.370168084278703,0.26319018518552184,True,0.07111815644120996,False
capacity,04,64,4.105278989300132,0.3314940258860588,0.00011106021702289581,4.105390049517155,0.2673225861508399,True,0.0,False
capacity,04,65,4.054412944242358,0.33624283969402313,0.00010104849934577942,4.054513992741704,0.27140771714039147,True,0.0,False
capacity,04,66,4.05020616017282,0.3309040330350399,7.986091077327728e-05,4.050286021083593,0.27548595517873764,True,0.0,False
capacity,04,67,4.547012038528919,0.3329780884087086,8.987262845039368e-05,4.54710191115737,0.2800607590470463,True,0.0,False
capacity,04,68,4.0733288042247295,0.34090294502675533,0.00010011717677116394,4.073428921401501,0.2841644249856472,True,0.0,False
capacity,04,69,4.071756033226848,0.3453108947724104,8.009374141693115e-05,4.071836126968265,0.2882641141768545,True,0.0,False
capacity,04,70,4.042158834636211,0.3299310337752104,0.00010104849934577942,4.042259883135557,0.2923337849788368,True,0.0032473351207439436,False
capacity,04,71,4.556630039587617,0.3300020471215248,8.102506399154663e-05,4.5567110646516085,0.2969174971804023,True,0.0066709860315489105,False
capacity,04,72,4.060324048623443,0.3421951550990343,8.987262845039368e-05,4.060413921251893,0.3010060840751976,True,0.0,False
capacity,04,73,4.036899888888001,0.3308339510113001,9.010545909404755e-05,4.0369899943470955,0.3050699350424111,True,0.0,False
capacity,04,74,4.050455987453461,0.33140508458018303,0.00010989606380462646,4.050565883517265,0.30914686108008027,True,0.0,False
capacity,04,75,4.661327926442027,0.3278478980064392,9.010545909404755e-05,4.661418031901121,0.31383487908169627,True,0.0,False
capacity,04,76,4.058141028508544,0.33276784233748913,9.010545909404755e-05,4.058231133967638,0.31792103219777346,True,0.0,False
capacity,04,77,4.032491939142346,0.33224583603441715,7.008202373981476e-05,4.032562021166086,0.32198060513474047,True,0.0,False
capacity,04,78,4.03874390758574,0.3340099938213825,7.008202373981476e-05,4.03881398960948,0.3260457480791956,True,0.00950394184822543,False
capacity,04,79,4.54550888389349,0.3333978820592165,0.00010011717677116394,4.545609001070261,0.33061775704845786,True,0.002681190326497408,False
capacity,04,80,4.055095138028264,0.3268769942224026,6.984919309616089e-05,4.05516498722136,0.33470058417879045,True,0.0,False
capacity,04,81,4.0431220550090075,0.33837812952697277,8.987262845039368e-05,4.043211927637458,0.33877056604251266,True,0.0,False
capacity,04,82,4.039885941892862,0.3295519854873419,9.988434612751007e-05,4.03998582623899,0.34283755300566554,True,0.015210026699567045,False
capacity,04,83,4.551551071926951,0.33310800790786743,7.986091077327728e-05,4.551630932837725,0.3474162050988525,True,0.007246058207570699,False
capacity,04,84,4.06035385094583,0.3283789847046137,8.102506399154663e-05,4.060434876009822,0.35150351002812386,True,0.0011657672701502369,False
capacity,04,85,4.037952050566673,0.32633496448397636,9.010545909404755e-05,4.038042156025767,0.3555684331804514,True,0.0,False
capacity,04,86,4.2771329171955585,0.3283789847046137,0.00010011717677116394,4.27723303437233,0.35987231601029634,True,0.009602143047753085,False
capacity,04,87,4.675645148381591,0.34063193015754223,9.988434612751007e-05,4.675745032727718,0.3645845002029091,True,0.0034727515105687817,False
capacity,04,88,4.103134851902723,0.33798697404563427,9.010545909404755e-05,4.103224957361817,0.3687229109928012,True,0.0,False
capacity,04,89,4.073688993230462,0.33449986949563026,8.102506399154663e-05,4.073770018294454,0.37282815016806126,True,0.00024550299881912185,False
capacity,04,90,4.050395917147398,0.3359029069542885,8.009374141693115e-05,4.050476010888815,0.37690826202742755,True,0.0,False
capacity,04,91,4.663611063733697,0.3389290068298578,9.988434612751007e-05,4.6637109480798244,0.38160100812092423,True,0.0,False
capacity,04,92,4.07806783914566,0.33449986949563026,9.010545909404755e-05,4.0781579446047544,0.3857116480357945,True,0.0,False
capacity,04,93,4.1226421017199755,0.33072405494749546,7.008202373981476e-05,4.122712183743715,0.38986363518051803,True,0.0,False
capacity,04,94,4.066105000674725,0.33761700615286827,6.984919309616089e-05,4.066174849867821,0.3939618200529367,True,0.0,False
capacity,04,95,4.6550550032407045,0.33545191399753094,9.103678166866302e-05,4.655146040022373,0.39864610112272203,True,0.0015154230563471712,False
capacity,04,96,4.069320857524872,0.3303028643131256,9.010545909404755e-05,4.069410962983966,0.4027460999786854,True,0.0,False
capacity,04,97,4.06213803216815,0.3349520266056061,9.010545909404755e-05,4.062228137627244,0.40683748316951096,True,0.0,False
capacity,04,98,4.055936122313142,0.33263699151575565,9.103678166866302e-05,4.0560271590948105,0.4109217831864953,True,0.0,False
capacity,04,99,4.654733929783106,0.3312039189040661,8.009374141693115e-05,4.654814023524523,0.4156050810124725,True,0.0,False
capacity,04,100,4.073177929967642,0.3312139306217432,9.010545909404755e-05,4.073268035426736,0.4197082461323589,True,0.0,False
capacity,04,101,4.056576872244477,0.33102394081652164,0.00010104849934577942,4.056677920743823,0.42379305697977543,True,0.004368465482017979,False
capacity,04,102,4.056197125464678,0.33655413426458836,7.986091077327728e-05,4.056276986375451,0.4278773171827197,True,0.0,False
capacity,04,103,4.637031117454171,0.33761607483029366,9.103678166866302e-05,4.63712215423584,0.4325424211565405,True,0.0,False
capacity,04,104,4.0524189826101065,0.3262150567024946,9.988434612751007e-05,4.052518866956234,0.4366229029837996,True,0.0,False
capacity,04,105,4.050286021083593,0.3300430253148079,0.00010011717677116394,4.0503861382603645,0.44070087117142975,True,0.0,False
capacity,04,106,4.048170987516642,0.3277380019426346,8.987262845039368e-05,4.048260860145092,0.4447775660082698,True,0.0,False
capacity,04,107,4.656839184463024,0.34707412123680115,8.987262845039368e-05,4.6569290570914745,0.4494628591928631,True,0.0,False
capacity,04,108,4.077096004039049,0.33872900530695915,9.010545909404755e-05,4.077186109498143,0.45357093308120966,True,0.0,False
capacity,04,109,4.050025017932057,0.33294688910245895,9.103678166866302e-05,4.050116054713726,0.4576504041906446,True,0.0,False
capacity,04,110,4.051488125696778,0.3313850611448288,8.987262845039368e-05,4.051577998325229,0.4617307661101222,True,0.0,False
capacity,04,111,4.64563793502748,0.3310949541628361,9.010545909404755e-05,4.645728040486574,0.46640435606241226,True,0.0,False
capacity,04,112,4.06806799583137,0.33888802863657475,8.102506399154663e-05,4.068149020895362,0.470503383083269,True,0.0,False
capacity,04,113,4.175200825557113,0.33897883258759975,9.103678166866302e-05,4.175291862338781,0.4747078500222415,True,0.0,False
capacity,04,114,4.869018914178014,0.37023890763521194,0.00012014061212539673,4.869139054790139,0.4796165630687028,True,0.0,False
capacity,04,115,5.154827143996954,0.36689103581011295,0.0002009328454732895,5.155028076842427,0.4848150531761348,True,0.0,False
capacity,04,116,4.167396109551191,0.3575840964913368,0.0001809094101190567,4.16757701896131,0.4890204011462629,True,0.0026767266356097844,False
capacity,04,117,4.131878959015012,0.34753489308059216,0.00016996636986732483,4.132048925384879,0.49318740610033274,True,0.0,False
capacity,04,118,4.599221050739288,0.3374961670488119,9.988434612751007e-05,4.599320935085416,0.49782257503829896,True,0.04490181132384879,False
capacity,04,119,4.107974004000425,0.34330692142248154,9.988434612751007e-05,4.108073888346553,0.5019699730910361,True,0.02667582316728582,False
capacity,04,120,4.090480972081423,0.3429169300943613,0.00011012889444828033,4.090591100975871,0.5060945281293243,True,0.06741149099349172,False
capacity,04,121,4.062038147822022,0.33254711888730526,9.988434612751007e-05,4.06213803216815,0.5101952091790736,True,0.04378158485902584,False
capacity,04,122,4.755333997309208,0.33019203692674637,7.986091077327728e-05,4.755413858219981,0.5149817620404065,True,0.016370857009290588,False
capacity,04,123,4.1317089926451445,0.3447590861469507,9.103678166866302e-05,4.131800029426813,0.5191486780531704,True,0.05232348384277656,False
capacity,04,124,4.2155159171670675,0.3341690171509981,9.103678166866302e-05,4.215606953948736,0.5233986689709127,True,0.03289461827303645,False
capacity,04,125,4.352095071226358,0.3350721672177315,9.988434612751007e-05,4.352194955572486,0.5277847980614752,True,0.16576341404393954,False
capacity,04,126,4.877674859017134,0.3607699181884527,0.00011012889444828033,4.877784987911582,0.5326957460492849,True,0.0520224201105308,False
capacity,04,127,4.642181098461151,0.34594209864735603,0.00011990778148174286,4.642301006242633,0.5373815190978348,True,0.06684525546860957,False
capacity,04,128,4.104317165911198,0.33931899815797806,6.984919309616089e-05,4.104387015104294,0.5415231972001493,True,0.09318006694527843,False
capacity,04,129,4.425602965056896,0.33159484155476093,0.00010011717677116394,4.425703082233667,0.5459816921502352,True,0.20254395486486812,False
capacity,04,130,4.320724867284298,0.40723802521824837,0.0001601874828338623,4.320885054767132,0.5503465300425887,True,0.0,False
capacity,04,131,4.066295921802521,0.33357879146933556,0.00011012889444828033,4.066406050696969,0.5544447461143136,True,0.1004118718689592,False
capacity,04,132,4.043102031573653,0.3275279887020588,0.00010989606380462646,4.043211927637458,0.5585162010975182,True,0.059731316633219046,False
capacity,04,133,4.081906052306294,0.3368949983268976,9.988434612751007e-05,4.082005936652422,0.5626251080539078,True,0.04652715743885457,False
capacity,04,134,4.17471001856029,0.3358230460435152,7.986091077327728e-05,4.174789879471064,0.5668308960739523,True,0.016675455441812544,False
capacity,04,135,4.070842871442437,0.34007104113698006,7.101334631443024e-05,4.070913884788752,0.57093117502518,True,0.05570932791428853,False
capacity,04,136,4.057770129293203,0.3362540155649185,9.988434612751007e-05,4.057870013639331,0.575016908114776,True,0.011221320283544486,False
capacity,04,137,4.406245891004801,0.33877789974212646,0.00010104849934577942,4.406346939504147,0.5794511770363897,True,0.0299885190945157,False
capacity,04,138,4.113263916224241,0.332496827468276,9.010545909404755e-05,4.113354021683335,0.5835914521012455,True,0.02333620166333813,False
capacity,04,139,4.046136979013681,0.33237598836421967,8.102506399154663e-05,4.046218004077673,0.5876647911500186,True,0.03542886436280343,False
capacity,04,140,4.049845039844513,0.33231708221137524,7.986091077327728e-05,4.049924900755286,0.5917411861009896,True,0.041943363104276654,False
capacity,04,141,4.061236046254635,0.33173500560224056,8.987262845039368e-05,4.061325918883085,0.5958289920818061,True,0.09282535634929653,False
capacity,04,142,4.3705489952117205,0.3397599793970585,9.010545909404755e-05,4.3706391006708145,0.6002266821451485,True,0.13156188943487712,False
capacity,04,143,4.056737059727311,0.33220602199435234,9.103678166866302e-05,4.05682809650898,0.6043100801762193,True,0.1070317336897486,False
capacity,04,144,4.025748930871487,0.3337289672344923,0.00010011717677116394,4.025849048048258,0.6083626600448042,True,0.09088688577172878,False
capacity,04,145,4.048812901601195,0.3318048547953367,0.00010011717677116394,4.0489130187779665,0.6124380230903625,True,0.0741417271065119,False
capacity,04,146,4.086443921551108,0.33220602199435234,9.010545909404755e-05,4.086534027010202,0.6165517780464143,True,0.06751618219474038,False
capacity,04,147,4.047109046950936,0.3330581821501255,8.987262845039368e-05,4.047198919579387,0.6206254670396447,True,0.043508377557521676,False
capacity,04,148,4.614087985828519,0.3314041532576084,0.00011082738637924194,4.614198813214898,0.6252668569795787,True,0.08168018235431793,False
capacity,04,149,4.35543991625309,0.3332379274070263,0.00010989606380462646,4.3555498123168945,0.6296492479741573,True,0.06118501686257532,False
capacity,04,150,4.082957049831748,0.32982206903398037,8.987262845039368e-05,4.083046922460198,0.6337584450375289,True,0.04434376436514617,False
capacity,04,151,4.0472999680787325,0.33761607483029366,0.00010011717677116394,4.047400085255504,0.6378326860722154,True,0.025770336110872025,False
capacity,04,152,4.046218004077673,0.3354530781507492,9.988434612751007e-05,4.0463178884238005,0.6419057140592486,True,0.040175860708417964,False
capacity,04,153,4.0342051070183516,0.3346910234540701,7.986091077327728e-05,4.034284967929125,0.6459663391578943,True,0.035499484798715356,False
capacity,04,154,4.095169948413968,0.33609289675951004,9.010545909404755e-05,4.095260053873062,0.6500880890525877,True,0.024806228104051455,False
capacity,04,155,4.016711842268705,0.33265678212046623,9.103678166866302e-05,4.016802879050374,0.6541369720362127,True,0.05001660403982377,False
capacity,04,156,4.041980020701885,0.3319850657135248,0.00011106021702289581,4.042091080918908,0.6582059231586754,True,0.05554893710229923,False
capacity,04,157,4.381831036880612,0.3318761009722948,7.986091077327728e-05,4.381910897791386,0.6626153050456196,True,0.0885288848266458,False
capacity,04,158,4.07261704094708,0.3288700245320797,0.00011012889444828033,4.072727169841528,0.6667146121617407,True,0.05883607245846402,False
capacity,04,159,4.031038843095303,0.33026281744241714,9.010545909404755e-05,4.031128948554397,0.670772081008181,True,0.07828766703900154,False
capacity,04,160,4.047890892252326,0.3351920749992132,0.00010011717677116394,4.047991009429097,0.6748469430021942,True,0.0625778645592328,False
capacity,04,161,4.372643074020743,0.3342600539326668,7.986091077327728e-05,4.372722934931517,0.6792458361014724,True,0.044179298949291075,False
capacity,04,162,4.077697172760963,0.32966118305921555,9.988434612751007e-05,4.077797057107091,0.6833494221791625,True,0.027114861991138786,False
capacity,04,163,4.043011926114559,0.3283389378339052,9.010545909404755e-05,4.043102031573653,0.6874190240632743,True,0.008301292889652942,False
capacity,04,164,4.047148860991001,0.3295009955763817,8.102506399154663e-05,4.047229886054993,0.691492642974481,True,0.0,False
capacity,04,165,4.052018979564309,0.32969098538160324,0.00010011717677116394,4.05211909674108,0.6955705811269581,True,0.0,False
capacity,04,166,4.30891290307045,0.33545191399753094,9.010545909404755e-05,4.309003008529544,0.6999057130888104,True,0.0,False
capacity,04,167,4.042710876092315,0.33237598836421967,8.102506399154663e-05,4.042791901156306,0.7039747240487486,True,0.0,False
capacity,04,168,4.030868178233504,0.3316551446914673,9.080395102500916e-05,4.030958982184529,0.7080319721717387,True,0.01370589962545881,False
capacity,04,169,4.0341150015592575,0.3339999821037054,9.988434612751007e-05,4.034214885905385,0.7120925569906831,True,0.005902487250396907,False
capacity,04,170,4.083388019353151,0.33034314401447773,8.987262845039368e-05,4.083477891981602,0.7162090470083058,True,0.025431008050684503,False
capacity,04,171,4.057349171489477,0.33024302683770657,5.9837475419044495e-05,4.057409008964896,0.720293277176097,True,0.019626539087887248,False
capacity,04,172,4.040085943415761,0.3294008783996105,9.103678166866302e-05,4.04017698019743,0.7243602641392499,True,0.02573804101808918,False
capacity,04,173,4.04178979806602,0.3312549088150263,8.009374141693115e-05,4.041869891807437,0.7284284529741853,True,0.06718452756346938,False
capacity,04,174,4.55897394567728,0.3322269767522812,7.008202373981476e-05,4.55904402770102,0.733014137018472,True,0.019542167106897875,False
capacity,04,175,4.039786057546735,0.33556297421455383,7.986091077327728e-05,4.039865918457508,0.7370808140840381,True,0.018325222412370088,False
capacity,04,176,4.050786839798093,0.33151498064398766,9.010545909404755e-05,4.050876945257187,0.7411630200222135,True,0.00596026731484417,False
capacity,04,177,4.041258012875915,0.33355806954205036,0.00010104849934577942,4.04135906137526,0.7452307681087404,True,0.0061632560260572915,False
capacity,04,178,4.193234024569392,0.3330779727548361,8.987262845039368e-05,4.193323897197843,0.7494503620546311,True,0.07065462988721691,False
capacity,04,179,4.056056030094624,0.3386989701539278,9.988434612751007e-05,4.056155914440751,0.7535328380763531,True,0.03693347738629385,False
capacity,04,180,4.034616053104401,0.3325969446450472,0.00010989606380462646,4.034725949168205,0.7575938741210848,True,0.023700725124028186,False
capacity,04,181,4.058020189404488,0.3316551446914673,9.080395102500916e-05,4.058110993355513,0.761678014183417,True,0.010418254531706389,False
capacity,04,182,4.610582021996379,0.3332379274070263,9.010545909404755e-05,4.610672127455473,0.7663153861649334,True,0.020519488244293078,False
capacity,04,183,4.026179201900959,0.3322560805827379,8.987262845039368e-05,4.026269074529409,0.7703680351842195,True,0.013032447453683845,False
capacity,04,184,4.037040052935481,0.3321259282529354,0.00011106021702289581,4.037151113152504,0.7744316961616278,True,0.0009114562915727096,False
capacity,04,185,4.034184850752354,0.3310639876872301,9.010545909404755e-05,4.034274956211448,0.7784923410508782,True,0.018251854842251596,False
capacity,04,186,4.59741591475904,0.3324858844280243,9.103678166866302e-05,4.5975069515407085,0.7831165380775928,True,0.008009336067457316,False
capacity,04,187,4.040997941046953,0.3309438470751047,7.008202373981476e-05,4.041068023070693,0.7871843071188778,True,0.018529703942783488,False
capacity,04,188,4.049734212458134,0.3316651564091444,9.080395102500916e-05,4.049825016409159,0.7912603511940688,True,0.03621456937926823,False
capacity,04,189,4.0389730129390955,0.33103395253419876,0.00010104849934577942,4.039074061438441,0.7953256140463054,True,0.026174334896607615,False
capacity,04,190,4.113625036552548,0.3382579889148474,9.988434612751007e-05,4.113724920898676,0.7994656490627676,True,0.028139371280006,False
capacity,04,191,4.045326029881835,0.332036055624485,0.00010011717677116394,4.045426147058606,0.8035374251194298,True,0.020936198159902948,False
capacity,04,192,4.042471060529351,0.3337501548230648,9.988434612751007e-05,4.042570944875479,0.8076066160574555,True,0.02550106604097624,False
capacity,04,193,4.061216022819281,0.3323860000818968,7.986091077327728e-05,4.061295883730054,0.8116946530062705,True,0.03006593392204953,False
capacity,04,194,4.457402974367142,0.3380579873919487,0.00010011717677116394,4.457503091543913,0.816178355133161,True,0.006302731533320204,False
capacity,04,195,4.045085981488228,0.3299920354038477,9.010545909404755e-05,4.045176086947322,0.8202509831171483,True,0.009608240021973628,False
capacity,04,196,4.031791118904948,0.3300020471215248,8.987262845039368e-05,4.031880991533399,0.8243093641940504,True,0.03593523202215408,False
capacity,04,197,4.041778855025768,0.3291310276836157,9.010545909404755e-05,4.041868960484862,0.828377912985161,True,0.05953129709206276,False
capacity,04,198,4.640167113393545,0.33178506419062614,7.986091077327728e-05,4.640246974304318,0.8330447610933334,True,0.030233068231388896,False
capacity,04,199,4.039565101265907,0.336263095960021,0.00010104849934577942,4.039666149765253,0.8371116581838578,True,0.04836105962709561,False
capacity,04,200,4.046247806400061,0.33151498064398766,0.00011012889444828033,4.046357935294509,0.8411845359951258,True,0.0489647176647048,False
capacity,04,201,4.341573920100927,0.3313350025564432,0.00011012889444828033,4.341684048995376,0.8455531110521406,True,0.029289888994955056,False
capacity,04,202,4.103326005861163,0.3338300157338381,7.986091077327728e-05,4.103405866771936,0.8496830370277166,True,0.04157189644904512,False
capacity,04,203,4.063019063323736,0.32874010503292084,7.986091077327728e-05,4.0630989242345095,0.8537731671240181,True,0.06944345896480895,False
capacity,04,204,4.048872971907258,0.33130403608083725,7.008202373981476e-05,4.048943053930998,0.8578482901211828,True,0.0,False
capacity,04,205,4.05297102406621,0.3326868172734976,8.009374141693115e-05,4.053051117807627,0.86192792118527,True,0.01302670780449258,False
capacity,04,206,4.124145023524761,0.34986017271876335,6.984919309616089e-05,4.124214872717857,0.8660784550011158,True,0.0,False
capacity,04,207,4.0401259902864695,0.3307939041405916,0.00011012889444828033,4.040236119180918,0.8701898951549083,True,0.00047240728560650323,False
capacity,04,208,4.053781973198056,0.3293710760772228,7.986091077327728e-05,4.0538618341088295,0.8742704279720783,True,0.03389928646747528,False
capacity,04,209,4.025067901238799,0.3267158754169941,9.010545909404755e-05,4.025158006697893,0.8783222860656679,True,0.05038738537757942,False
capacity,04,210,4.476349102333188,0.32544415444135666,7.986091077327728e-05,4.476428963243961,0.8828254961408675,True,0.0026566400266154954,False
capacity,04,211,4.044985165819526,0.3307431470602751,9.080395102500916e-05,4.045075969770551,0.8868969811592251,True,0.031834849446361474,False
capacity,04,212,4.042711108922958,0.32552401535212994,5.9837475419044495e-05,4.042770946398377,0.8909662121441215,True,0.13516491202147102,False
capacity,04,213,4.046207992359996,0.32709608785808086,0.00010104849934577942,4.046309040859342,0.8950392710976303,True,0.18575356776402407,False
capacity,04,214,4.631310934200883,0.32692612148821354,7.986091077327728e-05,4.631390795111656,0.8996967209968716,True,0.10655382324928848,False
capacity,04,215,4.046438029035926,0.3297110088169575,9.988434612751007e-05,4.046537913382053,0.9037703101057559,True,0.09135707783347713,False
capacity,04,216,4.041138105094433,0.33489102497696877,9.988434612751007e-05,4.04123798944056,0.9078384290914983,True,0.04529356151331652,False
capacity,04,217,4.379115998744965,0.33295806497335434,8.987262845039368e-05,4.379205871373415,0.912244315026328,True,0.10116843416102365,False
capacity,04,218,4.0922448970377445,0.3304630517959595,9.010545909404755e-05,4.092335002496839,0.9163627889938653,True,0.14105386862036368,False
capacity,04,219,4.03389404527843,0.32917014323174953,7.986091077327728e-05,4.033973906189203,0.9204233030322939,True,0.031561182972922014,False
capacity,04,220,4.022864159196615,0.328287947922945,9.103678166866302e-05,4.022955195978284,0.9244728481862694,True,0.0,False
capacity,04,221,4.065003944560885,0.3262150567024946,7.986091077327728e-05,4.065083805471659,0.9285642909817398,True,0.0,False
capacity,04,222,4.574293037876487,0.32756803557276726,7.008202373981476e-05,4.574363119900227,0.9331653541885316,True,0.14345036347935605,False
capacity,04,223,4.039224004372954,0.32703601755201817,9.080395102500916e-05,4.039314808323979,0.9372312789782882,True,0.09199433195101919,False
capacity,04,224,4.03724005445838,0.32778806053102016,6.100162863731384e-05,4.037301056087017,0.9412953401915729,True,0.17003335738705516,False
capacity,04,225,4.344399087131023,0.3307128790766001,8.102506399154663e-05,4.344480112195015,0.9456668111961335,True,0.1487409425178955,False
capacity,04,226,4.07898984849453,0.32653496600687504,0.00011012889444828033,4.079099977388978,0.9497726520057768,True,0.06972143194267985,False
capacity,04,227,4.034445155411959,0.33375900238752365,6.984919309616089e-05,4.034515004605055,0.9538332561496645,True,0.0949219356818432,False
capacity,04,228,4.04775096103549,0.3357129171490669,8.009374141693115e-05,4.047831054776907,0.9579152420628816,True,0.12897221318737667,False
capacity,04,229,4.0562760550528765,0.338538084179163,8.987262845039368e-05,4.056365927681327,0.9619980780407786,True,0.19309511478024183,False
capacity,04,230,4.175911890342832,0.3411429934203625,9.103678166866302e-05,4.1760029271245,0.9662012120243162,True,0.0832901922167954,False
capacity,04,231,4.059984115883708,0.3332579508423805,8.987262845039368e-05,4.060073988512158,0.9702876361552626,True,0.1452699853302985,False
capacity,04,232,4.051989177241921,0.3329981118440628,6.984919309616089e-05,4.052059026435018,0.9743660441599786,True,0.07238531792532926,False
capacity,04,233,4.037601873278618,0.33753691241145134,0.00010011717677116394,4.037701990455389,0.9784302960615605,True,0.0,False
capacity,04,234,4.637743113562465,0.33607310615479946,8.987262845039368e-05,4.637832986190915,0.9830946291331202,True,0.0,False
capacity,04,235,4.045576089993119,0.33868802711367607,8.009374141693115e-05,4.045656183734536,0.9871719451621175,True,0.013332113888342774,False
capacity,04,236,4.053512122482061,0.3386191092431545,9.988434612751007e-05,4.053612006828189,0.9912516761105508,True,0.04385137899319161,False
capacity,04,237,4.422686994075775,0.3352218773216009,9.010545909404755e-05,4.422777099534869,0.9957008231431246,True,0.0779061716894222,False
capacity,04,238,4.106281092390418,0.33904891461133957,0.00010011717677116394,4.106381209567189,0.9998339551966637,True,0.07160916429735861,False
capacity,04,239,4.04950394295156,0.34155393950641155,9.010545909404755e-05,4.049594048410654,1.0039100691210479,True,0.07186890255542729,False
capacity,04,240,4.051618045195937,0.33997115679085255,8.987262845039368e-05,4.0517079178243876,1.007987987017259,True,0.018509909469890822,False
capacity,04,241,4.07383986748755,0.3385990858078003,0.00010011717677116394,4.073939984664321,1.0120885369833559,True,0.0288202326337979,False
capacity,04,242,4.220276139676571,0.3389790654182434,7.986091077327728e-05,4.220356000587344,1.01634127413854,True,0.12213919908950492,False
capacity,04,243,4.051879048347473,0.3348418977111578,8.009374141693115e-05,4.05195914208889,1.02041993313469,True,0.10653385822501717,False
capacity,04,244,4.052640171721578,0.3365040756762028,7.986091077327728e-05,4.052720032632351,1.0245013071689755,True,0.10876788274756885,False
capacity,04,245,4.065304063260555,0.3363541327416897,9.988434612751007e-05,4.065403947606683,1.0285931210964918,True,0.049847246124353546,False
capacity,04,246,4.665886051952839,0.3343301359564066,8.987262845039368e-05,4.665975924581289,1.0332851260900497,True,0.02337299943666491,False
capacity,04,247,4.050445975735784,0.33456110395491123,8.987262845039368e-05,4.050535848364234,1.0373623720370233,True,0.03130419974646516,False
capacity,04,248,4.055004101246595,0.33711502328515053,0.00010081566870212555,4.0551049169152975,1.0414442371111363,True,0.030735209189971194,False
capacity,04,249,4.067757865414023,0.3359129186719656,9.010545909404755e-05,4.0678479708731174,1.045538434991613,True,0.03665125693304662,False
capacity,04,250,4.103295039385557,0.3370849881321192,0.00010011717677116394,4.103395156562328,1.0496685011312366,True,0.041516948874120746,False
capacity,04,251,4.051898140460253,0.3328770399093628,6.984919309616089e-05,4.051967989653349,1.053746759193018,True,0.12919651867777127,False
capacity,04,252,4.0420591831207275,0.3406819887459278,0.00010081566870212555,4.04215999878943,1.0578155391849577,True,0.10926983420150885,False
capacity,04,253,4.060734994709492,0.3613908775150776,0.00010011717677116394,4.060835111886263,1.0619026441127062,True,0.07926080542721636,False
capacity,04,254,4.6016748528927565,0.35095098428428173,9.010545909404755e-05,4.6017649583518505,1.0665305990260094,True,0.1093559289393778,False
capacity,04,255,4.043011926114559,0.33433991484344006,8.009374141693115e-05,4.043092019855976,1.0706001110374928,True,0.10435592920722811,False
capacity,04,256,4.039925988763571,0.3363338764756918,9.010545909404755e-05,4.040016094222665,1.0746667471248657,True,0.15051893278003728,False
capacity,04,257,4.041608888655901,0.3336688969284296,9.103678166866302e-05,4.04169992543757,1.0787347960285842,True,0.1288025491572829,False
capacity,04,258,4.267275100573897,0.35080197267234325,0.00010989606380462646,4.267384996637702,1.0830289411824197,True,0.14663426167873397,False
capacity,04,259,4.051468102261424,0.34083309583365917,8.987262845039368e-05,4.0515579748898745,1.0871066281106323,True,0.17148166219965078,False
capacity,04,260,4.037420963868499,0.335050979629159,0.00010104849934577942,4.037522012367845,1.0911698881536722,True,0.15773902881936788,False
capacity,04,261,4.056458128616214,0.3342099953442812,8.009374141693115e-05,4.056538222357631,1.095252645201981,True,0.1870968752607475,False
capacity,04,262,4.575856029987335,0.33424003049731255,9.010545909404755e-05,4.575946135446429,1.0998548101633787,True,0.15323447560540807,False
capacity,04,263,4.039996070787311,0.33979094587266445,9.988434612751007e-05,4.040095955133438,1.1039213160984218,True,0.14464191465146245,False
capacity,04,264,4.039284074679017,0.3424950409680605,9.103678166866302e-05,4.039375111460686,1.1079874210990965,True,0.14433970298937843,False
capacity,04,265,4.0387839544564486,0.3406330943107605,9.988434612751007e-05,4.038883838802576,1.1120527849998325,True,0.12298047860363244,False
capacity,04,266,4.250192083418369,0.34120306372642517,0.00010104849934577942,4.250293131917715,1.116333946119994,True,0.10823401884412542,False
capacity,04,267,4.052378935739398,0.33552292734384537,9.010545909404755e-05,4.052469041198492,1.1204129550606012,True,0.14063594563058376,False
capacity,04,268,4.0609759744256735,0.34127291291952133,0.00010011717677116394,4.061076091602445,1.1245007021352649,True,0.17086706056425022,False
capacity,04,269,4.054363118484616,0.33505214378237724,7.986091077327728e-05,4.05444297939539,1.1285814940929413,True,0.1613161312526753,False
capacity,04,270,4.6646129339933395,0.33552199602127075,8.009374141693115e-05,4.6646930277347565,1.1332723170053214,True,0.14492109118812552,False
capacity,04,271,4.028403898701072,0.3350719343870878,9.010545909404755e-05,4.028494004160166,1.137327471980825,True,0.16039748675995477,False
capacity,04,272,4.037811886519194,0.3342600539326668,8.009374141693115e-05,4.037891980260611,1.1413918039761484,True,0.14221046177551377,False
capacity,04,273,4.046818939968944,0.3334588836878538,8.009374141693115e-05,4.0468990337103605,1.1454652331303805,True,0.14514151938212985,False
capacity,04,274,4.145114915445447,0.3389690537005663,9.988434612751007e-05,4.1452147997915745,1.149638700997457,True,0.1381444162785878,False
capacity,04,275,4.077425925061107,0.34352787770330906,0.00010011717677116394,4.077526042237878,1.153750762110576,True,0.14027678835180352,False
capacity,04,276,4.059061873704195,0.34134299494326115,0.00010011717677116394,4.059161990880966,1.1578392500523478,True,0.14902115976469937,False
capacity,04,277,4.063691012561321,0.3434671089053154,8.987262845039368e-05,4.063780885189772,1.1619310739915818,True,0.1623998004632776,False
capacity,04,278,4.618516191840172,0.34546107053756714,9.080395102500916e-05,4.618606995791197,1.1665775831788778,True,0.16307843418933,False
capacity,04,279,4.06217691488564,0.33775600604712963,9.103678166866302e-05,4.062267951667309,1.1706670420244336,True,0.14026880549609022,False
capacity,04,280,4.049735143780708,0.33885915763676167,8.987262845039368e-05,4.049825016409159,1.1747432071715593,True,0.1318476747842925,False
capacity,04,281,4.378884099423885,0.3419751301407814,9.988434612751007e-05,4.378983983770013,1.179148631170392,True,0.15713958164739064,False
capacity,04,282,4.0923848282545805,0.336614903062582,0.00010011717677116394,4.092484945431352,1.183267235988751,True,0.15181966973932517,False
capacity,04,283,4.05211909674108,0.33740606158971786,8.009374141693115e-05,4.052199190482497,1.1873462551739067,True,0.174336652111877,False
capacity,04,284,4.051548196002841,0.3360840491950512,9.988434612751007e-05,4.0516480803489685,1.1914247141685337,True,0.14053826289345608,False
capacity,04,285,4.075583070516586,0.33807684667408466,8.102506399154663e-05,4.075664095580578,1.195527148200199,True,0.14515381513904693,False
capacity,04,286,4.174740053713322,0.33745612017810345,9.988434612751007e-05,4.174839938059449,1.1997301110532135,True,0.1156610811579446,False
capacity,04,287,4.051988944411278,0.3361441195011139,9.988434612751007e-05,4.052088828757405,1.20380939100869,True,0.18587552152869274,False
capacity,04,288,4.039494786411524,0.33960980363190174,7.008202373981476e-05,4.039564868435264,1.2078765779733658,True,0.15675653184919222,False
capacity,04,289,4.037350881844759,0.3392088692635298,9.010545909404755e-05,4.037440987303853,1.211940750014037,True,0.21582304291738816,False
capacity,04,290,4.603749141097069,0.3391799982637167,8.987262845039368e-05,4.603839013725519,1.2165711391717196,True,0.2148450940507193,False
capacity,04,291,4.053852986544371,0.33170590177178383,9.010545909404755e-05,4.053943092003465,1.2206518221646547,True,0.23682298691749434,False
capacity,04,292,4.057619022205472,0.33254711888730526,7.986091077327728e-05,4.057698883116245,1.2247352190315723,True,0.21447439274498653,False
capacity,04,293,4.35556098818779,0.3335089422762394,8.009374141693115e-05,4.355641081929207,1.2291172600816935,True,0.24027266955151136,False
capacity,04,294,4.073199117556214,0.33585308119654655,9.988434612751007e-05,4.073299001902342,1.233217520173639,True,0.1932725987051135,False
capacity,04,295,4.050105111673474,0.3306830767542124,8.987262845039368e-05,4.050194984301925,1.2372936941683292,True,0.6500176170174423,False
capacity,04,296,4.037261009216309,0.33260718919336796,8.987262845039368e-05,4.037350881844759,1.2413574350066483,True,0.5752369951400638,False
capacity,04,297,4.063329892233014,0.33171498216688633,9.010545909404755e-05,4.063419997692108,1.2454473550897092,True,0.4947191133395893,False
capacity,04,298,4.156674956902862,0.33277692273259163,9.103678166866302e-05,4.15676599368453,1.249630771111697,True,0.543172052680872,False
capacity,04,299,4.066757159307599,0.3278979565948248,8.987262845039368e-05,4.0668470319360495,1.2537238881923258,True,0.4759040982442888,False
capacity,04,300,4.053502110764384,0.32965210266411304,8.009374141693115e-05,4.053582204505801,1.2578036691993475,True,0.3715618153971313,False
capacity,04,301,4.0302579291164875,0.3341999836266041,8.009374141693115e-05,4.030338022857904,1.2618602861184627,True,0.39766896259939144,False
capacity,04,302,4.599770996719599,0.3505710046738386,0.00010011717677116394,4.59987111389637,1.2664863471873105,True,0.35220742459146515,False
capacity,04,303,4.064813023433089,0.3299820236861706,9.010545909404755e-05,4.064903128892183,1.2705788321327418,True,0.37893360294758693,False
capacity,04,304,4.043602850288153,0.3296809736639261,0.00012014061212539673,4.043722990900278,1.2746495560277253,True,0.29930338845989535,False
capacity,04,305,4.361282102763653,0.3275780472904444,9.988434612751007e-05,4.36138198710978,1.2790369670838118,True,0.2863701888625769,False
capacity,04,306,4.109627101570368,0.3346300218254328,9.103678166866302e-05,4.1097181383520365,1.2831756791565567,True,0.4835199305067338,False
capacity,04,307,4.024396883323789,0.32717688009142876,0.00011012889444828033,4.024507012218237,1.287226686021313,True,0.31390241088185405,False
capacity,04,308,4.054042976349592,0.32861996442079544,0.00010011717677116394,4.054143093526363,1.2913070381619036,True,0.3012118575416308,False
capacity,04,309,4.095801152288914,0.3302730619907379,9.988434612751007e-05,4.095901036635041,1.2954295191448182,True,0.24551706428151115,False
capacity,04,310,4.403301049023867,0.3335080109536648,0.00010104849934577942,4.403402097523212,1.2998595112003386,True,0.26970008454893135,False
capacity,04,311,4.079320002347231,0.339399091899395,0.00010104849934577942,4.079421050846577,1.3039664230309427,True,0.2785702349820672,False
capacity,04,312,4.051938885822892,0.3391790669411421,9.010545909404755e-05,4.052028991281986,1.308045512996614,True,0.24156945542354258,False
capacity,04,313,4.048742121085525,0.3378759138286114,0.00010104849934577942,4.04884316958487,1.3121207451913506,True,0.2117185777824404,False
capacity,04,314,4.1279720608145,0.3401408903300762,0.00010011717677116394,4.128072177991271,1.316275758203119,True,0.20492964260780894,False
capacity,04,315,4.0370209608227015,0.33150496892631054,9.010545909404755e-05,4.0371110662817955,1.3203395791351795,True,0.24134917133620576,False
capacity,04,316,4.03948500752449,0.32878899946808815,0.00011106021702289581,4.039596067741513,1.3244060950819403,True,0.2678192929092544,False
capacity,04,317,4.04762988910079,0.3296008799225092,9.010545909404755e-05,4.047719994559884,1.3284803950227797,True,0.22030414292095418,False
capacity,04,318,4.645738052204251,0.3297422081232071,8.987262845039368e-05,4.645827924832702,1.3331525230314583,True,0.24435101662142344,False
capacity,04,319,4.033904988318682,0.3310739994049072,0.00010989606380462646,4.034014884382486,1.3372139900457114,True,0.209517360929743,False
capacity,04,320,4.057569894939661,0.3300029784440994,0.00010011717677116394,4.057670012116432,1.3412985000759363,True,0.11242174342272745,False
capacity,04,321,4.055025056004524,0.3343599382787943,9.010545909404755e-05,4.055115161463618,1.3453803551383317,True,0.15553806467615786,False
capacity,04,322,4.130196059122682,0.3400410059839487,7.986091077327728e-05,4.130275920033455,1.349537291098386,True,0.17965056051462522,False
capacity,04,323,4.062789026647806,0.3344311844557524,8.987262845039368e-05,4.062878899276257,1.3536272910423577,True,0.11528689977035052,False
capacity,04,324,4.055734956637025,0.3366039600223303,0.00010104849934577942,4.055836005136371,1.3577097069937736,True,0.12343352824646286,False
capacity,04,325,4.0515579748898745,0.33620395697653294,0.00010011717677116394,4.051658092066646,1.361787835136056,True,0.11742694710347724,False
capacity,04,326,4.618396982550621,0.34553208388388157,9.010545909404755e-05,4.618487088009715,1.3664332830812782,True,0.05419881855520219,False
capacity,04,327,4.039334831759334,0.3386579919606447,8.009374141693115e-05,4.0394149255007505,1.370500409975648,True,0.06408264751987042,False
capacity,04,328,4.067327128723264,0.33765705302357674,9.988434612751007e-05,4.067427013069391,1.3745943871326745,True,0.10981334071559361,False
capacity,04,329,4.040255909785628,0.33711502328515053,0.00011106021702289581,4.040366970002651,1.3786611640825868,True,0.1045593423745665,False
capacity,04,330,4.184548044577241,0.33739604987204075,8.009374141693115e-05,4.184628138318658,1.3828726231586188,True,0.1295283469296822,False
capacity,04,331,4.041329026222229,0.3405320458114147,0.00010011717677116394,4.041429143399,1.3869408131577075,True,0.16456783384116602,False
capacity,04,332,4.043002147227526,0.3390391357243061,9.988434612751007e-05,4.043102031573653,1.391010485123843,True,0.15225513839606666,False
capacity,04,333,4.073890158906579,0.34385803155601025,0.00010989606380462646,4.074000054970384,1.395111536141485,True,0.1556808671480365,False
capacity,04,334,4.634035984054208,0.34034205600619316,9.988434612751007e-05,4.634135868400335,1.3997729329857975,True,0.1499295856010783,False
capacity,04,335,4.070013063028455,0.34230505116283894,8.987262845039368e-05,4.070102935656905,1.4038698570802808,True,0.16157389682565224,False
capacity,04,336,4.052720032632351,0.3422850277274847,8.987262845039368e-05,4.052809905260801,1.4079488960560411,True,0.12796697073679592,False
capacity,04,337,4.054995020851493,0.3429271746426821,7.986091077327728e-05,4.055074881762266,1.4120304810348898,True,0.6696702860567906,False
capacity,04,338,4.337737103924155,0.34082215279340744,9.988434612751007e-05,4.337836988270283,1.416394367115572,True,0.7275245171836406,False
capacity,04,339,4.053371027112007,0.33521209843456745,8.987262845039368e-05,4.0534608997404575,1.4204740880522877,True,0.7115158118046435,True
capacity,04,340,4.045836161822081,0.3330870531499386,9.103678166866302e-05,4.045927198603749,1.4245461341924965,True,0.6303023140404302,False
capacity,04,341,4.042231012135744,0.33359904773533344,7.986091077327728e-05,4.042310873046517,1.4286148350220174,True,0.5908468304163708,False
capacity,04,342,4.6129359398037195,0.33899908885359764,7.986091077327728e-05,4.613015800714493,1.4332539699971676,True,0.6162915391161189,False
capacity,04,343,4.048081114888191,0.3354630898684263,9.988434612751007e-05,4.048180999234319,1.4373291421215981,True,0.5654397798742983,False
capacity,04,344,4.047248978167772,0.33326796256005764,8.102506399154663e-05,4.047330003231764,1.4414030120242387,True,0.48233972587001633,False
capacity,04,345,4.03773202560842,0.33234688453376293,8.009374141693115e-05,4.037812119349837,1.445467074168846,True,0.49173094553895746,False
capacity,04,346,4.293404053896666,0.333279138430953,6.984919309616089e-05,4.293473903089762,1.4497869170736521,True,0.4040235670555682,False
capacity,04,347,4.05640690587461,0.34009083174169064,7.008202373981476e-05,4.05647698789835,1.4538700750563294,True,0.4018920022636251,False
capacity,04,348,4.051657859236002,0.34052180126309395,8.102506399154663e-05,4.0517388842999935,1.4579482630360872,True,0.3765621063898953,False
capacity,04,349,4.040347179397941,0.33922004513442516,8.987262845039368e-05,4.040437052026391,1.4620149491820484,True,0.37949660012362463,False
capacity,04,350,4.26894798874855,0.3409429918974638,8.987262845039368e-05,4.269037861377001,1.4663103769998997,True,0.4418846028524395,False
capacity,04,351,4.034204874187708,0.33540185540914536,9.010545909404755e-05,4.034294979646802,1.4703711720649153,True,0.3952032982248095,False
capacity,04,352,4.038342973217368,0.33402908593416214,0.00011082738637924194,4.038453800603747,1.4744358849711716,True,0.44503810582331926,False
capacity,04,353,4.046538146212697,0.33642398193478584,0.00011106021702289581,4.04664920642972,1.478508923202753,True,0.42942091822716033,False
capacity,04,354,4.660075064748526,0.33536204136908054,0.00010011717677116394,4.660175181925297,1.4831957581918687,True,0.40303996603740455,False
capacity,04,355,4.067949019372463,0.34057185985147953,0.00010011717677116394,4.068049136549234,1.4872918901965022,True,0.3790072643921254,False
capacity,04,356,4.049904877319932,0.332866795361042,0.00010011717677116394,4.050004994496703,1.4913682250771672,True,0.3886958517824913,False
capacity,04,357,4.044163040816784,0.33425004221498966,0.00010104849934577942,4.04426408931613,1.4954387780744582,True,0.3866611271835717,False
capacity,04,358,4.1726259514689445,0.3396200481802225,9.103678166866302e-05,4.172716988250613,1.4996380750089884,True,0.35366593695156184,False
capacity,04,359,4.065745044499636,0.33520208671689034,9.988434612751007e-05,4.065844928845763,1.5037306600715965,True,0.32294564379942203,False
capacity,04,360,4.058751044794917,0.3332882188260555,0.00010989606380462646,4.058860940858722,1.507815961027518,True,0.2351335472225254,False
capacity,04,361,4.053441109135747,0.3407520707696676,0.00010081566870212555,4.053541924804449,1.511895622126758,True,0.21080120084265866,False
capacity,04,362,4.610502161085606,0.34059304744005203,8.987262845039368e-05,4.610592033714056,1.5165328341536224,True,0.18607388549798703,False
capacity,04,363,4.057618789374828,0.33369893208146095,9.103678166866302e-05,4.057709826156497,1.520617363974452,True,0.1673004950092632,False
capacity,04,364,4.0540320333093405,0.33615296706557274,0.00011106021702289581,4.054143093526363,1.5246977761853486,True,0.12200747176812171,False
capacity,04,365,4.42065391689539,0.3342898562550545,8.009374141693115e-05,4.4207340106368065,1.529145501088351,True,0.12319970969792485,False
capacity,04,366,4.116811091080308,0.33609289675951004,0.00010104849934577942,4.116912139579654,1.533289864193648,True,0.09243625486193639,False
capacity,04,367,4.042310873046517,0.33573294058442116,9.010545909404755e-05,4.042400978505611,1.53735915501602,True,0.03820122710871497,False
capacity,04,368,4.045346053317189,0.3388989716768265,0.0002100132405757904,4.045556066557765,1.5414321532007307,True,0.057066992040698566,False
capacity,04,369,4.042711108922958,0.3342200070619583,0.00010011717677116394,4.0428112260997295,1.5455013941973448,True,0.07545820763874225,False
capacity,04,370,4.170461790636182,0.34149386920034885,8.009374141693115e-05,4.170541884377599,1.5496984759811312,True,0.06233849187063534,False
capacity,04,371,4.036729922518134,0.3327669110149145,7.008202373981476e-05,4.036800004541874,1.5537616161163896,True,0.07020982923840582,False
capacity,04,372,4.0409681387245655,0.34177396446466446,8.987262845039368e-05,4.041058011353016,1.5578289241530001,True,0.08160584233841348,False
capacity,04,373,4.045194946229458,0.33850804902613163,0.00010011717677116394,4.045295063406229,1.56190025806427,True,0.07430633046741972,False
capacity,04,374,4.645387176424265,0.34040119498968124,9.080395102500916e-05,4.64547798037529,1.5665796701796353,True,0.06835402905459942,False
capacity,04,375,4.048733040690422,0.3363140858709812,6.984919309616089e-05,4.048802889883518,1.5706550830509514,True,0.08430461159892164,False
capacity,04,376,4.065054003149271,0.3353320062160492,9.988434612751007e-05,4.0651538874953985,1.5747469570487738,True,0.0926867180085982,False
capacity,04,377,4.352825926616788,0.33972086384892464,9.010545909404755e-05,4.352916032075882,1.5791260821279138,True,0.09205022917761498,False
capacity,04,378,4.106712061911821,0.33586309291422367,9.988434612751007e-05,4.106811946257949,1.5832597650587559,True,0.1009134719874206,False
capacity,05,0,3.8023381493985653,0.328349182382226,8.987262845039368e-05,3.8024280220270157,0.003822335973381996,False,,
capacity,05,1,3.7914670538157225,0.32800808548927307,0.00015087425708770752,3.79161792807281,0.007635864894837141,False,,
capacity,05,2,3.7921289913356304,0.3343711141496897,0.00011990778148174286,3.792248899117112,0.011449894867837429,False,,
capacity,05,3,4.246104974299669,0.33578299917280674,0.00011012889444828033,4.2462151031941175,0.015717590926215053,False,,
capacity,05,4,3.8377740420401096,0.3297410439699888,0.00012083910405635834,3.837894881144166,0.019583467859774828,False,,
capacity,05,5,3.7904949858784676,0.3362030256539583,0.00012107193470001221,3.7906160578131676,0.023395944852381945,False,,
capacity,05,6,3.8092511240392923,0.33576320856809616,0.00014994293451309204,3.8094010669738054,0.027226676931604743,False,,
capacity,05,7,4.261845024302602,0.3312549088150263,0.0001501757651567459,4.261995200067759,0.031510483007878065,False,,
capacity,05,8,3.8488360587507486,0.33579301089048386,9.988434612751007e-05,3.848935943096876,0.035381780937314034,False,,
capacity,05,9,3.7921590264886618,0.33732596784830093,0.000141095370054245,3.792300121858716,0.03919632197357714,False,,
capacity,05,10,3.7978889886289835,0.3314949572086334,0.00011990778148174286,3.7980088964104652,0.043016071897000074,False,,
capacity,05,11,4.261513939127326,0.33353897742927074,0.00012014061212539673,4.261634079739451,0.04729962791316211,False,,
capacity,05,12,3.857932984828949,0.33205607905983925,0.00011990778148174286,3.8580528926104307,0.05117943184450269,False,,
capacity,05,13,3.8150420878082514,0.33307820558547974,0.00011990778148174286,3.815161995589733,0.05501746688969433,False,,
capacity,05,14,3.7936309818178415,0.33024209551513195,0.00011990778148174286,3.7937508895993233,0.0588332898914814,False,,
capacity,05,15,4.324011970311403,0.3288800362497568,0.00012014061212539673,4.324132110923529,0.06317909294739366,False,,
capacity,05,16,4.049113020300865,0.3272669855505228,0.00012107193470001221,4.049234092235565,0.06725237192586064,False,,
capacity,05,17,4.007925977930427,0.32601505517959595,0.00011012889444828033,4.008036106824875,0.07128287991508842,False,,
capacity,05,18,4.013435915112495,0.3265750128775835,0.00012107193470001221,4.013556987047195,0.07531846780329943,False,,
capacity,05,19,4.319614032283425,0.3275179769843817,0.00011990778148174286,4.319733940064907,0.0796602729242295,False,,
capacity,05,20,4.039654973894358,0.33164583146572113,0.00011012889444828033,4.039765102788806,0.08372253994457424,False,,
capacity,05,21,4.601084161549807,0.3280790988355875,0.00010989606380462646,4.601194057613611,0.08835215796716511,False,,
capacity,05,22,3.9960339199751616,0.3300721291452646,0.00011990778148174286,3.9961538277566433,0.09237114479765296,False,,
capacity,05,23,4.311939002946019,0.3296518698334694,0.00011012889444828033,4.3120491318404675,0.09670535498298705,False,,
capacity,05,24,4.041458014398813,0.32915989868342876,0.00012107193470001221,4.041579086333513,0.10077457595616579,False,,
capacity,05,25,3.9993689861148596,0.3301519900560379,0.00012014061212539673,3.999489126726985,0.10479638795368373,False,,
capacity,05,26,4.002104979008436,0.3297219518572092,0.00011012889444828033,4.0022151079028845,0.10882083489559591,False,,
capacity,05,27,4.3002169113606215,0.3325368743389845,0.00011012889444828033,4.30032704025507,0.11314344382844865,False,,
capacity,05,28,4.0622681844979525,0.3317252267152071,0.00013085082173347473,4.062399035319686,0.11722805397585034,False,,
capacity,05,29,3.9988181088119745,0.32681599259376526,0.00010989606380462646,3.998928004875779,0.12124935397878289,False,,
capacity,05,30,3.9982169400900602,0.3231989685446024,0.00012107193470001221,3.9983380120247602,0.1252699038013816,False,,
capacity,05,31,4.307409981265664,0.32242806628346443,0.00010011717677116394,4.307510098442435,0.12959980592131615,False,,
capacity,05,32,4.049523966386914,0.32627489417791367,0.00010011717677116394,4.049624083563685,0.13367217290215194,False,,
capacity,05,33,4.007305018603802,0.33427984453737736,0.00012014061212539673,4.007425159215927,0.1377021709922701,False,,
capacity,05,34,4.005871945992112,0.32883998937904835,0.00011990778148174286,4.005991853773594,0.14173051482066512,False,,
capacity,05,35,4.378534154966474,0.3236799966543913,0.00010989606380462646,4.378644051030278,0.1461314109619707,True,0.0,False
capacity,05,36,4.090782022103667,0.32952195033431053,8.009374141693115e-05,4.090862115845084,0.15024986490607262,True,0.0082831223904612,False
capacity,05,37,4.041297826915979,0.3278579097241163,0.00011012889444828033,4.041407955810428,0.1543181138113141,True,0.0031721963241356623,False
capacity,05,38,4.045265959575772,0.3281589597463608,8.987262845039368e-05,4.045355832204223,0.15838982979767025,True,0.0,False
capacity,05,39,4.395185969769955,0.3341399133205414,8.009374141693115e-05,4.395266063511372,0.16281188698485494,True,0.0,False
capacity,05,40,4.094467964023352,0.3292500041425228,0.00010104849934577942,4.0945690125226974,0.16693290486000478,True,0.007890317592350602,False
capacity,05,41,4.04345290735364,0.3293410409241915,7.008202373981476e-05,4.043522989377379,0.1710028077941388,True,0.0023315345403004738,False
capacity,05,42,4.039173945784569,0.32915989868342876,9.010545909404755e-05,4.039264051243663,0.17506860196590424,True,0.005706084851341615,False
capacity,05,43,4.051577998325229,0.3310341853648424,9.988434612751007e-05,4.051677882671356,0.179147140821442,True,0.00027005329870103724,False
capacity,05,44,4.341524792835116,0.33761584199965,0.00011012889444828033,4.341634921729565,0.18351525580510497,True,0.013498201244164561,False
capacity,05,45,4.035877995193005,0.3383778966963291,9.988434612751007e-05,4.035977879539132,0.18757783388718963,True,0.005534232752168216,False
capacity,05,46,4.033643985167146,0.3369350451976061,0.00011012889444828033,4.033754114061594,0.19163842895068228,True,0.0,False
capacity,05,47,4.0344661101698875,0.3356130328029394,8.987262845039368e-05,4.034555982798338,0.19570008595474064,True,0.0,False
capacity,05,48,4.101953003555536,0.33275806345045567,0.00010011717677116394,4.102053120732307,0.19983465992845595,True,0.0,False
capacity,05,49,4.034274956211448,0.32996200025081635,8.102506399154663e-05,4.034355981275439,0.20389620680361986,True,0.004939073967152138,False
capacity,05,50,4.053510958328843,0.3305431455373764,8.987262845039368e-05,4.0536008309572935,0.20797616778872907,True,0.0,False
capacity,05,51,4.353136057034135,0.329300994053483,0.00010104849934577942,4.353237105533481,0.21235559391789138,True,0.0,False
capacity,05,52,4.103645915165544,0.33227703534066677,8.009374141693115e-05,4.1037260089069605,0.21648697182536125,True,0.0,False
capacity,05,53,4.050697200000286,0.33526308834552765,7.986091077327728e-05,4.050777060911059,0.22056428901851177,True,0.0,False
capacity,05,54,4.030958982184529,0.334050040692091,8.009374141693115e-05,4.031039075925946,0.22462178790010512,True,0.0,False
capacity,05,55,4.048431990668178,0.33483095467090607,8.009374141693115e-05,4.0485120844095945,0.2286964189261198,True,0.0,False
capacity,05,56,4.1867331601679325,0.33856905065476894,8.987262845039368e-05,4.186823032796383,0.23290970199741423,True,0.0,False
capacity,05,57,4.0506660006940365,0.3298618830740452,5.005858838558197e-05,4.050716059282422,0.23698693793267012,True,0.0,False
capacity,05,58,4.034555051475763,0.3301121760159731,0.00010081566870212555,4.0346558671444654,0.24104829388670623,True,0.000964901180207298,False
capacity,05,59,4.03324281796813,0.32975198701024055,9.010545909404755e-05,4.033332923427224,0.24510786682367325,True,0.006100377546414752,False
capacity,05,60,4.614718956872821,0.3288199659436941,0.00010011717677116394,4.614819074049592,0.2497494169510901,True,0.011235853912622207,False
capacity,05,61,4.035837948322296,0.3283889964222908,7.008202373981476e-05,4.035908030346036,0.2538117249496281,True,0.015230113308561334,False
capacity,05,62,4.03569801710546,0.3300621174275875,9.080395102500916e-05,4.035788821056485,0.25787354283966124,True,0.019224372704500465,False
capacity,05,63,4.4030610006302595,0.33051404170691967,9.010545909404755e-05,4.403151106089354,0.26230307295918465,True,0.02264802361530543,False
capacity,05,64,4.101742058992386,0.330932904034853,9.010545909404755e-05,4.10183216445148,0.26643123500980437,True,0.0260716745261104,False
capacity,05,65,4.03495691716671,0.33712596632540226,7.986091077327728e-05,4.035036778077483,0.27049270179122686,True,0.017487996949216066,False
capacity,05,66,4.055504919961095,0.3399299457669258,8.102506399154663e-05,4.055585945025086,0.2745751778129488,True,0.019794981189634624,False
capacity,05,67,4.06527379527688,0.3349417820572853,0.00010011717677116394,4.065373912453651,0.2786672518122941,True,0.02264802361530543,False
capacity,05,68,4.233490908518434,0.343607971444726,9.010545909404755e-05,4.233581013977528,0.28292775386944413,True,0.0010013546557895259,False
capacity,05,69,4.045014968141913,0.3284187987446785,8.009374141693115e-05,4.04509506188333,0.28699929895810783,True,0.0010259049556714387,False
capacity,05,70,4.033423960208893,0.3296609502285719,9.010545909404755e-05,4.033514065667987,0.29105958389118314,True,0.0,False
capacity,05,71,4.049825016409159,0.33017294481396675,9.010545909404755e-05,4.049915121868253,0.2951358479913324,True,7.439484812686068e-06,False
capacity,05,72,4.612965974956751,0.3307031001895666,7.986091077327728e-05,4.613045835867524,0.2997753438539803,True,0.0006762491694745043,False
capacity,05,73,4.036640049889684,0.3260951489210129,7.986091077327728e-05,4.036719910800457,0.3038385638501495,True,0.052347377278007964,False
capacity,05,74,4.037461010739207,0.3276870120316744,9.103678166866302e-05,4.037552047520876,0.3079024648759514,True,0.003646091506704725,False
capacity,05,75,4.429300082847476,0.3274870105087757,0.00010989606380462646,4.429409978911281,0.31235822499729693,True,0.006100377546414752,False
capacity,05,76,4.081013845279813,0.328949885442853,9.010545909404755e-05,4.081103950738907,0.3164664898067713,True,0.008953419972085559,False
capacity,05,77,4.063619999215007,0.3324858844280243,9.103678166866302e-05,4.0637110359966755,0.32055713096633554,True,0.0,False
capacity,05,78,4.1056599002331495,0.34490088000893593,9.010545909404755e-05,4.105750005692244,0.32469632383435965,True,0.0,False
capacity,05,79,4.065774846822023,0.3278388176113367,0.00010011717677116394,4.0658749639987946,0.32879848685115576,True,0.0,False
capacity,05,80,4.689942114055157,0.33238716423511505,9.988434612751007e-05,4.690041998401284,0.3335208399221301,True,0.0,False
capacity,05,81,4.07121516764164,0.33522211015224457,9.988434612751007e-05,4.071315051987767,0.3376248059794307,True,0.0,False
capacity,05,82,4.056667909026146,0.33475086092948914,0.00010011717677116394,4.056768026202917,0.34171264292672276,True,0.0,False
capacity,05,83,4.141096957027912,0.3260949160903692,9.010545909404755e-05,4.141187062487006,0.3458895869553089,True,0.0,False
capacity,05,84,4.286711104214191,0.3494380507618189,0.00011990778148174286,4.286831011995673,0.3502160629723221,True,0.0,False
capacity,05,85,4.581738030537963,0.33098412677645683,9.988434612751007e-05,4.58183791488409,0.35483037191443145,True,0.0,False
capacity,05,86,4.0914330165833235,0.3362339921295643,0.00011012889444828033,4.091543145477772,0.3589544959831983,True,0.0,False
capacity,05,87,4.583891946822405,0.3265461418777704,0.00010989606380462646,4.5840018428862095,0.36356779281049967,True,0.0,False
capacity,05,88,5.257020005956292,0.43810601346194744,0.00027101486921310425,5.257291020825505,0.3688624638598412,True,0.0,False
capacity,05,89,4.874028032645583,0.38842204958200455,7.986091077327728e-05,4.874107893556356,0.37376693985424936,True,0.0,False
capacity,05,90,4.200699040666223,0.3281680401414633,9.103678166866302e-05,4.200790077447891,0.37799764587543905,True,0.0026566400266154954,False
capacity,05,91,4.801271017640829,0.416706083342433,0.00011990778148174286,4.801390925422311,0.38283327082172036,True,0.0,False
capacity,05,92,4.077005898579955,0.3521540202200413,0.00012014061212539673,4.0771260391920805,0.3869433698710054,True,0.0,False
capacity,05,93,4.036107799038291,0.32509188167750835,7.101334631443024e-05,4.036178812384605,0.3910064788069576,True,0.0083828114869514,False
capacity,05,94,4.044143948704004,0.3259149380028248,7.986091077327728e-05,4.044223809614778,0.39507664181292057,True,0.0021842327410089893,False
capacity,05,95,4.592536948621273,0.32625487074255943,0.00010104849934577942,4.592637997120619,0.3996959999203682,True,0.0,False
capacity,05,96,4.040516912937164,0.3308339510113001,0.00010011717677116394,4.0406170301139355,0.40376346791163087,True,0.027783499981512885,False
capacity,05,97,4.02879505418241,0.3244010731577873,9.988434612751007e-05,4.028894938528538,0.4078186028636992,True,0.0,False
capacity,05,98,4.073258023709059,0.3240611404180527,6.984919309616089e-05,4.073327872902155,0.41191797982901335,True,0.0,False
capacity,05,99,4.269277909770608,0.3356731031090021,9.988434612751007e-05,4.2693777941167355,0.41621824679896235,True,0.0,False
capacity,05,100,4.067377187311649,0.3301519900560379,9.080395102500916e-05,4.067467991262674,0.4203154509887099,True,0.0,False
capacity,05,101,4.049725132063031,0.32741809263825417,9.988434612751007e-05,4.049825016409159,0.42439346900209785,True,0.0017869642520107567,False
capacity,05,102,4.045176086947322,0.33485214225947857,7.986091077327728e-05,4.045255947858095,0.42846646695397794,True,0.005732123048186061,False
capacity,05,103,4.637041827663779,0.33181579783558846,9.010545909404755e-05,4.637131933122873,0.43313156184740365,True,0.0010936042674670257,False
capacity,05,104,4.04463498853147,0.326705863699317,9.010545909404755e-05,4.044725093990564,0.43720400892198086,True,0.0015340217683789304,False
capacity,05,105,4.0503148920834064,0.325182918459177,9.103678166866302e-05,4.050405928865075,0.44128080387599766,True,0.0,False
capacity,05,106,4.052519099786878,0.32654497772455215,9.103678166866302e-05,4.052610136568546,0.4453600039705634,True,0.021178234114581473,False
capacity,05,107,4.1708918288350105,0.32898993231356144,9.103678166866302e-05,4.170982865616679,0.44955822778865695,True,0.07774653291324918,False
capacity,05,108,4.0387839544564486,0.3302530385553837,9.988434612751007e-05,4.038883838802576,0.45362394279800355,True,0.0,False
capacity,05,109,4.039034014567733,0.3310639876872301,9.103678166866302e-05,4.0391250513494015,0.457689817994833,True,0.0,False
capacity,05,110,4.041337873786688,0.33101392909884453,0.00011012889444828033,4.041448002681136,0.46175759588368237,True,0.0,False
capacity,05,111,4.589291987940669,0.3282588440924883,9.010545909404755e-05,4.589382093399763,0.466373577946797,True,0.004939073967152138,False
capacity,05,112,4.052889999002218,0.3322260454297066,0.00010104849934577942,4.052991047501564,0.4704528779257089,True,0.0,False
capacity,05,113,4.023053916171193,0.33215596340596676,9.010545909404755e-05,4.023144021630287,0.4745028829202056,True,0.0,False
capacity,05,114,4.039896186441183,0.3341301344335079,0.00010989606380462646,4.040006082504988,0.4785693089943379,True,0.0,False
capacity,05,115,4.171113017946482,0.33536204136908054,0.00010104849934577942,4.1712140664458275,0.4827678438741714,True,0.0,False
capacity,05,116,4.043422872200608,0.3266658168286085,9.010545909404755e-05,4.043512977659702,0.48683799686841667,True,0.0,False
capacity,05,117,4.0504359640181065,0.32878993079066277,8.987262845039368e-05,4.050525836646557,0.4909146218560636,True,0.0,False
capacity,05,118,4.0367599576711655,0.3264651168137789,8.987262845039368e-05,4.036849830299616,0.49497755081392825,True,0.0,False
capacity,05,119,4.723204066976905,0.40687713772058487,0.00013993121683597565,4.723343998193741,0.49973324593156576,True,0.0,False
capacity,05,120,4.029094940051436,0.3236799966543913,0.00010104849934577942,4.029195988550782,0.5037890218663961,True,0.0,False
capacity,05,121,4.015418933704495,0.32689585350453854,0.00010104849934577942,4.015519982203841,0.5078312219120562,True,0.0,False
capacity,05,122,4.391798982396722,0.32669492065906525,0.00010104849934577942,4.391900030896068,0.512249250896275,True,0.0,False
capacity,05,123,4.082215018570423,0.3361739218235016,9.010545909404755e-05,4.082305124029517,0.5163584069814533,True,0.0,False
capacity,05,124,4.0518781170248985,0.330792972818017,0.00010989606380462646,4.051988013088703,0.5204366350080818,True,0.010848931844015284,False
capacity,05,125,4.0449961088597775,0.3353229258209467,0.00010011717677116394,4.045096226036549,0.5245081710163504,True,0.0,False
capacity,05,126,4.083577776327729,0.33556181006133556,8.009374141693115e-05,4.083657870069146,0.5286181787960231,True,0.0,False
capacity,05,127,4.169679945334792,0.3420040011405945,9.988434612751007e-05,4.16977982968092,0.5328152908477932,True,0.00153550966534146,False
capacity,05,128,4.052158910781145,0.3314749337732792,8.009374141693115e-05,4.052239004522562,0.5368943808134645,True,0.006100377546414752,False
capacity,05,129,4.01978800073266,0.33067306503653526,9.010545909404755e-05,4.019878106191754,0.5409406688995659,True,0.010094636942353883,False
capacity,05,130,4.054483026266098,0.33006188459694386,0.00012014061212539673,4.054603166878223,0.5450211910065264,True,0.03893698561711275,False
capacity,05,131,4.734906135126948,0.42368914000689983,0.00012083910405635834,4.735026974231005,0.5497888189274818,True,0.0,False
capacity,05,132,4.058371065184474,0.33253710716962814,9.988434612751007e-05,4.0584709495306015,0.5538743808865547,True,0.000271541195663567,False
capacity,05,133,4.02617990039289,0.3303028643131256,7.008202373981476e-05,4.02624998241663,0.5579310678876936,True,0.002603075735964041,False
capacity,05,134,4.3494789861142635,0.3307431470602751,8.102506399154663e-05,4.349560011178255,0.562306716805324,True,0.0,False
capacity,05,135,4.105249186977744,0.3325070720165968,8.987262845039368e-05,4.1053390596061945,0.566438385983929,True,0.009104996833741656,False
capacity,05,136,4.049884853884578,0.3388389013707638,0.00010011717677116394,4.049984971061349,0.5705150808207691,True,0.021069027722635695,False
capacity,05,137,4.036419093608856,0.3384780138731003,0.00010104849934577942,4.036520142108202,0.5745777499396354,True,0.0,False
capacity,05,138,4.088637186214328,0.3400209825485945,9.988434612751007e-05,4.088737070560455,0.5786933680064976,True,0.02304862235120257,False
capacity,05,139,4.1826150845736265,0.34021097235381603,8.009374141693115e-05,4.1826951783150434,0.582902804017067,True,0.05263629443247768,False
capacity,05,140,4.041449166834354,0.3334691282361746,6.984919309616089e-05,4.041519016027451,0.5869704319629818,True,0.04145293162166204,False
capacity,05,141,4.043733002617955,0.33480115234851837,0.00011082738637924194,4.0438438300043344,0.5910404548048973,True,0.029946530527495435,False
capacity,05,142,4.047579830512404,0.3329778555780649,9.010545909404755e-05,4.0476699359714985,0.5951141838449985,True,0.031626935185929725,False
capacity,05,143,4.749713931232691,0.41918992064893246,0.00011012889444828033,4.749824060127139,0.5998965199105442,True,0.0527567916225368,False
capacity,05,144,4.03683097101748,0.3321371041238308,9.988434612751007e-05,4.036930855363607,0.6039603408426046,True,0.05036998268165231,False
capacity,05,145,4.040366970002651,0.33171498216688633,0.00010011717677116394,4.040467087179422,0.60802679695189,True,0.024359849070707915,False
capacity,05,146,4.343539010733366,0.3321359399706125,0.00011012889444828033,4.343649139627814,0.6123967149760574,True,0.026642283011244564,False
capacity,05,147,4.104106919839978,0.345590990036726,9.103678166866302e-05,4.104197956621647,0.6165278928820044,True,0.028924716951781212,False
capacity,05,148,4.0269719902426,0.3364139702171087,0.00011012889444828033,4.027082119137049,0.6205810939427465,True,0.03120715089231785,False
capacity,05,149,4.040315980091691,0.338889192789793,0.00011082738637924194,4.04042680747807,0.6246474687941372,True,0.033489584832854496,False
capacity,05,150,4.091081907972693,0.33512082882225513,0.00011106021702289581,4.091192968189716,0.628765381872654,True,0.035772018773391145,False
capacity,05,151,4.180721007287502,0.33547193743288517,0.00010011717677116394,4.1808211244642735,0.6329750779550523,True,0.038054452713927794,False
capacity,05,152,4.034134792163968,0.3333988133817911,0.00010011717677116394,4.034234909340739,0.6370358928106725,True,0.03919566968419611,False
capacity,05,153,4.025398986414075,0.33331895247101784,9.010545909404755e-05,4.025489091873169,0.6410878319293261,True,0.040336886654464436,False
capacity,05,154,4.064952954649925,0.3326069563627243,0.00010011717677116394,4.065053071826696,0.6451790139544755,True,0.04147810362473276,False
capacity,05,155,4.7343450132757425,0.42057293467223644,0.00013015232980251312,4.734475165605545,0.6499461010098457,True,0.04147810362473276,False
capacity,05,156,4.05176798813045,0.3330179024487734,0.00011012889444828033,4.0518781170248985,0.6540249299723655,True,0.04147810362473276,False
capacity,05,157,4.038213053718209,0.33241696655750275,9.988434612751007e-05,4.038312938064337,0.6580901639536023,True,0.04147810362473276,False
capacity,05,158,4.378975136205554,0.34028198570013046,9.988434612751007e-05,4.3790750205516815,0.6624958689790219,True,0.04147810362473276,False
capacity,05,159,4.0921540930867195,0.33818697556853294,0.00010104849934577942,4.092255141586065,0.6666146139614284,True,0.04147810362473276,False
capacity,05,160,4.0445150807499886,0.3357629757374525,8.009374141693115e-05,4.0445951744914055,0.6706863499712199,True,0.04147810362473276,False
capacity,05,161,4.050204996019602,0.3350009210407734,0.00010104849934577942,4.050306044518948,0.6747631148900837,True,0.04147810362473276,False
capacity,05,162,4.092405084520578,0.32813893631100655,9.988434612751007e-05,4.092504968866706,0.6788821299560368,True,0.04147810362473276,False
capacity,05,163,4.178066039457917,0.3310039173811674,0.00010104849934577942,4.178167087957263,0.6830875179730356,True,0.04147810362473276,False
capacity,05,164,4.052889999002218,0.32733683474361897,0.00010011717677116394,4.052990116178989,0.6871681699994951,True,0.015432467295466802,False
capacity,05,165,4.036078928038478,0.32562389969825745,8.009374141693115e-05,4.036159021779895,0.6912309098988771,True,0.014315800625080395,False
capacity,05,166,4.3950858525931835,0.327548012137413,0.00010011717677116394,4.395185969769955,0.6956524148117751,True,0.013794292739710062,False
capacity,05,167,4.100429825484753,0.33909990452229977,0.00010011717677116394,4.100529942661524,0.6997798047959805,True,0.08146671962534768,False
capacity,05,168,4.040195839479566,0.3305128775537014,0.00010011717677116394,4.040295956656337,0.7038466518279165,True,0.08371337137612014,False
capacity,05,169,4.056868143379688,0.3290900494903326,9.988434612751007e-05,4.056968027725816,0.7079295089934021,True,0.09597502220774519,False
capacity,05,170,4.087665118277073,0.3383769653737545,9.103678166866302e-05,4.087756155058742,0.7120439449790865,True,0.08644360770342056,False
capacity,05,171,4.230504855513573,0.3438678104430437,0.00010011717677116394,4.230604972690344,0.7163017918355763,True,0.07417476317814248,False
capacity,05,172,4.050645977258682,0.33172499388456345,0.00010011717677116394,4.050746094435453,0.7203798398841172,True,0.04661357999094022,False
capacity,05,173,4.046488786116242,0.33625378273427486,0.00010011717677116394,4.046588903293014,0.7244530688039958,True,0.04661357999094022,False
capacity,05,174,4.049444105476141,0.3364349249750376,8.987262845039368e-05,4.049533978104591,0.7285289419814944,True,0.2423122037829633,False
capacity,05,175,4.331956151872873,0.338538084179163,0.00011106021702289581,4.332067212089896,0.7328876690007746,True,0.22635971649908868,False
capacity,05,176,4.043282009661198,0.33057318069040775,9.988434612751007e-05,4.043381894007325,0.7369583428371698,True,0.21100238800023016,False
capacity,05,177,4.02704207226634,0.3298320807516575,6.984919309616089e-05,4.027111921459436,0.7410120349377394,True,0.19624021828638769,False
capacity,05,178,4.036859842017293,0.3309429157525301,7.101334631443024e-05,4.036930855363607,0.7450753648299724,True,0.1820732073575613,False
capacity,05,179,4.117783159017563,0.3442990127950907,8.987262845039368e-05,4.117873031646013,0.7492204289883375,True,0.16850135521375104,False
capacity,05,180,4.056927980855107,0.32689585350453854,0.00011012889444828033,4.057038109749556,0.7533040069974959,True,0.15552466185495678,False
capacity,05,181,4.038793966174126,0.32659596763551235,0.00011012889444828033,4.038904095068574,0.7573689199052751,True,0.14314312728117867,False
capacity,05,182,4.029496107250452,0.32778806053102016,9.988434612751007e-05,4.0295959915965796,0.7614250259939581,True,0.13135675149241657,False
capacity,05,183,4.593198886141181,0.33851806074380875,9.010545909404755e-05,4.593288991600275,0.7660445747897029,True,0.12016553448867057,False
capacity,05,184,4.060044186189771,0.33072312362492085,0.00011082738637924194,4.06015501357615,0.7701319910120219,True,0.11776034904872429,False
capacity,05,185,4.231977974995971,0.34443894401192665,0.00010011717677116394,4.232078092172742,0.7744012488983572,True,0.10493095748922156,False
capacity,05,186,4.571698140352964,0.33943005837500095,0.00010989606380462646,4.571808036416769,0.779002693016082,True,0.09329188349975095,False
capacity,05,187,5.144458031281829,0.3950151149183512,0.00013993121683597565,5.144597962498665,0.784188438905403,True,0.39867901531871786,False
capacity,05,188,4.144153092056513,0.3522841725498438,8.987262845039368e-05,4.144242964684963,0.7883768049068749,True,0.39183171349710794,False
capacity,05,189,4.579504020512104,0.34245592541992664,0.00010989606380462646,4.579613916575909,0.7929916249122471,True,0.38498441167549796,False
capacity,05,190,4.7369000967592,0.3403909504413605,9.988434612751007e-05,4.736999981105328,0.7977631899993867,True,0.37813710985388804,False
capacity,05,191,4.283414920791984,0.3509919624775648,0.00010011717677116394,4.283515037968755,0.8020919498521835,True,0.3712898080322781,False
capacity,05,192,4.142649006098509,0.351462047547102,0.00012107193470001221,4.142770078033209,0.806274123955518,True,0.3644425062106682,False
capacity,05,193,4.110428970307112,0.3379369154572487,0.00010011717677116394,4.110529087483883,0.8104221338871866,True,0.35759520438905823,False
capacity,05,194,4.783468088135123,0.3445791080594063,8.987262845039368e-05,4.783557960763574,0.8152424308937043,True,0.3507479025674483,False
capacity,05,195,4.137899959459901,0.3366549499332905,9.010545909404755e-05,4.137990064918995,0.8194180319551378,True,0.32735295467694764,False
capacity,05,196,4.152148030698299,0.34374790266156197,9.988434612751007e-05,4.152247915044427,0.8236184709239751,True,0.3039580067864471,False
capacity,05,197,4.0411679074168205,0.3370849881321192,0.00011012889444828033,4.041278036311269,0.8276883328799158,True,0.2805630588959464,False
capacity,05,198,6.124554900452495,0.34635188058018684,0.00012107193470001221,6.124675972387195,0.8338400998618454,True,0.25716811100544584,False
capacity,05,199,4.063619999215007,0.34063193015754223,0.00011990778148174286,4.063739906996489,0.837938014883548,True,0.23377316311494514,False
capacity,05,200,4.093867959454656,0.3282290417701006,8.987262845039368e-05,4.093957832083106,0.8420589538291097,True,0.2103782152244445,False
capacity,05,201,4.625478992238641,0.34054205752909184,9.103678166866302e-05,4.6255700290203094,0.8467176759149879,True,0.18698326733394396,False
capacity,05,202,4.076485056430101,0.3305431455373764,9.988434612751007e-05,4.076584940776229,0.8508357398677617,True,0.1635883194434433,False
capacity,05,203,4.075984004884958,0.33893901854753494,0.00012991949915885925,4.076113924384117,0.8549448559060693,True,0.14019337155294267,False
capacity,05,204,4.059883998706937,0.3306339494884014,0.00010011717677116394,4.059984115883708,0.8590314399916679,True,0.17385927217585817,False
capacity,05,205,4.546671872958541,0.33018295653164387,8.009374141693115e-05,4.546751966699958,0.8636053327936679,True,0.14589945640428434,False
capacity,05,206,4.051937954500318,0.3343711141496897,9.988434612751007e-05,4.052037838846445,0.8676899818237871,True,0.11793964063271041,False
capacity,05,207,4.0314700454473495,0.32910099253058434,7.008202373981476e-05,4.031540127471089,0.8717479319311678,True,0.18354483094550902,False
capacity,05,208,4.042440094053745,0.32421108335256577,8.102506399154663e-05,4.042521119117737,0.8758170029614121,True,0.2798190503711367,False
capacity,05,209,4.3487579096108675,0.3224581014364958,0.00010011717677116394,4.348858026787639,0.8801921508274972,True,0.34140580110779845,False
capacity,05,210,4.083507927134633,0.32273796387016773,9.010545909404755e-05,4.083598032593727,0.884302960941568,True,0.5790672484434459,False
capacity,05,211,4.034584853798151,0.3236900083720684,0.00010011717677116394,4.034684970974922,0.8883646668400615,True,0.617993648646204,False
capacity,05,212,4.027102142572403,0.32138614915311337,9.988434612751007e-05,4.0272020269185305,0.892418639967218,True,0.5849531896140038,False
capacity,05,213,4.348587011918426,0.32714614644646645,0.00010104849934577942,4.348688060417771,0.896793546853587,True,0.4642622416673889,False
capacity,05,214,4.093267023563385,0.3207449335604906,0.00010011717677116394,4.093367140740156,0.9009180129505694,True,0.2919283782855143,False
capacity,05,215,4.0167218539863825,0.31904084607958794,0.00011106021702289581,4.016832914203405,0.9049612048547715,True,0.21592579774044376,False
capacity,05,216,4.026190144941211,0.3197831101715565,8.987262845039368e-05,4.026280017569661,0.9090210979338735,True,0.2506823709972412,False
capacity,05,217,4.33512288145721,0.3203039523214102,9.010545909404755e-05,4.335212986916304,0.913382900878787,True,0.16040182998040242,False
capacity,05,218,4.089960129931569,0.3310639876872301,7.986091077327728e-05,4.090039990842342,0.9174994409549981,True,0.2110975529550714,False
capacity,05,219,4.043192835524678,0.3295019268989563,0.00010011717677116394,4.043292952701449,0.9215693038422614,True,0.2808093405239573,False
capacity,05,220,4.0293659549206495,0.32875011675059795,8.987262845039368e-05,4.0294558275491,0.9256254998035729,True,0.29595789340893236,False
capacity,05,221,4.3501711916178465,0.3295720089226961,9.988434612751007e-05,4.350271075963974,0.9300027620047331,True,0.40423057079173497,False
capacity,05,222,4.089850001037121,0.3232590388506651,9.103678166866302e-05,4.0899410378187895,0.9341189719270915,True,0.42319235333123084,False
capacity,05,223,4.04049688950181,0.32521295361220837,0.00012107193470001221,4.04061796143651,0.9381860787980258,True,0.4110004338204858,False
capacity,05,224,4.035757854580879,0.32550282776355743,9.010545909404755e-05,4.035847960039973,0.9422484368551522,True,0.7142483773690576,False
capacity,05,225,4.3447299394756556,0.3268858417868614,9.103678166866302e-05,4.344820976257324,0.946624195901677,True,0.7020185190225599,False
capacity,05,226,4.0925950743258,0.3321159165352583,0.00010011717677116394,4.092695191502571,0.9507503639906645,True,0.4609407030050504,False
capacity,05,227,4.028755007311702,0.3261950332671404,0.00010104849934577942,4.0288560558110476,0.9548058798536658,True,0.6936455984016111,False
capacity,05,228,4.016221966594458,0.3264760598540306,9.010545909404755e-05,4.016312072053552,0.958848520880565,True,0.696963269303809,False
capacity,05,229,4.334881901741028,0.32674591057002544,0.00010011717677116394,4.334982018917799,0.9632100828457624,True,0.6904258560136266,True
capacity,05,230,4.080221988260746,0.32939109951257706,9.010545909404755e-05,4.08031209371984,0.9673167949076742,True,0.6680228795563543,True
capacity,05,231,4.058260004967451,0.3260739613324404,6.0070306062698364e-05,4.058320075273514,0.9714015650097281,True,0.6280720006599345,False
capacity,05,232,4.053380805999041,0.3395499661564827,8.009374141693115e-05,4.0534608997404575,0.9754811658058316,True,0.6375295726737329,False
capacity,05,233,4.3524447828531265,0.33250683918595314,9.010545909404755e-05,4.352534888312221,0.9798602107912302,True,0.5722930050390531,False
capacity,05,234,4.088847897946835,0.3297119401395321,9.010545909404755e-05,4.088938003405929,0.9839756288565695,True,0.5776248839385818,False
capacity,05,235,4.026951966807246,0.3276979550719261,9.010545909404755e-05,4.02704207226634,0.9880338499788195,True,0.5600578538528539,False
capacity,05,236,4.027511924505234,0.3272169269621372,0.00010011717677116394,4.027612041682005,0.9920926908962429,True,0.5040978465830365,False
capacity,05,237,4.051357042044401,0.3270970191806555,8.009374141693115e-05,4.051437135785818,0.9961709589697421,True,0.4917870064626543,False
capacity,05,238,4.635378951206803,0.3295720089226961,8.987262845039368e-05,4.635468823835254,1.0008371158037335,True,0.5169079925042726,False
capacity,05,239,4.042510874569416,0.32744696363806725,0.00010011717677116394,4.042610991746187,1.0049063568003476,True,0.5175603689354777,False
capacity,05,240,4.039113875478506,0.3244809340685606,9.010545909404755e-05,4.0392039809376,1.0089718708768487,True,0.42641352947219446,False
capacity,05,241,4.36007883399725,0.32710679806768894,8.009374141693115e-05,4.3601589277386665,1.0133589308243245,True,0.4354632785545452,False
capacity,05,242,4.0733288042247295,0.3302427940070629,0.00011012889444828033,4.073438933119178,1.0174593108240515,True,0.4398165359821901,False
capacity,05,243,4.061816958710551,0.33385888673365116,9.103678166866302e-05,4.06190799549222,1.0215477689635009,True,0.40274087842609996,False
capacity,05,244,4.012212855741382,0.33256690949201584,8.102506399154663e-05,4.012293880805373,1.0255871028639376,True,0.44156785127347575,False
capacity,05,245,4.528095945715904,0.33011194318532944,8.009374141693115e-05,4.528176039457321,1.0301504959352314,True,0.5075347505955239,False
capacity,05,246,4.047119058668613,0.32589398324489594,9.103678166866302e-05,4.047210095450282,1.034229164943099,True,0.5066633951309683,False
capacity,05,247,4.045356065034866,0.32368022948503494,6.984919309616089e-05,4.0454259142279625,1.0383014718536288,True,0.5073794784445064,False
capacity,05,248,4.0329021867364645,0.33099413849413395,7.101334631443024e-05,4.032973200082779,1.0423612350132316,True,0.4637766645256245,False
capacity,05,249,4.631641088053584,0.3244411200284958,0.00010081566870212555,4.631741903722286,1.0470247669145465,True,0.47571360427033577,False
capacity,05,250,4.043162101879716,0.3304830752313137,8.102506399154663e-05,4.0432431269437075,1.0510954309720546,True,0.38468751287355485,False
capacity,05,251,4.040686879307032,0.32697594724595547,8.102506399154663e-05,4.040767904371023,1.0551631588023156,True,0.3407802185791509,False
capacity,05,252,4.021231085062027,0.32259803265333176,8.009374141693115e-05,4.021311178803444,1.059211099985987,True,0.2900658756373986,False
capacity,05,253,4.546922165900469,0.3243619576096535,8.987262845039368e-05,4.547012038528919,1.0637851830106229,True,0.291940407248304,False
capacity,05,254,4.026389913633466,0.32631494104862213,9.010545909404755e-05,4.02648001909256,1.0678381829056889,True,0.3403158155490112,False
capacity,05,255,4.0449160151183605,0.3250730223953724,8.987262845039368e-05,4.045005887746811,1.0719143578317016,True,0.31927671053082596,False
capacity,05,256,4.037841921672225,0.3232790622860193,9.988434612751007e-05,4.0379418060183525,1.075983117800206,True,0.2700061078285547,False
capacity,05,257,4.529187921434641,0.3244420513510704,0.00010011717677116394,4.529288038611412,1.0805395268835127,True,0.30128183891503124,False
capacity,05,258,4.050796153023839,0.3300621174275875,8.987262845039368e-05,4.050886025652289,1.084617624990642,True,0.31765759375829833,False
capacity,05,259,4.059473052620888,0.33332896418869495,9.988434612751007e-05,4.059572936967015,1.0887042589019984,True,0.46029629431335384,False
capacity,05,260,4.0425502229481936,0.32840901985764503,7.986091077327728e-05,4.042630083858967,1.0927798820193857,True,0.37587891152405006,False
capacity,05,261,4.6175450552254915,0.324812950566411,0.00010011717677116394,4.617645172402263,1.0974282249808311,True,0.42823421512644616,False
capacity,05,262,4.044404020532966,0.3307329025119543,0.00011012889444828033,4.044514149427414,1.1015001710038632,True,0.2821851781655307,False
capacity,05,263,4.04333183541894,0.32877898775041103,0.00011106021702289581,4.0434428956359625,1.105570153798908,True,0.37029430938960617,False
capacity,05,264,4.036889877170324,0.32375985756516457,0.00010011717677116394,4.0369899943470955,1.1096388138830662,True,0.20960181015372564,False
capacity,05,265,4.522545030340552,0.32533309422433376,8.987262845039368e-05,4.522634902969003,1.1141881998628378,True,0.18777017437521068,False
capacity,05,266,4.045657115057111,0.31996401958167553,8.987262845039368e-05,4.045746987685561,1.11826515593566,True,0.2504045936111414,False
capacity,05,267,4.039595136418939,0.32033398747444153,8.102506399154663e-05,4.03967616148293,1.122331531951204,True,0.2551695738410728,False
capacity,05,268,4.044645000249147,0.32306904904544353,8.987262845039368e-05,4.044734872877598,1.126403076807037,True,0.20129692041724617,False
capacity,05,269,4.622593987733126,0.33489102497696877,8.009374141693115e-05,4.622674081474543,1.1310540749691427,True,0.32193049473089874,False
capacity,05,270,4.723865073174238,0.3309641033411026,8.987262845039368e-05,4.723954945802689,1.1358063039369881,True,0.18339020981302925,False
capacity,05,271,4.044092958793044,0.32780691981315613,9.103678166866302e-05,4.044183995574713,1.139877808978781,True,0.2091196030930036,False
capacity,05,272,4.053550772368908,0.3284688573330641,9.103678166866302e-05,4.053641809150577,1.1439589927904308,True,0.21650293475533372,False
capacity,05,273,4.620569990947843,0.32907002605497837,8.102506399154663e-05,4.620651016011834,1.1486121148336679,True,0.20672762342470832,False
capacity,05,274,4.0355168748646975,0.3326570149511099,0.00010011717677116394,4.035616992041469,1.1526806238107383,True,0.22381073263430684,False
capacity,05,275,4.055274883285165,0.33586286008358,9.010545909404755e-05,4.055364988744259,1.1567627098411322,True,0.22737643229788762,False
capacity,05,276,4.016932100057602,0.32750703394412994,9.103678166866302e-05,4.017023136839271,1.1608101699966937,True,0.16932806929443267,False
capacity,05,277,4.54138102941215,0.32879901118576527,8.102506399154663e-05,4.541462054476142,1.1653777409810573,True,0.1794426321565897,False
capacity,05,278,4.050737014040351,0.33412990160286427,9.010545909404755e-05,4.050827119499445,1.1694553180132061,True,0.23645097072658763,False
capacity,05,279,4.035837948322296,0.33184606581926346,9.010545909404755e-05,4.03592805378139,1.1735179258976132,True,0.18830059448913936,False
capacity,05,280,4.047208931297064,0.3310639876872301,9.988434612751007e-05,4.047308815643191,1.1775918258354068,True,0.7699091659573429,False
capacity,05,281,4.626542096957564,0.330562936142087,8.987262845039368e-05,4.626631969586015,1.1822448279708624,True,0.7421895512422647,False
capacity,05,282,4.0513870771974325,0.3274870105087757,7.986091077327728e-05,4.051466938108206,1.1863227549474686,True,0.7628129353914938,True
capacity,05,283,4.050346091389656,0.3282290417701006,9.988434612751007e-05,4.050445975735784,1.1904010239522904,True,0.6979876365847325,True
capacity,05,284,4.068440059199929,0.33830804750323296,0.00010011717677116394,4.0685401763767,1.194505681982264,True,0.5857978783558468,False
capacity,05,285,4.693207796663046,0.34053181298077106,0.00010011717677116394,4.693307913839817,1.1992279638070613,True,0.5692522567343772,False
capacity,05,286,4.072937881574035,0.33235689625144005,8.009374141693115e-05,4.073017975315452,1.203338692896068,True,0.6295837259666641,False
capacity,05,287,4.052469041198492,0.32701599411666393,6.100162863731384e-05,4.052530042827129,1.207420557970181,True,0.6466833922037923,False
capacity,05,288,4.051106981933117,0.3350609913468361,0.00011106021702289581,4.05121804215014,1.2114991068374366,True,0.5553047688665793,False
capacity,05,289,4.630770068615675,0.3351920749992132,8.987262845039368e-05,4.630859941244125,1.2161571679171175,True,0.6527938372686375,False
capacity,05,290,4.058199934661388,0.33013196662068367,8.009374141693115e-05,4.058280028402805,1.2202424588613212,True,0.6614727786466452,False
capacity,05,291,4.0320109110325575,0.3276080824434757,0.00010011717677116394,4.032111028209329,1.2243009398225695,True,0.5760048924990737,False
capacity,05,292,4.046278074383736,0.32964209094643593,8.987262845039368e-05,4.046367947012186,1.2283738779369742,True,0.5983459455645845,False
capacity,05,293,4.194797948002815,0.33984100446105003,9.010545909404755e-05,4.194888053461909,1.232595135923475,True,0.5114324617567726,False
capacity,05,294,4.05132700689137,0.33819698728621006,8.102506399154663e-05,4.051408031955361,1.236678082961589,True,0.4590679900050494,False
capacity,05,295,4.0587009862065315,0.33861794508993626,8.009374141693115e-05,4.0587810799479485,1.2407679229509085,True,0.48973830045751354,False
capacity,05,296,4.048872971907258,0.3327180165797472,0.00010011717677116394,4.048973089084029,1.2448471828829497,True,0.45947429069852824,False
capacity,05,297,4.5983679592609406,0.33359904773533344,7.986091077327728e-05,4.598447820171714,1.2494724218267947,True,0.5048419131855103,False
capacity,05,298,4.047800088301301,0.34056208096444607,9.103678166866302e-05,4.04789112508297,1.2535462719388306,True,0.5048839303060939,False
capacity,05,299,4.050204996019602,0.3385778982192278,0.00011106021702289581,4.050316056236625,1.257622686913237,True,0.5441978937406069,False
capacity,05,300,4.0408470667898655,0.33845799043774605,5.9837475419044495e-05,4.0409069042652845,1.2616905248723924,True,0.505092331262031,False
capacity,05,301,4.645486827939749,0.33782701939344406,8.009374141693115e-05,4.645566921681166,1.2663621217943728,True,0.4600939188038043,False
capacity,05,302,4.057799000293016,0.33551198430359364,9.103678166866302e-05,4.057890037074685,1.2704466718714684,True,0.4432866630657739,False
capacity,05,303,4.058490972965956,0.3391189966350794,9.080395102500916e-05,4.058581776916981,1.2745356007944793,True,0.41191838471576714,False
capacity,05,304,4.0505859069526196,0.33877906389534473,0.00010011717677116394,4.050686024129391,1.2786124858539551,True,0.3589154462039095,False
capacity,05,305,4.102533916011453,0.336033059284091,7.008202373981476e-05,4.1026039980351925,1.2827457778621465,True,0.3972971441304579,False
capacity,05,306,4.0204389952123165,0.32722693867981434,9.010545909404755e-05,4.020529100671411,1.2867965640034527,True,0.27639523679607614,False
capacity,05,307,4.052299074828625,0.32868911512196064,8.987262845039368e-05,4.052388947457075,1.2908756339456886,True,0.3213846483830892,False
capacity,05,308,4.035877995193005,0.32735709100961685,0.00010989606380462646,4.035987891256809,1.2949378618504852,True,0.2888753896578897,False
capacity,05,309,4.57617687061429,0.3273680340498686,8.009374141693115e-05,4.576256964355707,1.2995402878150344,True,0.26519156159082347,False
capacity,05,310,4.054463002830744,0.33323816023766994,6.984919309616089e-05,4.05453285202384,1.3036212008446455,True,0.21059302562410084,False
capacity,05,311,4.0393250528723,0.3329881001263857,7.986091077327728e-05,4.039404913783073,1.3076869659125805,True,0.1726748970021866,False
capacity,05,312,4.066255176439881,0.33537205308675766,0.00011082738637924194,4.066366003826261,1.3117795810103416,True,0.1967118955492233,False
capacity,05,313,4.655395867303014,0.33267680555582047,0.00010011717677116394,4.655495984479785,1.3164654548745602,True,0.18863788120008843,False
capacity,05,314,4.050425020977855,0.3352521453052759,0.00010081566870212555,4.050525836646557,1.320542249828577,True,0.23063729442760095,False
capacity,05,315,4.050845978781581,0.33785682171583176,8.009374141693115e-05,4.050926072522998,1.3246199369896203,True,0.23389721349108109,False
capacity,05,316,4.044094122946262,0.334681011736393,8.987262845039368e-05,4.044183995574713,1.328697293996811,True,0.2610152733663951,False
capacity,05,317,4.119745921343565,0.3376859240233898,9.103678166866302e-05,4.119836958125234,1.3328440708573908,True,0.25076071719830445,False
capacity,05,318,4.059301922097802,0.3318761009722948,7.986091077327728e-05,4.059381783008575,1.3369298127945513,True,0.1896362624772888,False
capacity,05,319,4.056497011333704,0.3328670281916857,8.987262845039368e-05,4.056586883962154,1.3410130408592522,True,0.24070373562538236,False
capacity,05,320,4.043702967464924,0.33029308542609215,6.984919309616089e-05,4.04377281665802,1.345083373831585,True,0.16671871681179726,False
capacity,05,321,4.678830038756132,0.3322858829051256,0.00010011717677116394,4.678930155932903,1.34978853398934,True,0.20107432125998329,False
capacity,05,322,4.035918973386288,0.3310039173811674,0.00010011717677116394,4.036019090563059,1.3538516738917679,True,0.1880007424751326,False
capacity,05,323,4.052299074828625,0.32681599259376526,7.986091077327728e-05,4.052378935739398,1.3579348409548402,True,0.1408646986964978,False
capacity,05,324,4.033805103972554,0.3275780472904444,7.986091077327728e-05,4.0338849648833275,1.3619947349652648,True,0.13270472907225955,False
capacity,05,325,4.151907050982118,0.3276171628385782,8.079223334789276e-05,4.1519878432154655,1.3661726608406752,True,0.17040473013374385,False
capacity,05,326,4.050835967063904,0.3289300948381424,6.0070306062698364e-05,4.0508960373699665,1.370254224864766,True,0.1261416727032414,False
capacity,05,327,4.028655122965574,0.32880017533898354,6.984919309616089e-05,4.02872497215867,1.374313056934625,True,0.09725567571507425,False
capacity,05,328,4.019447136670351,0.32681599259376526,7.986091077327728e-05,4.019526997581124,1.3783588230144233,True,0.17594473508955724,False
capacity,05,329,4.632173106074333,0.32966211438179016,8.987262845039368e-05,4.632262978702784,1.383017455926165,True,0.181370255337525,False
capacity,05,330,4.027561983093619,0.32799807377159595,7.008202373981476e-05,4.027632065117359,1.3870715978555381,True,0.22281578972496385,False
capacity,05,331,4.0520490147173405,0.3295110072940588,7.986091077327728e-05,4.052128875628114,1.3911500468384475,True,0.15265928622778754,False
capacity,05,332,4.062669118866324,0.3304730635136366,8.987262845039368e-05,4.062758991494775,1.3952393860090524,True,0.12401438074461878,False
capacity,05,333,4.5972459483891726,0.33277692273259163,9.103678166866302e-05,4.597336985170841,1.399867219850421,True,0.12304675241962756,False
capacity,05,334,4.047831054776907,0.3309939056634903,9.010545909404755e-05,4.047921160236001,1.4039420019835234,True,0.09583928467991894,False
capacity,05,335,4.041287815198302,0.331053975969553,0.00010104849934577942,4.041388863697648,1.4080101707950234,True,0.09680905580727489,False
capacity,05,336,4.396528005599976,0.33142510801553726,0.00010989606380462646,4.39663790166378,1.4124411738011986,True,0.10846192118134654,False
capacity,05,337,4.094698932021856,0.3390789497643709,8.987262845039368e-05,4.094788804650307,1.4165628037881106,True,0.11010766992612162,False
capacity,05,338,4.059433005750179,0.3396610263735056,0.00010989606380462646,4.059542901813984,1.4206527639180422,True,0.1139194857470238,False
capacity,05,339,4.044824978336692,0.33886893652379513,9.988434612751007e-05,4.044924862682819,1.4247244198340923,True,0.14395695257265742,False
capacity,05,340,4.048411967232823,0.33181486651301384,9.010545909404755e-05,4.048502072691917,1.4288056138902903,True,0.10606833441127772,False
capacity,05,341,4.1221510618925095,0.3349010366946459,9.988434612751007e-05,4.122250946238637,1.4329543649218976,True,0.12621741116153765,False
capacity,05,342,4.043692955747247,0.3333878703415394,0.00010011717677116394,4.043793072924018,1.437028975924477,True,0.15044907481603467,False
capacity,05,343,4.037991864606738,0.3312749322503805,9.010545909404755e-05,4.038081970065832,1.441093617817387,True,0.1527050503640059,False
capacity,05,344,4.052308853715658,0.33145491033792496,0.00010011717677116394,4.052408970892429,1.445172076812014,True,0.16108937684529245,False
capacity,05,345,4.841277142986655,0.3782631829380989,0.00010989606380462646,4.84138703905046,1.4500399739481509,True,0.15315664596237452,False
capacity,05,346,4.044976085424423,0.3328481689095497,7.986091077327728e-05,4.0450559463351965,1.454116558888927,True,0.15172234589380562,False
capacity,05,347,4.045065958052874,0.3340600524097681,8.987262845039368e-05,4.045155830681324,1.4581877938471735,True,0.1800486625825313,False
capacity,05,348,4.561428911983967,0.33063278533518314,0.00010011717677116394,4.561529029160738,1.4627759829163551,True,0.15653829420855545,False
capacity,05,349,4.119024844840169,0.33224583603441715,0.00016111880540847778,4.119185963645577,1.4669272887986153,True,0.16775356872828515,False
capacity,05,350,4.045526962727308,0.3323368728160858,0.00011012889444828033,4.0456370916217566,1.47100053797476,True,0.17415131497772993,False
capacity,05,351,4.050175892189145,0.3340099938213825,7.008202373981476e-05,4.050245974212885,1.4750781848561019,True,0.15901566221440994,False
capacity,05,352,4.105990054085851,0.3307829611003399,9.010545909404755e-05,4.106080159544945,1.4792149129789323,True,0.19590052281094802,False
capacity,05,353,4.149012034758925,0.3829218912869692,0.00011012889444828033,4.149122163653374,1.4833980989642441,True,0.2284750843276016,False
capacity,05,354,4.085591994225979,0.3431369550526142,8.987262845039368e-05,4.085681866854429,1.487510871840641,True,0.2601561800418917,False
capacity,05,355,4.0683799888938665,0.33915997482836246,9.010545909404755e-05,4.068470094352961,1.4916069039609283,True,0.23940360773087627,False
capacity,05,356,4.634957993403077,0.34000095911324024,8.987262845039368e-05,4.6350478660315275,1.4962737818714231,True,0.3302753324257494,False
capacity,05,357,4.0412480011582375,0.33305794931948185,9.010545909404755e-05,4.0413381066173315,1.5003422310110182,True,0.3131834989493802,False
capacity,05,358,4.055696073919535,0.3295110072940588,8.009374141693115e-05,4.055776167660952,1.5044247379992157,True,0.26448961619784717,False
capacity,05,359,4.049092996865511,0.3357729874551296,8.009374141693115e-05,4.049173090606928,1.508499899879098,True,0.28738362277733714,False
capacity,05,360,4.0995879098773,0.3332190681248903,0.00010011717677116394,4.099688027054071,1.5126304258592427,True,0.29859713713798147,False
capacity,05,361,4.152548033744097,0.3728431183844805,0.00015995465219020844,4.152707988396287,1.5168172589037567,True,0.27108462617592116,False
capacity,05,362,4.070062888786197,0.3306828439235687,9.010545909404755e-05,4.070152994245291,1.520920073846355,True,0.2327967274081496,False
capacity,05,363,4.071675008162856,0.32909982837736607,9.103678166866302e-05,4.071766044944525,1.5250196820124984,True,0.21702948033375374,False
capacity,05,364,4.531563026830554,0.3235798794776201,0.00010011717677116394,4.531663144007325,1.5295777849387378,True,0.17813546477544925,False
capacity,05,365,4.044404020532966,0.3316858783364296,8.009374141693115e-05,4.044484114274383,1.5336503819562495,True,0.20120044029067963,False
capacity,05,366,4.050896968692541,0.3304029814898968,9.010545909404755e-05,4.050987074151635,1.5377319969702512,True,0.20871446038875624,False
capacity,05,367,4.046278074383736,0.32405112870037556,9.988434612751007e-05,4.046377958729863,1.541804774897173,True,0.22210513848063085,False
capacity,05,368,4.08822693862021,0.3240508958697319,9.010545909404755e-05,4.088317044079304,1.5459192208945751,True,0.2002436565263213,False
capacity,05,369,4.166063852608204,0.3778720274567604,0.00014994293451309204,4.166213795542717,1.5501191387884319,True,0.19318511247956083,False
capacity,05,370,4.0593130979686975,0.32955105416476727,8.987262845039368e-05,4.059402970597148,1.5542061938904226,True,0.7378831836535158,False
capacity,05,371,4.047409165650606,0.3254031762480736,0.00010081566870212555,4.047509981319308,1.5582844009622931,True,0.7223315696084052,False
capacity,05,372,4.519980866461992,0.32515288330614567,9.010545909404755e-05,4.520070971921086,1.562842704821378,True,0.6457723452396378,True
capacity,05,373,4.114656941965222,0.33481093123555183,9.988434612751007e-05,4.11475682631135,1.5669862758368254,True,0.6743683379565766,True
capacity,05,374,4.035978810861707,0.3285198472440243,0.00010011717677116394,4.036078928038478,1.5710490248166025,True,0.7976443854996339,True
capacity,05,375,4.059352912008762,0.3308539744466543,8.009374141693115e-05,4.059433005750179,1.5751346268225461,True,0.7319557621519529,True
capacity,05,376,4.108605906367302,0.3281189128756523,0.00010011717677116394,4.108706023544073,1.579274230869487,True,0.7704580175566005,True
capacity,05,377,4.173708846792579,0.38969493471086025,0.00013015232980251312,4.173838999122381,1.5834813218098134,True,0.697180248543627,True
capacity,05,378,4.059583181515336,0.334050040692091,9.988434612751007e-05,4.0596830658614635,1.5875683759804815,True,0.5902582630732381,False
capacity,05,379,4.063840955495834,0.33494108356535435,9.010545909404755e-05,4.063931060954928,1.5916594888549298,True,0.5984848552479545,False
capacity,05,380,4.651979077607393,0.33472105860710144,7.986091077327728e-05,4.6520589385181665,1.596338959876448,True,0.5326965256260041,False
capacity,05,381,4.113745177164674,0.3279680386185646,7.986091077327728e-05,4.113825038075447,1.6004853369668126,True,0.5188618127457828,False
capacity,05,382,4.060916136950254,0.336415134370327,9.988434612751007e-05,4.061016021296382,1.6045772510115057,True,0.4907273332986565,False
capacity,05,383,4.069342045113444,0.33568311482667923,9.988434612751007e-05,4.069441929459572,1.6086740838363767,True,0.6086125023166473,False
capacity,05,384,4.5930680353194475,0.33798697404563427,7.986091077327728e-05,4.593147896230221,1.6132946838624775,True,0.6172857537765869,False
capacity,05,385,4.1592109482735395,0.34723500721156597,8.009374141693115e-05,4.1592910420149565,1.617500552907586,True,0.613944162484591,False
capacity,05,386,4.212199943140149,0.3431260120123625,0.00011106021702289581,4.212311003357172,1.6217522078659385,True,0.6295073182237124,False
capacity,05,387,4.148480016738176,0.34380797296762466,0.00010011717677116394,4.1485801339149475,1.625935022952035,True,0.6119210031463256,False
capacity,05,388,4.398170858621597,0.35325600765645504,0.00010011717677116394,4.3982709757983685,1.6303664068691432,True,0.6592137597762352,False
capacity,05,389,4.155954113230109,0.36013894714415073,7.986091077327728e-05,4.1560339741408825,1.634556425968185,True,0.648294973873272,False
capacity,05,390,4.084720043465495,0.35708281211555004,9.010545909404755e-05,4.084810148924589,1.638672746019438,True,0.6464280041079156,True
capacity,05,391,4.086924949660897,0.3454319667071104,9.988434612751007e-05,4.087024834007025,1.642794886836782,True,0.6044510873623293,False
capacity,05,392,4.6692220494151115,0.33492199145257473,8.987262845039368e-05,4.669311922043562,1.647492301883176,True,0.6048827835099622,False
capacity,05,393,4.1758818551898,0.3605489619076252,9.010545909404755e-05,4.175971960648894,1.6517023087944835,True,0.5784712064788564,False
capacity,05,394,4.06744796782732,0.34456001594662666,0.00010011717677116394,4.067548085004091,1.6558085998985916,True,0.583333595803352,False
capacity,05,395,4.056135891005397,0.33680396154522896,9.103678166866302e-05,4.0562269277870655,1.6598952237982303,True,0.5055138085102565,False
capacity,05,396,4.643564112484455,0.333297997713089,0.00010989606380462646,4.64367400854826,1.664571699919179,True,0.47476190587221356,False
capacity,05,397,4.052719799801707,0.33776694908738136,8.009374141693115e-05,4.052799893543124,1.6686529337894171,True,0.4683669270277398,False
capacity,05,398,4.067528061568737,0.3442489542067051,9.988434612751007e-05,4.0676279459148645,1.6727482839487493,True,0.3857553715866503,False
capacity,05,399,4.040657076984644,0.32977107912302017,0.00010104849934577942,4.04075812548399,1.6768166439142078,True,0.35201562345023285,False
capacity,05,400,4.7217910178005695,0.33530197106301785,0.00010011717677116394,4.721891134977341,1.6815693629905581,True,0.30074195287435035,False
capacity,05,401,4.247938049957156,0.38934405893087387,9.988434612751007e-05,4.248037934303284,1.685868376865983,True,0.24332241442998415,False
capacity,05,402,4.10312507301569,0.34617306664586067,9.988434612751007e-05,4.103224957361817,1.6900095539167523,True,0.3083223184411783,False
capacity,05,403,4.082927014678717,0.3330379258841276,0.00011012889444828033,4.083037143573165,1.6941314439754933,True,0.32326603547703203,False
capacity,05,404,4.707313841208816,0.3352309577167034,0.00010104849934577942,4.707414889708161,1.6988703478127718,True,0.2636299324499617,False
capacity,05,405,4.223933210596442,0.3571941051632166,9.988434612751007e-05,4.22403309494257,1.7031291360035539,True,0.40660649619387623,False
capacity,05,406,4.0942279156297445,0.3351618070155382,9.010545909404755e-05,4.094318021088839,1.707260533934459,True,0.36102612632571823,False
capacity,05,407,4.165423102676868,0.3376470413058996,9.988434612751007e-05,4.165522987022996,1.7114565949887037,True,0.4038754744678745,False
capacity,05,408,4.740235861390829,0.3521139733493328,9.010545909404755e-05,4.740325966849923,1.716227067867294,True,0.3651007141067421,False
capacity,05,409,4.189878003671765,0.3363438881933689,9.010545909404755e-05,4.189968109130859,1.720445689978078,True,0.3644588220134649,False
capacity,05,410,4.152058158069849,0.340102007612586,9.988434612751007e-05,4.1521580424159765,1.7246264920104295,True,0.4175049443000163,False
capacity,05,411,4.717333009466529,0.3592381253838539,0.00012991949915885925,4.717462928965688,1.7293823768850416,True,0.2499696635434946,False
capacity,05,412,4.099308047443628,0.34860684536397457,9.103678166866302e-05,4.099399084225297,1.733513134997338,True,0.21402798945138005,False
capacity,05,413,4.094878910109401,0.3620919305831194,9.103678166866302e-05,4.094969946891069,1.7376372287981212,True,0.2260603296326647,False
capacity,05,414,4.090021131560206,0.3505509812384844,6.984919309616089e-05,4.090090980753303,1.7417613039724529,True,0.20112963056504318,False
capacity,05,415,4.390096059069037,0.3418151754885912,8.987262845039368e-05,4.390185931697488,1.7461792218964547,True,0.45722262681776404,False
capacity,05,416,4.3669219594448805,0.3471539821475744,0.00010104849934577942,4.367023007944226,1.750579837942496,True,0.44692891259395184,False
capacity,05,417,4.05188906006515,0.33821817487478256,9.988434612751007e-05,4.051988944411278,1.7546600098721683,True,0.43143683636193975,False
capacity,05,418,4.089410183951259,0.3365851007401943,9.988434612751007e-05,4.089510068297386,1.7587773220147938,True,0.4503172998053866,False
capacity,05,419,4.390767076984048,0.33161486499011517,0.00010104849934577942,4.390868125483394,1.7631962120067328,True,0.43710218067187695,False
capacity,05,420,4.130536923184991,0.33908896148204803,8.987262845039368e-05,4.130626795813441,1.7673624258022755,True,0.4824092134503971,False
capacity,05,421,4.150795983150601,0.33350917510688305,8.987262845039368e-05,4.150885855779052,1.771541193826124,True,0.5093530155491742,False
capacity,05,422,4.109626868739724,0.3533358685672283,8.102506399154663e-05,4.109707893803716,1.7756789738778025,True,0.4649985788702384,False
capacity,05,423,4.369767848402262,0.3353930078446865,9.010545909404755e-05,4.369857953861356,1.7800767538137734,True,0.5780957550796556,False
capacity,05,424,4.107031971216202,0.33096387051045895,0.00011012889444828033,4.10714210011065,1.7842128309421241,True,0.6027784898086124,False
capacity,05,425,4.0604351088404655,0.3325671423226595,9.988434612751007e-05,4.060534993186593,1.7883175499737263,True,0.5763438715856751,False
capacity,05,426,4.076484823599458,0.33832783810794353,0.00010011717677116394,4.076584940776229,1.7924265158362687,True,0.510387682390482,False
capacity,05,427,4.551991121843457,0.3351811319589615,0.00013085082173347473,4.552121972665191,1.7970087339635938,True,0.4574378632701682,False
capacity,05,428,4.134976072236896,0.3506310749799013,9.010545909404755e-05,4.13506617769599,1.8011727340053767,True,0.5129923622065604,False
capacity,05,429,4.18683304451406,0.334681011736393,8.987262845039368e-05,4.18692291714251,1.8053907249122858,True,0.576387644085434,False
capacity,05,430,4.231787985190749,0.34860800951719284,0.00010011717677116394,4.23188810236752,1.8096598628908396,True,0.6431829752919593,False
capacity,05,431,4.586045863106847,0.3450908698141575,0.00010011717677116394,4.586145980283618,1.8142753238789737,True,0.48471224200488505,False
capacity,05,432,4.471219144761562,0.3401520662009716,7.986091077327728e-05,4.471299005672336,1.8187759979628026,True,0.3949937733568631,False
capacity,05,433,4.101542057469487,0.35215308889746666,8.079223334789276e-05,4.101622849702835,1.8229067758657038,True,0.46100564897309826,False
capacity,05,434,4.175091162323952,0.3319559618830681,0.00010989606380462646,4.175201058387756,1.8271106909960508,True,0.4564539734108256,False
capacity,05,435,4.660855978727341,0.33236690796911716,9.010545909404755e-05,4.660946084186435,1.8318077749572694,True,0.40641128783126684,False
capacity,05,436,4.364477004855871,0.33492082729935646,8.102506399154663e-05,4.364558029919863,1.8362068079877645,True,0.3618854525219398,False
capacity,05,437,4.05987398698926,0.3283391706645489,9.988434612751007e-05,4.059973871335387,1.8402952058240771,True,0.34998936832645766,False
capacity,05,438,4.120377125218511,0.3364440053701401,8.987262845039368e-05,4.120466997846961,1.8444480739999563,True,0.3968484976140352,False
capacity,05,439,4.768189042806625,0.40172808803617954,0.00011990778148174286,4.768308950588107,1.8492444958537817,True,0.3296717627227233,False
capacity,05,440,4.060824867337942,0.334050040692091,0.00012014061212539673,4.0609450079500675,1.8533396758139133,True,0.41780443497006675,False
capacity,05,441,4.062379011884332,0.33350917510688305,0.00011990778148174286,4.0624989196658134,1.8574306888040155,True,0.3899829743428197,False
capacity,05,442,4.091573879122734,0.3546790685504675,0.00012014061212539673,4.0916940197348595,1.861553921829909,True,0.3973516330940643,False
capacity,05,443,4.6960231848061085,0.36376621574163437,0.00010989606380462646,4.696133080869913,1.8662798809818923,True,0.3849284417090713,False
capacity,05,444,4.0622379165142775,0.33582281321287155,0.00010011717677116394,4.062338033691049,1.8703725459054112,True,0.3281577863579264,False
capacity,05,445,4.0734990034252405,0.33877906389534473,9.988434612751007e-05,4.073598887771368,1.874475269811228,True,0.2396469429359579,False
capacity,05,446,4.064964130520821,0.3394000232219696,0.00010989606380462646,4.065074026584625,1.8785780449397862,True,0.2066286412519791,False
capacity,05,447,4.791362211108208,0.41134608909487724,0.00010989606380462646,4.791472107172012,1.8833988020196557,True,0.1866886223741789,False
capacity,05,448,4.046367947012186,0.338998856022954,0.00010104849934577942,4.046468995511532,1.8874765599612147,True,0.15778311383052268,False
capacity,05,449,4.05918201431632,0.3396100364625454,9.988434612751007e-05,4.059281898662448,1.8915645258966833,True,0.15048072192712314,False
capacity,05,450,4.1595210786908865,0.3389290068298578,0.00011082738637924194,4.159631906077266,1.895760305924341,True,0.15092126674943912,False
capacity,05,451,4.337596939876676,0.3461821470409632,0.00018998980522155762,4.337786929681897,1.900139721808955,True,0.09763561505483585,False
capacity,05,452,4.0680288802832365,0.33339904621243477,0.00010011717677116394,4.068128997460008,1.904237185837701,True,0.11587180828726826,False
capacity,05,453,4.035817924886942,0.32915989868342876,0.00011012889444828033,4.03592805378139,1.9083009369205683,True,0.11495225652725354,False
capacity,05,454,4.1744289919734,0.33147516660392284,8.987262845039368e-05,4.1745188646018505,1.912503478815779,True,0.1084071366272913,False
capacity,05,455,4.171754932031035,0.4030799027532339,0.00012014061212539673,4.171875072643161,1.9167096088640392,True,0.10324002557965041,False
capacity,05,456,4.0381429716944695,0.33389986492693424,0.00010011717677116394,4.038243088871241,1.920792595949024,True,0.12836807759483598,False
capacity,05,457,4.06763912178576,0.332297058776021,0.00010989606380462646,4.0677490178495646,1.9248941380064934,True,0.12481747498960816,False
capacity,05,458,4.046499030664563,0.3328679595142603,9.010545909404755e-05,4.046589136123657,1.9289685590192676,True,0.1711973708594685,False
capacity,05,459,4.097244003787637,0.34028105437755585,9.010545909404755e-05,4.097334109246731,1.933098834939301,True,0.1461516946774348,False
capacity,05,460,4.058379912748933,0.3327669110149145,0.000141095370054245,4.058521008118987,1.9371850779280066,True,0.1793078979825584,False
capacity,05,461,4.0437940042465925,0.33016293309628963,0.00010989606380462646,4.043903900310397,1.9412561429198831,True,0.15443332904821358,False
capacity,05,462,4.0599030908197165,0.33199600875377655,0.00010011717677116394,4.060003207996488,1.9453435780014843,True,0.14798027898621413,False
capacity,05,463,4.6841308940202,0.350290909409523,0.00010011717677116394,4.684231011196971,1.950054959859699,True,0.17105550542283626,False
capacity,05,464,4.0495439898222685,0.3389790654182434,8.987262845039368e-05,4.049633862450719,1.9541327168699354,True,0.20702282575825187,False
capacity,06,0,3.8140499964356422,0.3290199674665928,9.010545909404755e-05,3.8141401018947363,0.0038339179009199142,False,,
capacity,06,1,3.806374967098236,0.32842904329299927,0.00012991949915885925,3.806504886597395,0.0076694178860634565,False,,
capacity,06,2,4.394063958898187,0.3339899703860283,0.00018998980522155762,4.394253948703408,0.012091484852135181,False,,
capacity,06,3,3.8056240882724524,0.3278378862887621,0.00014994293451309204,3.8057740312069654,0.0159200020134449,False,,
capacity,06,4,3.797488985583186,0.32933102920651436,0.00010989606380462646,3.7975988816469908,0.019739762879908085,False,,
capacity,06,5,3.7850060034543276,0.33017294481396675,0.00013993121683597565,3.7851459346711636,0.023552570957690477,False,,
capacity,06,6,4.256092943251133,0.33132382668554783,0.00012014061212539673,4.256213083863258,0.02783150691539049,False,,
capacity,06,7,3.85202094912529,0.33052312210202217,0.00016088597476482391,3.8521818351000547,0.03170660184696317,False,,
capacity,06,8,3.7855261471122503,0.32906001433730125,0.00012991949915885925,3.785656066611409,0.03551411000080407,False,,
capacity,06,9,3.794012125581503,0.3281391691416502,0.00012991949915885925,3.7941420450806618,0.039330373983830214,False,,
capacity,06,10,4.261283902451396,0.335924094542861,0.00011990778148174286,4.261403810232878,0.04361398983746767,False,,
capacity,06,11,3.852863097563386,0.3298420924693346,0.00014994293451309204,3.853013040497899,0.04749505594372749,False,,
capacity,06,12,3.8108041044324636,0.32912101596593857,0.00012991949915885925,3.8109340239316225,0.051328202011063695,False,,
capacity,06,13,3.8077079225331545,0.3355429507791996,0.00014016404747962952,3.807848086580634,0.05515824188478291,False,,
capacity,06,14,3.800194012001157,0.3372661303728819,0.00011990778148174286,3.8003139197826385,0.058981218840926886,False,,
capacity,06,15,4.130827961489558,0.3415041137486696,0.00012991949915885925,4.130957880988717,0.06313535082153976,False,,
capacity,06,16,4.016331164166331,0.33950014039874077,0.00010989606380462646,4.016441060230136,0.06717564701102674,False,,
capacity,06,17,4.008366027846932,0.3393501974642277,0.00011990778148174286,4.008485935628414,0.07120734686031938,False,,
capacity,06,18,4.32752794586122,0.3394798841327429,0.00012014061212539673,4.327648086473346,0.07555806892924011,False,,
capacity,06,19,4.111591028049588,0.3354919608682394,0.00012991949915885925,4.111720947548747,0.07969382591545582,False,,
capacity,06,20,4.017232917249203,0.33481093123555183,0.00012991949915885925,4.017362836748362,0.08373502385802567,False,,
capacity,06,21,4.022673005238175,0.3368749748915434,0.00010104849934577942,4.022774053737521,0.08778931689448655,False,,
capacity,06,22,4.3345908634364605,0.33149379305541515,0.00012107193470001221,4.3347119353711605,0.09214756288565695,False,,
capacity,06,23,4.088978981599212,0.3487071953713894,0.00012991949915885925,4.0891089010983706,0.09626153879798949,False,,
capacity,06,24,4.031450022011995,0.3375760279595852,0.00011990778148174286,4.031569929793477,0.10031704395078123,False,,
capacity,06,25,4.015159094706178,0.33943005837500095,0.000141095370054245,4.015300190076232,0.10435592802241445,False,,
capacity,06,26,4.3680251110345125,0.3654800821095705,0.00012991949915885925,4.368155030533671,0.10875042201951146,False,,
capacity,06,27,4.059612983837724,0.3368249163031578,0.00012991949915885925,4.059742903336883,0.11283481190912426,False,,
capacity,06,28,4.011502023786306,0.33519091084599495,0.00012107193470001221,4.011623095721006,0.11687013902701437,False,,
capacity,06,29,4.008325980976224,0.3339389804750681,0.00012107193470001221,4.008447052910924,0.1209026409778744,False,,
capacity,06,30,4.019999178126454,0.3337289672344923,0.00012991949915885925,4.020129097625613,0.12495405902154744,False,,
capacity,06,31,4.125045845285058,0.3407618496567011,0.00014016404747962952,4.125186009332538,0.12910948181524873,False,,
capacity,06,32,4.015179118141532,0.32677617855370045,0.00010989606380462646,4.015289014205337,0.13314841594547033,False,,
capacity,06,33,3.9977170526981354,0.33248704858124256,0.00010989606380462646,3.99782694876194,0.13716955692507327,False,,
capacity,06,34,4.428638843819499,0.3302530385553837,0.00012014061212539673,4.428758984431624,0.14162144879810512,False,,
capacity,06,35,4.1395630687475204,0.33103395253419876,0.0001310836523771286,4.139694152399898,0.145785768982023,True,0.021433155745391376,False
capacity,06,36,4.05399315059185,0.3257940988987684,7.986091077327728e-05,4.054073011502624,0.14986982895061374,True,0.012702176369205558,False
capacity,06,37,4.052269970998168,0.32835896126925945,0.00010011717677116394,4.052370088174939,0.15395070193335414,True,0.012824927868615128,False
capacity,06,38,4.084328887984157,0.3307329025119543,7.008202373981476e-05,4.084398970007896,0.15806323383003473,True,0.0021425716260578395,False
capacity,06,39,4.3701790273189545,0.33653504215180874,0.00010989606380462646,4.370288923382759,0.16247356892563403,True,3.19897846945908e-05,False
capacity,06,40,4.052249016240239,0.3314451314508915,0.00010989606380462646,4.052358912304044,0.16655464190989733,True,0.0,False
capacity,06,41,4.06677694991231,0.3448701463639736,8.987262845039368e-05,4.06686682254076,0.170656053815037,True,0.00017333999613593473,False
capacity,06,42,4.4557200744748116,0.3306940197944641,9.988434612751007e-05,4.455819958820939,0.17514016688801348,True,0.0,False
capacity,06,43,4.126108018681407,0.34337700344622135,0.00010104849934577942,4.126209067180753,0.1792957209981978,True,0.0,False
capacity,06,44,4.397088894620538,0.3400500863790512,0.00011106021702289581,4.397199954837561,0.1837211837992072,True,0.0,False
capacity,06,45,4.049072973430157,0.33716484904289246,9.010545909404755e-05,4.049163078889251,0.1877983899321407,True,0.0,False
capacity,06,46,4.070753930136561,0.3335690125823021,7.986091077327728e-05,4.070833791047335,0.19190469081513584,True,0.0,False
capacity,06,47,4.211809951812029,0.3441888839006424,0.00012991949915885925,4.211939871311188,0.1961452648974955,True,0.0,False
capacity,06,48,4.07500215806067,0.3448000643402338,9.988434612751007e-05,4.075102042406797,0.20024859998375177,True,0.0,False
capacity,06,49,4.056015983223915,0.34165382385253906,0.00010011717677116394,4.056116100400686,0.2043384499847889,True,0.0,False
capacity,06,50,4.410665016621351,0.33914903178811073,0.00010011717677116394,4.410765133798122,0.20877687796019018,True,0.0,False
capacity,06,51,5.577534902840853,0.3411630168557167,9.010545909404755e-05,5.577625008299947,0.21438977890647948,True,0.0,False
capacity,06,52,5.345045821741223,0.42822700925171375,0.00021117739379405975,5.345256999135017,0.21977406879886985,True,0.0,False
capacity,06,53,4.216257948428392,0.3442589659243822,0.00020116567611694336,4.216459114104509,0.2240229989401996,True,0.0,False
capacity,06,54,4.986008862033486,0.441982876509428,0.0004009343683719635,4.986409796401858,0.2290562568232417,True,0.0,False
capacity,06,55,4.731850931420922,0.35609188489615917,0.0002100132405757904,4.732060944661498,0.2338273918721825,True,0.0,False
capacity,06,56,4.071645904332399,0.3364039584994316,0.00017113052308559418,4.071817034855485,0.23793356283567846,True,0.06152016200626668,False
capacity,06,57,5.404989002272487,0.33305701799690723,0.00019115395843982697,5.4051801562309265,0.24336665496230125,True,0.0,False
capacity,06,58,4.052460193634033,0.34130411222577095,0.00016996636986732483,4.0526301600039005,0.24744756799191236,True,0.0,False
capacity,06,59,4.050735151395202,0.33484119921922684,0.00012083910405635834,4.050855990499258,0.25153778796084225,True,0.0,False
capacity,06,60,4.916679114103317,0.36624097265303135,8.987262845039368e-05,4.916768986731768,0.2564866179600358,True,0.0,False
capacity,06,61,4.805298987776041,0.3651389852166176,0.00018998980522155762,4.805488977581263,0.2613320518285036,True,0.00836272487795711,False
capacity,06,62,4.164449870586395,0.3485269844532013,0.0001701992005109787,4.164620069786906,0.26553072687238455,True,0.0009693648710949245,False
capacity,06,63,4.097124096006155,0.3412140067666769,0.0002600718289613724,4.097384167835116,0.26965920999646187,True,0.0,False
capacity,06,64,4.073369083926082,0.3337990492582321,0.0001708976924419403,4.073539981618524,0.27376453997567296,True,0.0,False
capacity,06,65,5.22078201174736,0.33643399365246296,9.010545909404755e-05,5.220872117206454,0.2790163599420339,True,0.0,False
capacity,06,66,4.155514063313603,0.3693860489875078,0.00011106021702289581,4.155625123530626,0.2832067699637264,True,0.0,False
capacity,06,67,4.119205055758357,0.3472741227596998,7.986091077327728e-05,4.11928491666913,0.2873589468654245,True,0.0,False
capacity,06,68,4.207882797345519,0.343607971444726,0.00011012889444828033,4.207992926239967,0.2916056828107685,True,0.0,False
capacity,06,69,4.62811510078609,0.34462008625268936,8.987262845039368e-05,4.62820497341454,0.29626689990982413,True,0.00039429269507313856,False
capacity,06,70,4.0879868902266026,0.3419548738747835,7.008202373981476e-05,4.088056972250342,0.3003885399084538,True,0.005529769061280592,False
capacity,06,71,4.085891880095005,0.3401408903300762,7.008202373981476e-05,4.085961962118745,0.3045105799101293,True,0.010665245427488042,False
capacity,06,72,4.71205310896039,0.33131521195173264,8.987262845039368e-05,4.7121429815888405,0.3092532209120691,True,0.0,False
capacity,06,73,4.110128153115511,0.3532459959387779,8.987262845039368e-05,4.110218025743961,0.31339956796728075,True,0.0,False
capacity,06,74,4.079851089045405,0.33948011696338654,9.988434612751007e-05,4.079950973391533,0.3175173799972981,True,0.0,False
capacity,06,75,4.126088926568627,0.3388989716768265,7.008202373981476e-05,4.126159008592367,0.32167523889802396,True,0.0,False
capacity,06,76,4.673179937526584,0.33235689625144005,0.00010989606380462646,4.673289833590388,0.32637995784170926,True,0.0,False
capacity,06,77,4.168698098510504,0.35421689972281456,9.103678166866302e-05,4.168789135292172,0.33058566600084305,True,0.0,False
capacity,06,78,4.106571199372411,0.3359729889780283,0.00011082738637924194,4.10668202675879,0.3347337560262531,True,0.0025048745364363925,False
capacity,06,79,4.41966182552278,0.33866893500089645,9.010545909404755e-05,4.4197519309818745,0.3391873918008059,True,0.0,False
capacity,06,80,4.681966034695506,0.3382579889148474,8.009374141693115e-05,4.682046128436923,0.343902220018208,True,0.0,False
capacity,06,81,4.0826869662851095,0.3350721672177315,9.988434612751007e-05,4.082786850631237,0.3480221168138087,True,0.0,False
capacity,06,82,4.0792799554765224,0.33049285411834717,9.010545909404755e-05,4.0793700609356165,0.35213179397396743,True,0.0,False
capacity,06,83,4.059202037751675,0.33958000130951405,7.008202373981476e-05,4.0592721197754145,0.35622077202424407,True,0.0,False
capacity,06,84,4.628967028111219,0.33640419133007526,9.988434612751007e-05,4.629066912457347,0.3608766298275441,True,0.0,False
capacity,06,85,4.053210141137242,0.3315540961921215,9.103678166866302e-05,4.053301177918911,0.36495742201805115,True,0.0,False
capacity,06,86,4.050425952300429,0.3297219518572092,7.008202373981476e-05,4.050496034324169,0.36903534992597997,True,0.015210026699567045,False
capacity,06,87,4.056577105075121,0.3313350025564432,0.00010989606380462646,4.0566870011389256,0.37312497897073627,True,0.008387275177839023,False
capacity,06,88,4.672489129006863,0.3363140858709812,9.988434612751007e-05,4.67258901335299,0.37782867695204914,True,0.002159682441127074,False
capacity,06,89,4.103606101125479,0.3328279126435518,8.987262845039368e-05,4.103695973753929,0.38196017500013113,True,0.0500171442927509,False
capacity,06,90,4.065353889018297,0.33108401112258434,0.00010011717677116394,4.065454006195068,0.3860546338837594,True,0.0,False
capacity,06,91,4.042731132358313,0.33098412677645683,0.00010104849934577942,4.042832180857658,0.39013007702305913,True,0.0,False
capacity,06,92,4.645928042009473,0.3382680006325245,9.010545909404755e-05,4.646018147468567,0.3948036569636315,True,0.0,False
capacity,06,93,4.104197025299072,0.3365140873938799,8.987262845039368e-05,4.104286897927523,0.39893802092410624,True,0.0,False
capacity,06,94,4.069922026246786,0.33101392909884453,0.00010011717677116394,4.070022143423557,0.40303753898479044,True,0.0012959582543724919,False
capacity,06,95,4.052198957651854,0.33075292594730854,0.00011012889444828033,4.052309086546302,0.40711704990826547,True,0.039766278169330274,False
capacity,06,96,4.636150086298585,0.3363040741533041,9.988434612751007e-05,4.6362499706447124,0.41178110195323825,True,0.04318992908013524,False
capacity,06,97,4.194868030026555,0.3319850657135248,8.987262845039368e-05,4.1949579026550055,0.4160031918436289,True,0.04661357999094022,False
capacity,06,98,4.256514133885503,0.444167060777545,9.988434612751007e-05,4.25661401823163,0.42029865900985897,True,0.07286157030711166,False
capacity,06,99,4.038203042000532,0.33647497184574604,8.009374141693115e-05,4.038283135741949,0.4243638929910958,True,0.0751440042476483,False
capacity,06,100,4.663480911403894,0.337245874106884,9.010545909404755e-05,4.6635710168629885,0.4290544749237597,True,0.0751440042476483,False
capacity,06,101,4.026780836284161,0.3286600112915039,9.010545909404755e-05,4.026870941743255,0.4331151298247278,True,0.0751440042476483,False
capacity,06,102,4.045104840770364,0.33337785862386227,9.103678166866302e-05,4.0451958775520325,0.43718640482984483,True,0.04180320911104778,False
capacity,06,103,4.357986152172089,0.333649106323719,9.988434612751007e-05,4.358086036518216,0.4415708410087973,True,0.022218021393131327,False
capacity,06,104,4.087757086381316,0.3322269767522812,9.988434612751007e-05,4.087856970727444,0.44568551797419786,True,0.022709027390769593,False
capacity,06,105,4.032762022688985,0.3273568581789732,0.00010011717677116394,4.032862139865756,0.44974492001347244,True,0.0236538419619826,False
capacity,06,106,4.032813012599945,0.3273880574852228,7.986091077327728e-05,4.032892873510718,0.4538039618637413,True,0.021150455322508747,False
capacity,06,107,4.053942859172821,0.3271468449383974,9.010545909404755e-05,4.054032964631915,0.4578888628166169,True,0.019266777767932862,False
capacity,06,108,4.534678999334574,0.33124489709734917,9.010545909404755e-05,4.534769104793668,0.46245047193951905,True,0.017929158398609226,False
capacity,06,109,4.036680096760392,0.3306330181658268,0.00010011717677116394,4.036780213937163,0.4665258650202304,True,0.023456695614446032,False
capacity,06,110,4.039124120026827,0.331053975969553,7.986091077327728e-05,4.0392039809376,0.470591499004513,True,0.016063335607583846,False
capacity,06,111,4.341144114732742,0.3314551431685686,8.987262845039368e-05,4.341233987361193,0.47496335092000663,True,0.012314579210463856,False
capacity,06,112,4.09201392903924,0.32659596763551235,0.00010011717677116394,4.092114046216011,0.4790819948539138,True,0.009903442182667487,False
capacity,06,113,4.048221046105027,0.32882997766137123,0.00010989606380462646,4.048330942168832,0.48316087387502193,True,0.05890030364061585,False
capacity,06,114,4.036769969388843,0.3335180226713419,0.00010104849934577942,4.036871017888188,0.48722431482747197,True,0.008792727100131232,False
capacity,06,115,4.045607056468725,0.33403001725673676,9.010545909404755e-05,4.045697161927819,0.49129682197235525,True,0.008393970714170466,False
capacity,06,116,4.170983098447323,0.3337389789521694,8.987262845039368e-05,4.171072971075773,0.49549436499364674,True,0.008314368226674557,False
capacity,06,117,4.033793928101659,0.33165491186082363,9.103678166866302e-05,4.0338849648833275,0.49955928791314363,True,0.01654764606889068,False
capacity,06,118,4.055265104398131,0.32906001433730125,9.988434612751007e-05,4.055364988744259,0.5036410829052329,True,0.008804630275831544,False
capacity,06,119,4.0469488594681025,0.3288700245320797,0.00011012889444828033,4.047058988362551,0.5077147118281573,True,0.0016508216799383428,False
capacity,06,120,4.612846067175269,0.32872986048460007,0.00011012889444828033,4.612956196069717,0.5123545490205288,True,0.0,False
capacity,06,121,4.036879865452647,0.333297997713089,0.00011106021702289581,4.03699092566967,0.5164229488000274,True,0.0,False
capacity,06,122,4.063770174980164,0.33270707353949547,9.103678166866302e-05,4.063861211761832,0.5205136500298977,True,0.023499424776184486,False
capacity,06,123,4.313932033255696,0.3236099146306515,0.00011012889444828033,4.314042162150145,0.5248544230125844,True,0.013254916256337233,False
capacity,06,124,4.111350979655981,0.3236299380660057,0.00010011717677116394,4.111451096832752,0.5289939169306308,True,0.20560119813875882,False
capacity,06,125,4.053310956805944,0.32225693576037884,0.00011012889444828033,4.053421085700393,0.5330752609297633,True,0.0,False
capacity,06,126,4.047119989991188,0.3250630106776953,8.987262845039368e-05,4.047209862619638,0.5371545308735222,True,0.06783714337751585,False
capacity,06,127,4.1175419464707375,0.3314849454909563,9.010545909404755e-05,4.1176320519298315,0.5413048849441111,True,0.09731383882148258,False
capacity,06,128,4.347164882346988,0.41264784522354603,0.00012014061212539673,4.347285022959113,0.5456850118935108,True,0.11069211927110405,False
capacity,06,129,4.071895964443684,0.3292409237474203,0.00010011717677116394,4.071996081620455,0.5497843399643898,True,0.1876558405633207,False
capacity,06,130,4.036419093608856,0.3297410439699888,6.100162863731384e-05,4.0364800952374935,0.5538486219011247,True,0.09636626100433285,False
capacity,06,131,4.856053972616792,0.3313850611448288,7.986091077327728e-05,4.856133833527565,0.558742897817865,True,0.0,False
capacity,06,132,4.230946069583297,0.380517914891243,0.00010989606380462646,4.231055965647101,0.5630119759589434,True,0.0,False
capacity,06,133,4.060013918206096,0.332297058776021,9.010545909404755e-05,4.06010402366519,0.567106454866007,True,0.020622942187490664,False
capacity,06,134,4.175260895863175,0.3350619226694107,0.00010989606380462646,4.17537079192698,0.5713142068125308,True,0.0406446752543604,False
capacity,06,135,4.732512170448899,0.39009517058730125,7.986091077327728e-05,4.7325920313596725,0.5760774170048535,True,0.026242594446329218,False
capacity,06,136,4.483941942453384,0.37564802914857864,0.00010104849934577942,4.48404299095273,0.5805930788628757,True,0.0,False
capacity,06,137,4.068661015480757,0.3321669064462185,0.00011012889444828033,4.068771144375205,0.5846994309686124,True,0.023212059673341872,False
capacity,06,138,4.0461779572069645,0.3302730619907379,9.010545909404755e-05,4.0462680626660585,0.5887757348828018,True,0.06362760813198702,False
capacity,06,139,4.6340362168848515,0.32853917218744755,9.080395102500916e-05,4.6341270208358765,0.5934419520199299,True,0.0,False
capacity,06,140,4.05488396063447,0.3312239423394203,8.009374141693115e-05,4.054964054375887,0.5975316308904439,True,0.07012871744929194,False
capacity,06,141,4.054062068462372,0.3334791399538517,9.988434612751007e-05,4.054161952808499,0.6016174629330635,True,0.12171056208790132,False
capacity,06,142,4.066526191309094,0.3317662049084902,9.988434612751007e-05,4.066626075655222,0.6057114209979773,True,0.12397343791372109,False
capacity,06,143,4.641178995370865,0.3323860000818968,8.987262845039368e-05,4.641268867999315,0.6103798118419945,True,0.07377079271144449,False
capacity,06,144,4.05352097004652,0.3371450584381819,9.103678166866302e-05,4.053612006828189,0.6144602338317782,True,0.0,False
capacity,06,145,4.039625870063901,0.33316900953650475,8.009374141693115e-05,4.039705963805318,0.6185328518040478,True,0.0,False
capacity,06,146,4.052460193634033,0.3334791399538517,5.9837475419044495e-05,4.052520031109452,0.6226166510023177,True,0.012535254215816999,False
capacity,06,147,4.620529944077134,0.33440999686717987,8.009374141693115e-05,4.620610037818551,0.6272637608926743,True,0.0,False
capacity,06,148,4.055083962157369,0.33837812952697277,5.9837475419044495e-05,4.055143799632788,0.6313452448230237,True,0.0,False
capacity,06,149,4.047459922730923,0.3377168904989958,9.010545909404755e-05,4.047550028190017,0.635419525904581,True,0.0,False
capacity,06,150,4.057318903505802,0.33984100446105003,6.0070306062698364e-05,4.057378973811865,0.6395035649184138,True,0.0,False
capacity,06,151,4.62617096491158,0.33257692120969296,9.010545909404755e-05,4.626261070370674,0.6441610748879611,True,0.004368465482017979,False
capacity,06,152,4.053952172398567,0.33755600452423096,8.987262845039368e-05,4.054042045027018,0.6482416270300746,True,0.0,False
capacity,06,153,4.05624695122242,0.33674505539238453,8.987262845039368e-05,4.05633682385087,0.6523286218289286,True,0.0,False
capacity,06,154,4.035827936604619,0.33903890289366245,8.009374141693115e-05,4.035908030346036,0.6563908299431205,True,0.004939073967152138,False
capacity,06,155,4.670495167374611,0.3423360176384449,8.987262845039368e-05,4.670585040003061,0.6610880449879915,True,0.0,False
capacity,06,156,4.040957894176245,0.3327080048620701,0.00012014061212539673,4.04107803478837,0.6651598808821291,True,0.0015645236561109993,False
capacity,06,157,4.037551116198301,0.33782701939344406,9.988434612751007e-05,4.037651000544429,0.6692238620016724,True,0.016921852154969528,False
capacity,06,158,4.058842081576586,0.338398152962327,7.986091077327728e-05,4.058921942487359,0.673309173900634,True,0.008957883662973183,False
capacity,06,159,4.644816042855382,0.3377960529178381,9.103678166866302e-05,4.644907079637051,0.6779804199468344,True,0.0015890739559929147,False
capacity,06,160,4.064032109454274,0.33379998058080673,7.986091077327728e-05,4.0641119703650475,0.6820707409642637,True,0.003350000011159224,False
capacity,06,161,4.033913835883141,0.3316449001431465,0.00011106021702289581,4.0340248961001635,0.6861353327985853,True,0.0,False
capacity,06,162,4.047830821946263,0.336754834279418,0.00010011717677116394,4.0479309391230345,0.6902095738332719,True,0.0,False
capacity,06,163,4.643063060939312,0.33723609521985054,9.988434612751007e-05,4.6431629452854395,0.6948787858709693,True,0.0,False
capacity,06,164,4.076865967363119,0.3327270969748497,0.00010011717677116394,4.07696608453989,0.698982321890071,True,0.0,False
capacity,06,165,4.052228992804885,0.3324470017105341,9.010545909404755e-05,4.052319098263979,0.70306092989631,True,0.0,False
capacity,06,166,4.0421998128294945,0.33278786577284336,8.009374141693115e-05,4.042279906570911,0.7071363728027791,True,0.0,False
capacity,06,167,4.632151918485761,0.3391790669411421,8.987262845039368e-05,4.632241791114211,0.7117952858097851,True,0.0,False
capacity,06,168,4.042560933157802,0.3314749337732792,0.00010011717677116394,4.042661050334573,0.7158643768634647,True,0.0,False
capacity,06,169,4.039855906739831,0.33380906097590923,0.00011012889444828033,4.039966035634279,0.7199309428688139,True,0.004388552091012268,False
capacity,06,170,4.083378007635474,0.3318251110613346,7.986091077327728e-05,4.0834578685462475,0.7240407408680767,True,0.009524028457219719,False
capacity,06,171,4.575506085529923,0.33183605410158634,0.00010989606380462646,4.575615981593728,0.7286472648847848,True,0.014659504823427174,False
capacity,06,172,4.046248039230704,0.33286819234490395,0.00010989606380462646,4.046357935294509,0.732720733853057,True,0.0186537642193663,False
capacity,06,173,4.049283917993307,0.33135502599179745,9.010545909404755e-05,4.049374023452401,0.7367972088977695,True,0.025992172820103437,False
capacity,06,174,4.055455094203353,0.33120508305728436,9.988434612751007e-05,4.05555497854948,0.7408789528999478,True,0.007094292717391588,False
capacity,06,175,4.623305052518845,0.3380170091986656,0.00010104849934577942,4.62340610101819,0.7455289089120924,True,0.009401276957810149,False
capacity,06,176,4.0665059350430965,0.3328281454741955,6.0070306062698364e-05,4.066566005349159,0.7496267238166183,True,0.012303419983244787,False
capacity,06,177,4.05327114276588,0.33484119921922684,0.00011990778148174286,4.053391050547361,0.753706875955686,True,0.015230113308561334,False
capacity,06,178,4.080643178895116,0.3352921921759844,8.987262845039368e-05,4.080733051523566,0.7578162630088627,True,0.01983840615870989,False
capacity,06,179,4.250912927091122,0.34717400558292866,0.00010104849934577942,4.2510139755904675,0.7621058088261634,True,0.019794981189634624,False
capacity,06,180,4.177425056695938,0.35320594906806946,9.010545909404755e-05,4.177515162155032,0.7663198329973966,True,0.022077415130171273,False
capacity,06,181,4.798075184226036,0.3581950441002846,9.988434612751007e-05,4.798175068572164,0.7711605590302497,True,0.023789240585573756,False
capacity,06,182,5.064827855676413,0.3848448395729065,0.00016111880540847778,5.064988974481821,0.7762741388287395,True,0.00595307574712327,False
capacity,06,183,4.462653072550893,0.3850259818136692,0.00017997808754444122,4.462833050638437,0.7807804439216852,True,0.007118843017273506,False
capacity,06,184,4.750595893710852,0.36939699202775955,0.00010011717677116394,4.750696010887623,0.785570042906329,True,0.008879769072439815,False
capacity,06,185,4.649806069210172,0.3588071558624506,0.00010989606380462646,4.649915965273976,0.7902678588870913,True,0.010665245427488042,False
capacity,06,186,4.97845490463078,0.42905891314148903,0.00018114224076271057,4.978636046871543,0.7952862998936325,True,0.01351828785315885,False
capacity,06,187,5.944156087934971,0.42412010952830315,7.986091077327728e-05,5.944235948845744,0.801273135934025,True,0.016371330278829657,False
capacity,06,188,4.2782858945429325,0.4369639791548252,0.00012991949915885925,4.278415814042091,0.8055999428033829,True,0.0186537642193663,False
capacity,06,189,4.760965006425977,0.3396209795027971,0.00011012889444828033,4.761075135320425,0.8103968249633908,True,0.020936198159902948,False
capacity,06,190,4.095050040632486,0.3421150613576174,0.00011012889444828033,4.095160169526935,0.8145265909843147,True,0.0,False
capacity,06,191,4.052569856867194,0.3339590039104223,9.010545909404755e-05,4.052659962326288,0.8186152388807386,True,0.0,False
capacity,06,192,4.047730937600136,0.3339899703860283,0.00010011717677116394,4.047831054776907,0.8226952599361539,True,9.968909649016998e-05,False
capacity,06,193,4.665425047278404,0.3331480547785759,9.010545909404755e-05,4.665515152737498,0.8273899999912828,True,0.0024557739366725564,False
capacity,06,194,4.079068778082728,0.3431758377701044,0.00010104849934577942,4.079169826582074,0.8314978138078004,True,0.005407017561871023,False
capacity,06,195,4.0459479205310345,0.3364449366927147,8.009374141693115e-05,4.046028014272451,0.8355757419485599,True,0.007812203001817235,False
capacity,06,196,4.049744922667742,0.33200602047145367,7.008202373981476e-05,4.049815004691482,0.8396518158260733,True,0.010665245427488042,False
capacity,06,197,4.632072988897562,0.33423001877963543,8.987262845039368e-05,4.632162861526012,0.8443102878518403,True,0.01351828785315885,False
capacity,06,198,4.059111932292581,0.338597921654582,9.103678166866302e-05,4.059202969074249,0.8483974628616124,True,0.016371330278829657,False
capacity,06,199,4.058591090142727,0.3380170091986656,7.986091077327728e-05,4.0586709510535,0.8524828739464283,True,0.019224372704500465,False
capacity,06,200,4.0353769436478615,0.33342791721224785,8.102506399154663e-05,4.035457968711853,0.8565448818262666,True,0.022077415130171273,False
capacity,06,201,4.785081138834357,0.3327080048620701,8.987262845039368e-05,4.785171011462808,0.8613605799619108,True,0.02493045755584208,False
capacity,06,202,4.052839940413833,0.3400209825485945,9.010545909404755e-05,4.052930045872927,0.865440480876714,True,0.027783499981512885,False
capacity,06,203,4.043192137032747,0.3338991664350033,9.988434612751007e-05,4.043292021378875,0.8695163249503821,True,0.02949532543691537,False
capacity,06,204,4.0447048377245665,0.3334679640829563,0.00010011717677116394,4.044804954901338,0.8735875198617578,True,0.032809201774583435,False
capacity,06,205,4.727622028440237,0.3307729493826628,0.00010011717677116394,4.727722145617008,0.8783479239791632,True,0.5465754254316499,False
capacity,06,206,4.056748002767563,0.3370349295437336,8.009374141693115e-05,4.05682809650898,0.882432685000822,True,0.48209714608423326,False
capacity,06,207,4.048831993713975,0.33855787478387356,0.00010011717677116394,4.048932110890746,0.8865088180173188,True,0.4382279025647778,False
capacity,06,208,4.168258048593998,0.3324570134282112,0.00010011717677116394,4.168358165770769,0.8907038869801909,True,0.1535099106698572,False
capacity,06,209,4.330293042585254,0.37045800127089024,0.00010989606380462646,4.330402938649058,0.895068704849109,True,0.4699197345435185,False
capacity,06,210,4.053161013871431,0.33231708221137524,9.988434612751007e-05,4.053260898217559,0.8991484958678484,True,0.38353177793726434,False
capacity,06,211,4.050795920193195,0.3346509765833616,0.00010104849934577942,4.050896968692541,0.9032302708365023,True,0.3543739074651588,False
capacity,06,212,4.054112127050757,0.33527216874063015,7.986091077327728e-05,4.054191987961531,0.9073107929434627,True,0.3442434938993999,False
capacity,06,213,4.764713114127517,0.4503491800278425,0.00011990778148174286,4.7648330219089985,0.9121098809409887,True,0.30227668321877654,False
capacity,06,214,4.0242059621959925,0.3337289672344923,0.00010011717677116394,4.024306079372764,0.9161612379830331,True,0.2801702540978358,False
capacity,06,215,4.041839856654406,0.33444096334278584,8.009374141693115e-05,4.0419199503958225,0.9202339958865196,True,0.25945054494598246,False
capacity,06,216,4.0984260849654675,0.3351320046931505,9.988434612751007e-05,4.098525969311595,0.9243590119294822,True,0.22926334742148588,False
capacity,06,217,4.554856102913618,0.3362440038472414,9.988434612751007e-05,4.554955987259746,0.9289444859605283,True,0.22996561568857538,False
capacity,06,218,4.047710914164782,0.33012288622558117,8.009374141693115e-05,4.0477910079061985,0.9330192578490824,True,0.2795049250314671,False
capacity,06,219,4.057980142533779,0.3310439642518759,9.988434612751007e-05,4.058080026879907,0.9371032370254397,True,0.15410223235876835,False
capacity,06,220,4.032913129776716,0.33022300340235233,8.987262845039368e-05,4.033003002405167,0.9411628500092775,True,0.14797225423842086,False
capacity,06,221,4.645507782697678,0.3359538968652487,8.009374141693115e-05,4.6455878764390945,0.9458394458051771,True,0.5023900877746219,False
capacity,06,222,4.043642897158861,0.3273170441389084,0.00010011717677116394,4.043743014335632,0.9499105508439243,True,0.4967662813146324,False
capacity,06,223,4.043081076815724,0.3253431059420109,9.103678166866302e-05,4.043172113597393,0.9539801219943911,True,0.47541243566238556,False
capacity,06,224,4.0315811056643724,0.32511306926608086,9.988434612751007e-05,4.0316809900105,0.958047220017761,True,0.48521740696415844,False
capacity,06,225,4.1758818551898,0.3252939786761999,0.00011012889444828033,4.1759919840842485,0.9622500718105584,True,0.45892633215952944,False
capacity,06,226,4.03830292634666,0.3341999836266041,9.988434612751007e-05,4.038402810692787,0.9663146648090333,True,0.4115007715671112,False
capacity,06,227,4.038213053718209,0.3330279141664505,8.987262845039368e-05,4.03830292634666,0.9703791169449687,True,0.4081838521548181,False
capacity,06,228,4.352605901658535,0.3321669064462185,0.00010011717677116394,4.352706018835306,0.9747583528514951,True,0.3664200143221238,False
capacity,06,229,4.084098851308227,0.32812892459332943,9.010545909404755e-05,4.084188956767321,0.9788729988504201,True,0.4620031790558681,False
capacity,06,230,4.036478931084275,0.3286600112915039,0.00010011717677116394,4.036579048261046,0.9829357878770679,True,0.3036040251108234,False
capacity,06,231,4.047691123560071,0.32924115657806396,6.984919309616089e-05,4.047760972753167,0.9870141369756311,True,0.275486815493843,False
capacity,06,232,4.048522096127272,0.3274169284850359,8.009374141693115e-05,4.048602189868689,0.991088957991451,True,0.30708084252432355,False
capacity,06,233,4.28450689651072,0.33339904621243477,9.010545909404755e-05,4.284597001969814,0.9954003358725458,True,0.26915088919326313,False
capacity,06,234,4.042961867526174,0.3302828408777714,9.010545909404755e-05,4.043051972985268,0.9994736548978835,True,0.3042069557158971,False
capacity,06,235,4.025319125503302,0.32468209974467754,8.987262845039368e-05,4.025408998131752,1.0035252729430795,True,0.3519104338311924,False
capacity,06,236,4.029497038573027,0.3252739552408457,8.009374141693115e-05,4.029577132314444,1.0075811489950866,True,0.30917828793836,False
capacity,06,237,4.637351958081126,0.3273067995905876,8.009374141693115e-05,4.637432051822543,1.0122444999869913,True,0.2926780815231621,False
capacity,06,238,4.059012047946453,0.33271685242652893,9.010545909404755e-05,4.059102153405547,1.0163301120046526,True,0.34139809649426234,False
capacity,06,239,4.036468919366598,0.33243605867028236,7.101334631443024e-05,4.036539932712913,1.0203934218734503,True,0.4371768674558937,False
capacity,06,240,4.423799924552441,0.33170590177178383,8.009374141693115e-05,4.423880018293858,1.024847247870639,True,0.32368174319202137,False
capacity,06,241,4.0912318509072065,0.32856897450983524,0.00010104849934577942,4.091332899406552,1.0289690378122032,True,0.34666744118753706,False
capacity,06,242,4.066175082698464,0.3316651564091444,7.986091077327728e-05,4.066254943609238,1.033063055947423,True,0.28214833862979544,False
capacity,06,243,4.071515053510666,0.3343599382787943,9.988434612751007e-05,4.071614937856793,1.0371625039260834,True,0.42494377412697076,False
capacity,06,244,4.079871810972691,0.34030177630484104,9.010545909404755e-05,4.079961916431785,1.0412742558401078,True,0.23687822474580766,False
capacity,06,245,4.1329809464514256,0.3491679672151804,8.009374141693115e-05,4.1330610401928425,1.0454348889179528,True,0.20120799244277465,False
capacity,06,246,4.056858131662011,0.3414230886846781,7.986091077327728e-05,4.056937992572784,1.0495187579654157,True,0.12106065513590235,False
capacity,06,247,4.033333156257868,0.33322814851999283,8.987262845039368e-05,4.033423028886318,1.0535781499929726,True,0.07993577641550893,False
capacity,06,248,4.052388947457075,0.33481093123555183,0.00011012889444828033,4.052499076351523,1.0576567689422518,True,0.05271842122824262,False
capacity,06,249,4.580866079777479,0.3351820632815361,8.009374141693115e-05,4.580946173518896,1.062264685984701,True,0.02664228301124458,False
capacity,06,250,4.056927980855107,0.34017092548310757,9.010545909404755e-05,4.057018086314201,1.0663482039235532,True,0.0,False
capacity,06,251,4.0387241169810295,0.33884914591908455,9.988434612751007e-05,4.038824001327157,1.0704181059263647,True,0.0,False
capacity,06,252,4.057759186252952,0.34147314727306366,9.080395102500916e-05,4.057849990203977,1.074505781987682,True,0.0,False
capacity,06,253,4.2077722027897835,0.3356530796736479,8.987262845039368e-05,4.207862075418234,1.0787404850125313,True,0.0066508994225546215,False
capacity,06,254,4.047779832035303,0.33439998514950275,9.010545909404755e-05,4.047869937494397,1.0828193738125265,True,0.0,False
capacity,06,255,4.0475111454725266,0.33466098830103874,8.987262845039368e-05,4.047601018100977,1.0868933650199324,True,0.0,False
capacity,06,256,4.045996814966202,0.3344709984958172,9.010545909404755e-05,4.046086920425296,1.0909655208233744,True,0.0,False
capacity,06,257,4.1449840646237135,0.33623306080698967,8.079223334789276e-05,4.145064856857061,1.095137185882777,True,0.0,False
capacity,06,258,4.047831054776907,0.3394500818103552,8.987262845039368e-05,4.047920927405357,1.0992113859392703,True,0.0,False
capacity,06,259,4.052328877151012,0.3408228512853384,0.00011012889444828033,4.052439006045461,1.1032903948798776,True,0.0,False
capacity,06,260,4.039474995806813,0.3376859240233898,9.988434612751007e-05,4.039574880152941,1.107356560882181,True,0.0,False
capacity,06,261,4.605591995641589,0.3395101521164179,9.988434612751007e-05,4.605691879987717,1.1119929808191955,True,0.022627937006311143,False
capacity,06,262,4.0567980613559484,0.33407891169190407,9.988434612751007e-05,4.056897945702076,1.1160765399690717,True,0.021416769753953974,False
capacity,06,263,4.04821103438735,0.3331878688186407,0.00011106021702289581,4.048322094604373,1.1201549780089408,True,0.05263685684520178,False
capacity,06,264,4.042720887809992,0.33797696232795715,9.010545909404755e-05,4.042810993269086,1.124224258819595,True,0.05689818975657235,False
capacity,06,265,4.149883054196835,0.34450902603566647,9.010545909404755e-05,4.149973159655929,1.1284046999644488,True,0.02992852062830302,False
capacity,06,266,4.075753036886454,0.339660095050931,0.00011012889444828033,4.075863165780902,1.132507503964007,True,0.03892155603848709,False
capacity,06,267,4.091974114999175,0.34812698140740395,9.988434612751007e-05,4.092073999345303,1.136627570958808,True,0.0004967475053399209,False
capacity,06,268,4.041529027745128,0.33332896418869495,9.010545909404755e-05,4.041619133204222,1.1406955600250512,True,7.178387921874069e-05,False
capacity,06,269,4.618035862222314,0.3421048168092966,9.010545909404755e-05,4.618125967681408,1.14534045686014,True,0.016667711665462756,False
capacity,06,270,4.060012986883521,0.3390188794583082,0.00012014061212539673,4.0601331274956465,1.1494276910088956,True,0.022133918634893446,False
capacity,06,271,4.040166037157178,0.3374558873474598,0.00010104849934577942,4.040267085656524,1.1534987159539014,True,0.03946867497818088,False
capacity,06,272,4.046798916533589,0.33363886177539825,9.010545909404755e-05,4.046889021992683,1.1575723958667368,True,0.019374708946434373,False
capacity,06,273,4.198194015771151,0.3351920749992132,6.984919309616089e-05,4.198263864964247,1.1618014678824693,True,0.018017524097936263,False
capacity,06,274,4.050765885040164,0.33424003049731255,8.009374141693115e-05,4.050845978781581,1.1658789748325944,True,0.005180377774067158,False
capacity,06,275,4.049654118716717,0.33376901410520077,0.00010104849934577942,4.0497551672160625,1.1699555499944836,True,0.00540789746800886,False
capacity,06,276,4.045886918902397,0.33354898914694786,0.00010011717677116394,4.045987036079168,1.1740327859297395,True,0.0001733399961359108,False
capacity,06,277,4.614398814737797,0.33481093123555183,8.009374141693115e-05,4.614478908479214,1.1786738748196512,True,0.0,False
capacity,06,278,4.041398875415325,0.3330879844725132,8.009374141693115e-05,4.041478969156742,1.1827420848421752,True,0.0,False
capacity,06,279,4.049313021823764,0.33412990160286427,7.008202373981476e-05,4.049383103847504,1.186818087939173,True,0.027788779409799833,False
capacity,06,280,4.4440580531954765,0.3325780853629112,9.010545909404755e-05,4.444148158654571,1.1912887659855187,True,0.042744774629115925,False
capacity,06,281,4.0939669124782085,0.33989991061389446,0.00010011717677116394,4.09406702965498,1.1954136518761516,True,0.02695446400335771,False
capacity,06,282,4.056157078593969,0.34029106609523296,8.987262845039368e-05,4.05624695122242,1.199496699962765,True,0.030915128059953348,False
capacity,06,283,4.055706085637212,0.334280077368021,8.009374141693115e-05,4.055786179378629,1.2035834440030158,True,0.019969726815500216,False
capacity,06,284,4.0570879355072975,0.33411895856261253,0.00010104849934577942,4.057188984006643,1.2076664709020406,True,0.0630040298997097,False
capacity,06,285,4.124234896153212,0.3428671043366194,9.010545909404755e-05,4.124325001612306,1.211816884810105,True,0.052842343948650394,False
capacity,06,286,4.0593622252345085,0.33506215550005436,9.988434612751007e-05,4.059462109580636,1.2159026670269668,True,0.06808571826214102,False
capacity,06,287,4.0606961119920015,0.3361641429364681,9.988434612751007e-05,4.060795996338129,1.2199900029227138,True,0.0416364442698414,False
capacity,06,288,4.055496072396636,0.33521209843456745,8.987262845039368e-05,4.055585945025086,1.2240765569731593,True,0.05658752509226517,False
capacity,06,289,4.563623107969761,0.3412931691855192,8.987262845039368e-05,4.563712980598211,1.2286673509515822,True,0.03819100634604911,False
capacity,06,290,4.052289063110948,0.33530197106301785,8.987262845039368e-05,4.052378935739398,1.2327464199624956,True,0.04833224839297484,False
capacity,06,291,4.047089023515582,0.33616391010582447,9.010545909404755e-05,4.047179128974676,1.2368251089937985,True,0.031254615358675256,False
capacity,06,292,4.047970054671168,0.33600302413105965,9.080395102500916e-05,4.048060858622193,1.240899619879201,True,0.012019129110696244,False
capacity,06,293,4.3202240485697985,0.3399511333554983,8.987262845039368e-05,4.320313921198249,1.2452509328722954,True,0.012738939912699952,False
capacity,06,294,4.038824001327157,0.33844797872006893,0.00011012889444828033,4.038934130221605,1.2493165279738605,True,0.011977179273818571,False
capacity,06,295,4.046108108013868,0.339980935677886,6.0070306062698364e-05,4.046168178319931,1.2533892060164362,True,2.6478914935697527e-05,False
capacity,06,296,4.057930083945394,0.3454419784247875,8.987262845039368e-05,4.058019956573844,1.257473574951291,True,0.003846789416640959,False
capacity,06,297,4.605852998793125,0.3418349660933018,8.987262845039368e-05,4.6059428714215755,1.2621060078963637,True,0.015607165182507623,False
capacity,06,298,4.050415009260178,0.33936905674636364,0.00011082738637924194,4.050525836646557,1.2661876818165183,True,0.004701010453145705,False
capacity,06,299,4.053151002153754,0.33946987241506577,9.010545909404755e-05,4.053241107612848,1.2702678239438683,True,0.04037050945807629,False
capacity,06,300,4.102614941075444,0.3379469271749258,9.010545909404755e-05,4.102705046534538,1.2743970388546586,True,0.01416849882578891,False
capacity,06,301,4.696943797171116,0.395915936678648,0.00011012889444828033,4.697053926065564,1.2791328357998282,True,0.019794981189634624,False
capacity,06,302,4.0576590690761805,0.34240493550896645,8.102506399154663e-05,4.057740094140172,1.283223096979782,True,0.024359849070707915,False
capacity,06,303,4.039274994283915,0.34385803155601025,0.00010989606380462646,4.039384890347719,1.2872900438960642,True,0.0028790806225152342,False
capacity,06,304,4.120767815038562,0.3385278396308422,8.009374141693115e-05,4.120847908779979,1.2914373518433422,True,0.005186064862933793,False
capacity,06,305,4.282642854377627,0.4171959590166807,8.009374141693115e-05,4.282722948119044,1.295755481813103,True,0.0008972018684116975,False
capacity,06,306,4.046929068863392,0.3366139717400074,7.101334631443024e-05,4.047000082209706,1.2998300238978118,True,0.01717450091931913,False
capacity,06,307,4.083477891981602,0.3380069974809885,9.010545909404755e-05,4.083567997440696,1.3039413439109921,True,0.03252222804094275,False
capacity,06,308,4.5580631121993065,0.33494201488792896,9.988434612751007e-05,4.558162996545434,1.3085259669460356,True,0.06531098432394204,False
capacity,06,309,4.115798976272345,0.3365448210388422,9.010545909404755e-05,4.115889081731439,1.3126686559990048,True,0.09327433138826118,False
capacity,06,310,4.0456869173794985,0.3337990492582321,9.010545909404755e-05,4.0457770228385925,1.316744950832799,True,0.08952404582534829,False
capacity,06,311,4.040037048980594,0.33263699151575565,6.0070306062698364e-05,4.040097119286656,1.320815515005961,True,0.11841141173276283,False
capacity,06,312,4.124785074964166,0.3338491078466177,9.103678166866302e-05,4.124876111745834,1.3249710679519922,True,0.10788275231362007,False
capacity,06,313,4.239222034811974,0.4082401283085346,9.988434612751007e-05,4.239321919158101,1.3292426709085703,True,0.11313093447680003,False
capacity,06,314,4.07123495824635,0.34096301533281803,8.987262845039368e-05,4.071324830874801,1.3333418788388371,True,0.13513996367965297,False
capacity,06,315,4.056457197293639,0.34067314118146896,9.988434612751007e-05,4.056557081639767,1.337425797013566,True,0.08423555070292452,False
capacity,06,316,4.660906968638301,0.3418650012463331,9.010545909404755e-05,4.660997074097395,1.3421137349214405,True,0.07302693417625669,False
capacity,06,317,4.135004943236709,0.34390902146697044,0.00010989606380462646,4.135114839300513,1.3462764718569815,True,0.09035172088113534,False
capacity,06,318,4.073960008099675,0.34091295674443245,0.00010011717677116394,4.074060125276446,1.350377402966842,True,0.07070849854626549,False
capacity,06,319,4.0713041089475155,0.3354521468281746,9.080395102500916e-05,4.0713949128985405,1.3544763699173927,True,0.07483959191951371,False
capacity,06,320,4.539838992059231,0.3287100698798895,9.988434612751007e-05,4.539938876405358,1.3590427488088608,True,0.08605264710822279,False
capacity,06,321,4.081302788108587,0.3292399924248457,9.010545909404755e-05,4.081392893567681,1.3631589678116143,True,0.0811662924300601,False
capacity,06,322,4.079299978911877,0.3363939467817545,0.00015995465219020844,4.079459933564067,1.367271059891209,True,0.011640008559883218,False
capacity,06,323,4.084348911419511,0.3363939467817545,7.986091077327728e-05,4.084428772330284,1.3713825508020818,True,0.08011807943042354,False
capacity,06,324,4.636088851839304,0.3428158815950155,8.009374141693115e-05,4.636168945580721,1.3760464128572494,True,0.1268425737514501,False
capacity,06,325,4.053971963003278,0.3349608741700649,9.103678166866302e-05,4.054062999784946,1.3801275969017297,True,0.061116243760513465,False
capacity,06,326,4.0725169237703085,0.34351786598563194,9.010545909404755e-05,4.0726070292294025,1.3842277559451759,True,0.081592097871396,False
capacity,06,327,4.03444585390389,0.33804704435169697,9.010545909404755e-05,4.034535959362984,1.3882890928070992,True,0.04336810053128719,False
capacity,06,328,4.55779186449945,0.3358330577611923,8.009374141693115e-05,4.557871958240867,1.392873905831948,True,0.03173153576091873,False
capacity,06,329,4.0593319572508335,0.33167493529617786,0.00011012889444828033,4.059442086145282,1.3969618519768119,True,0.025636334434419983,False
capacity,06,330,4.027481889352202,0.3282278776168823,0.00010104849934577942,4.027582937851548,1.4010160048492253,True,0.19452742510375776,False
capacity,06,331,4.028924973681569,0.3243209794163704,9.988434612751007e-05,4.029024858027697,1.4050761088728905,True,0.11785910442325147,False
capacity,06,332,4.625529050827026,0.327687943354249,9.010545909404755e-05,4.62561915628612,1.4097343699540943,True,0.007782045959483266,False
capacity,06,333,4.091173177585006,0.3371960483491421,0.00010989606380462646,4.09128307364881,1.4138531649950892,True,0.12778930975338512,False
capacity,06,334,4.140996839851141,0.39840093813836575,9.010545909404755e-05,4.141086945310235,1.418021242832765,True,0.19727595177981433,False
capacity,06,335,4.0558259934186935,0.33616391010582447,9.010545909404755e-05,4.055916098877788,1.4221042999997735,True,0.13493402506667043,False
capacity,06,336,4.6357091050595045,0.33887801691889763,9.103678166866302e-05,4.635800141841173,1.4267744040116668,True,0.06400091491538683,False
capacity,06,337,4.053260898217559,0.3349408507347107,0.00012014061212539673,4.053381038829684,1.4308547559194267,True,0.023430242871265786,False
capacity,06,338,4.040817031636834,0.3322260454297066,0.00010081566870212555,4.040917847305536,1.4349221028387547,True,0.03778587078517567,False
capacity,06,339,4.055144032463431,0.3350209444761276,9.010545909404755e-05,4.055234137922525,1.4390040079597384,True,0.026979794988455156,False
capacity,06,340,4.634136101230979,0.33238716423511505,8.987262845039368e-05,4.634225973859429,1.4436646339017898,True,0.0884554938456535,False
capacity,06,341,4.0531309787184,0.33539184369146824,0.00010104849934577942,4.053232027217746,1.4477519299834967,True,0.09918265243693006,False
capacity,06,342,4.038011888042092,0.32976199872791767,9.010545909404755e-05,4.038101993501186,1.451816280838102,True,0.10587709405214067,False
capacity,06,343,4.043192137032747,0.3329180181026459,8.987262845039368e-05,4.043282009661198,1.455886343959719,True,0.18221128988047014,False
capacity,06,344,4.6428118366748095,0.33152499236166477,8.009374141693115e-05,4.642891930416226,1.4605594228487462,True,0.2508374396888186,False
capacity,06,345,4.050364950671792,0.33606309443712234,9.010545909404755e-05,4.050455056130886,1.464636999880895,True,0.1271731775448669,False
capacity,06,346,4.038482904434204,0.33289799466729164,8.009374141693115e-05,4.038562998175621,1.4687022338621318,True,0.08388260054198972,False
capacity,06,347,4.0367599576711655,0.3343198914080858,9.010545909404755e-05,4.0368500631302595,1.4727661348879337,True,0.22010705180416804,False
capacity,06,348,4.624779103323817,0.33394014462828636,9.988434612751007e-05,4.624878987669945,1.4774175139609724,True,0.15900585766539654,False
capacity,06,349,4.067376954481006,0.3443090245127678,9.010545909404755e-05,4.0674670599401,1.4815119919367135,True,0.054998925652464385,False
capacity,06,350,4.042962100356817,0.3386791795492172,9.988434612751007e-05,4.043061984702945,1.485581463901326,True,0.15558038502286145,False
capacity,06,351,4.062578082084656,0.33642398193478584,9.988434612751007e-05,4.062677966430783,1.4896778559777886,True,0.043708423464001195,False
capacity,06,352,4.653682932257652,0.33834693022072315,9.103678166866302e-05,4.653773969039321,1.4943581698462367,True,0.038881225436836475,False
capacity,06,353,4.060294013470411,0.3488969523459673,0.00011106021702289581,4.060405073687434,1.4984455849044025,True,0.03134146920188043,False
capacity,06,354,4.048322094604373,0.3401010762900114,9.010545909404755e-05,4.048412200063467,1.5025263780262321,True,0.004939073967152138,False
capacity,06,355,4.0274919010698795,0.34037185832858086,0.00010011717677116394,4.027592018246651,1.506584727903828,True,0.0,False
capacity,06,356,4.640236962586641,0.3422051668167114,9.103678166866302e-05,4.64032799936831,1.5112516058143228,True,0.0,False
capacity,06,357,4.045106004923582,0.34592184238135815,0.00010011717677116394,4.045206122100353,1.5153242140077055,True,0.0,False
capacity,06,358,4.052198957651854,0.3470738884061575,9.010545909404755e-05,4.052289063110948,1.5194035039748996,True,0.0,False
capacity,06,359,4.073619842529297,0.35095191560685635,0.00010011717677116394,4.073719959706068,1.52350378385745,True,0.0,False
capacity,06,360,4.640477942302823,0.34051178954541683,0.00010011717677116394,4.640578059479594,1.5281708319671452,True,0.008812045139019547,False
capacity,06,361,4.057629965245724,0.3448799252510071,0.00010011717677116394,4.057730082422495,1.5322622049134225,True,0.0,False
capacity,06,362,4.060955019667745,0.34402916207909584,0.00010989606380462646,4.061064915731549,1.5363499198574573,True,0.011565163534429138,False
capacity,06,363,4.061096115037799,0.3446401096880436,8.987262845039368e-05,4.061185987666249,1.5404371959157288,True,0.0,False
capacity,06,364,4.56812116317451,0.3437381237745285,7.986091077327728e-05,4.568201024085283,1.5450318970251828,True,0.0,False
capacity,06,365,4.045245936140418,0.33916905522346497,9.010545909404755e-05,4.045336041599512,1.5491039238404483,True,0.0,False
capacity,06,366,4.046428017318249,0.3466131165623665,7.986091077327728e-05,4.046507878229022,1.5531774528790265,True,0.0,False
capacity,06,367,4.037551116198301,0.3450510557740927,8.987262845039368e-05,4.037640988826752,1.5572420950047672,True,0.002504782907067572,False
capacity,06,368,4.661208018660545,0.3449409268796444,9.988434612751007e-05,4.661307903006673,1.5619341009296477,True,0.038649879310100596,False
capacity,06,369,4.0587810799479485,0.33933017402887344,7.986091077327728e-05,4.058860940858722,1.566020072903484,True,0.03486863713659045,False
capacity,06,370,4.059614147990942,0.33846800215542316,8.987262845039368e-05,4.059704020619392,1.5701062369626015,True,0.038404145796058616,False
capacity,06,371,4.065814893692732,0.3436880651861429,9.010545909404755e-05,4.065904999151826,1.5742057748138905,True,0.03010767421172634,False
capacity,06,372,4.606785019859672,0.34918799065053463,9.988434612751007e-05,4.606884904205799,1.578839189838618,True,0.010375449050063953,False
capacity,06,373,4.054985009133816,0.3370859194546938,0.00011012889444828033,4.055095138028264,1.5829211450181901,True,0.0,False
capacity,06,374,4.054903984069824,0.339750899001956,8.009374141693115e-05,4.054984077811241,1.5870028189383447,True,0.0,False
capacity,06,375,4.06035385094583,0.33920002169907093,9.010545909404755e-05,4.060443956404924,1.5910896328277886,True,0.03434927496407037,False
capacity,06,376,4.403420956805348,0.3370759077370167,0.00010011717677116394,4.40352107398212,1.5955200148746371,True,0.05909160164045909,False
capacity,06,377,4.036640049889684,0.33738603815436363,9.010545909404755e-05,4.036730155348778,1.5995831449981779,True,0.07375588668350842,False
capacity,06,378,4.069963004440069,0.33696508035063744,0.00011012889444828033,4.0700731333345175,1.6036796779371798,True,0.08878398198294407,False
capacity,06,379,4.029385978356004,0.33872900530695915,8.009374141693115e-05,4.029466072097421,1.607740111881867,True,0.08815324288742939,False
capacity,06,380,4.150494001805782,0.3569629043340683,9.103678166866302e-05,4.150585038587451,1.6119215649086982,True,0.0746250921613675,False
capacity,06,381,4.04927390627563,0.3382579889148474,0.00011012889444828033,4.049384035170078,1.6160017668735236,True,0.08887701843417578,False
capacity,06,382,4.318682011216879,0.33994088880717754,8.009374141693115e-05,4.318762104958296,1.6203471689950675,True,0.08727290053761198,False
capacity,06,383,4.052218981087208,0.34188502468168736,7.986091077327728e-05,4.052298841997981,1.6244262978434563,True,0.05872220108924646,False
capacity,06,384,4.610551055520773,0.348416855558753,0.00010011717677116394,4.610651172697544,1.629063619999215,True,0.061618788320114984,False
capacity,06,385,4.055283963680267,0.3378968685865402,8.102506399154663e-05,4.055364988744259,1.6331460459623486,True,0.05539985928063814,False
capacity,06,386,4.0317310485988855,0.3436780534684658,8.987262845039368e-05,4.031820921227336,1.6372047478798777,True,0.06381188913535453,False
capacity,06,387,4.050304880365729,0.3421748988330364,0.00010104849934577942,4.050405928865075,1.6412815728690475,True,0.04989653057874253,False
capacity,06,388,4.232218023389578,0.3557000309228897,0.00010104849934577942,4.232319071888924,1.6455405720043927,True,0.02749636341566891,False
capacity,06,389,4.059052094817162,0.3399311099201441,9.988434612751007e-05,4.059151979163289,1.6496266149915755,True,0.03327810336766876,False
capacity,06,390,4.043082008138299,0.3404421731829643,9.988434612751007e-05,4.0431818924844265,1.6537031098268926,True,0.021306802256465786,False
capacity,06,391,4.028214141726494,0.3366749733686447,8.987262845039368e-05,4.028304014354944,1.6577622219920158,True,0.02078579516721079,False
capacity,06,392,4.1312179528176785,0.35438803024590015,0.00011082738637924194,4.131328780204058,1.6619199498090893,True,0.011027014026256233,False
capacity,06,393,4.048361908644438,0.3367047756910324,0.00011012889444828033,4.048472037538886,1.665994921931997,True,0.026298689951091837,False
capacity,06,394,4.061636980623007,0.3352321218699217,8.987262845039368e-05,4.061726853251457,1.6700828378088772,True,0.045532177862361335,False
capacity,06,395,4.036979982629418,0.3359538968652487,8.009374141693115e-05,4.037060076370835,1.674146357923746,True,0.05389813746623585,False
capacity,06,396,4.685343010351062,0.3500899765640497,8.987262845039368e-05,4.685432882979512,1.6788582608569413,True,0.0406595218136018,False
capacity,06,397,4.104698076844215,0.3485260531306267,0.00011082738637924194,4.104808904230595,1.6829971938859671,True,0.03757786589848427,False
capacity,06,398,4.089368972927332,0.3406819887459278,0.00010011717677116394,4.089469090104103,1.6871195549611002,True,0.032915127952813227,False
capacity,06,399,4.072919022291899,0.34758588299155235,0.00010011717677116394,4.07301913946867,1.6912240330129862,True,0.040853751542234175,False
capacity,06,400,4.4299408327788115,0.34754490479826927,0.00010011717677116394,4.430040949955583,1.69569196482189,True,0.02657036667947833,False
capacity,06,401,4.035166930407286,0.3384279552847147,8.009374141693115e-05,4.035247024148703,1.6997616668231785,True,0.09487905392805257,False
capacity,06,402,4.063130123540759,0.33906009048223495,7.008202373981476e-05,4.063200205564499,1.7038561860099435,True,0.08251368202336073,False
capacity,06,403,4.060795065015554,0.33852807246148586,9.988434612751007e-05,4.060894949361682,1.7079439419321716,True,0.07613797385691425,False
capacity,06,404,4.15988196618855,0.3507910296320915,0.00010011717677116394,4.159982083365321,1.7121311558876187,True,0.08576884172596272,False
capacity,06,405,4.0387839544564486,0.3457020502537489,8.987262845039368e-05,4.038873827084899,1.716197210829705,True,0.08469365217974041,False
capacity,06,406,4.037701990455389,0.34302682615816593,0.00010011717677116394,4.03780210763216,1.7202612219844013,True,0.05825543993806803,False
capacity,06,407,4.064772976562381,0.3430971410125494,8.987262845039368e-05,4.064862849190831,1.7243526948150247,True,0.07035279335371888,False
capacity,06,408,4.642892861738801,0.3446899354457855,8.009374141693115e-05,4.642972955480218,1.7290221378207207,True,0.04247478153115887,False
capacity,06,409,4.06818906776607,0.34155300818383694,0.00010104849934577942,4.068290116265416,1.7331203939393163,True,0.019801636652548738,False
capacity,06,410,4.053842043504119,0.3446599002927542,8.009374141693115e-05,4.053922137245536,1.7372066869866103,True,0.02492017927266201,False
capacity,06,411,4.110909998416901,0.3460729494690895,8.987262845039368e-05,4.110999871045351,1.7413490558974445,True,0.047389451811998454,False
capacity,06,412,4.394304007291794,0.34883711487054825,9.988434612751007e-05,4.394403891637921,1.7457724648993462,True,0.07000312084092836,False
capacity,06,413,4.053039941936731,0.3380570560693741,9.103678166866302e-05,4.0531309787184,1.749857144895941,True,0.06500087556567666,False
capacity,06,414,4.069061018526554,0.3366239834576845,0.00011990778148174286,4.069180926308036,1.7539531169459224,True,0.12447168678231586,False
capacity,06,415,4.388111876323819,0.3365038428455591,0.00010011717677116394,4.38821199350059,1.7583678988739848,True,0.14154890254482197,False
capacity,06,416,4.105017986148596,0.34289597533643246,7.986091077327728e-05,4.105097847059369,1.7624998078681529,True,0.14493697845750775,False
capacity,06,417,4.0244359988719225,0.3333580680191517,6.0070306062698364e-05,4.024496069177985,1.7665509548969567,True,0.1740454172687736,False
capacity,06,418,4.036389058455825,0.33353897742927074,7.986091077327728e-05,4.036468919366598,1.7706137138884515,True,0.116211526092673,False
capacity,06,419,4.0477600414305925,0.33531198278069496,9.103678166866302e-05,4.047851078212261,1.7746928338892758,True,0.14011653660579404,False
capacity,06,420,4.534838953986764,0.3357529640197754,0.00010011717677116394,4.534939071163535,1.7792541428934783,True,0.15516843231720945,False
capacity,06,421,4.049234092235565,0.3385981544852257,7.986091077327728e-05,4.0493139531463385,1.7833346659317613,True,0.14104770938177486,False
capacity,06,422,4.0494040586054325,0.33914903178811073,8.987262845039368e-05,4.049493931233883,1.7874103388749063,True,0.14878811918066742,False
capacity,06,423,4.362603882327676,0.3381979186087847,8.009374141693115e-05,4.362683976069093,1.7917992419097573,True,0.10299507310127172,False
capacity,06,424,4.118865123018622,0.3335790242999792,9.988434612751007e-05,4.11896500736475,1.7959560889285058,True,0.1467764461968625,False
capacity,06,425,4.060063976794481,0.32980204559862614,9.988434612751007e-05,4.060163861140609,1.8000427528750151,True,0.07999365136219644,False
capacity,06,426,4.0407779160887,0.3298819065093994,9.010545909404755e-05,4.040868021547794,1.8041097898967564,True,0.07511759007093284,False
capacity,06,427,4.375287098810077,0.3347510937601328,0.00010081566870212555,4.375387914478779,1.8085114469286054,True,0.07576472992523017,False
capacity,06,428,4.095650976523757,0.3345909062772989,8.009374141693115e-05,4.095731070265174,1.8126351309474558,True,0.2008851035587089,False
capacity,06,429,4.027643008157611,0.33262791112065315,9.010545909404755e-05,4.027733113616705,1.8166940729133785,True,0.16902853613530458,False
capacity,06,430,4.04239003546536,0.3331480547785759,9.988434612751007e-05,4.042489919811487,1.8207633439451456,True,0.10418657129175787,False
capacity,06,431,4.36339620500803,0.3311650361865759,7.986091077327728e-05,4.363476065918803,1.8251574980095029,True,0.18623791762711087,False
capacity,06,432,4.108986118808389,0.34197396598756313,8.987262845039368e-05,4.109075991436839,1.8292954990174621,True,0.17165959132457995,False
capacity,06,433,4.044984932988882,0.33946987241506577,0.00010011717677116394,4.045085050165653,1.833368165884167,True,0.11601009556844977,False
capacity,06,434,4.055385012179613,0.33866800367832184,9.010545909404755e-05,4.055475117638707,1.8374502919614315,True,0.6903451904610367,False
capacity,06,435,4.039194900542498,0.3307228907942772,9.010545909404755e-05,4.039285006001592,1.8415261558257043,True,0.7402194881250533,False
capacity,06,436,4.1090562008321285,0.3431970253586769,0.00017997808754444122,4.109236178919673,1.8456640660297126,True,0.7383609501124024,True
capacity,06,437,4.033413017168641,0.32989191822707653,9.103678166866302e-05,4.03350405395031,1.8497243199963123,True,0.7654331521126452,True
capacity,06,438,4.048031056299806,0.33376901410520077,0.00010081566870212555,4.048131871968508,1.853799071861431,True,0.4548739296380816,False
capacity,06,439,4.0406170301139355,0.33579301089048386,7.986091077327728e-05,4.040696891024709,1.8578705268446356,True,0.38821622658788923,False
capacity,06,440,4.64231101796031,0.3415839746594429,9.010545909404755e-05,4.642401123419404,1.8625395889393985,True,0.3527245456789717,False
capacity,06,441,4.060595063492656,0.34057185985147953,8.009374141693115e-05,4.060675157234073,1.866630882024765,True,0.4114429139740755,False
capacity,06,442,4.041790030896664,0.3361338749527931,0.00010011717677116394,4.041890148073435,1.8706994620151818,True,0.472188073446675,False
capacity,06,443,4.435170907527208,0.3386279568076134,9.010545909404755e-05,4.435261012986302,1.8751618338283151,True,0.3670475075988672,False
capacity,06,444,4.104148130863905,0.34178514033555984,6.984919309616089e-05,4.104217980057001,1.8792928420007229,True,0.4408594787935878,False
capacity,06,445,4.0603140369057655,0.3473639953881502,9.103678166866302e-05,4.060405073687434,1.883383973967284,True,0.4863129800605453,False
capacity,06,446,4.030056996271014,0.3380770795047283,8.987262845039368e-05,4.030146868899465,1.8874405508395284,True,0.4085395146622083,False
capacity,06,447,4.042810993269086,0.3323860000818968,9.010545909404755e-05,4.04290109872818,1.8915159539319575,True,0.3436043139389241,False
capacity,06,448,4.3306241277605295,0.33305794931948185,8.987262845039368e-05,4.33071400038898,1.8958731580059975,True,0.2866928304025169,False
capacity,06,449,4.058009944856167,0.33228681422770023,8.009374141693115e-05,4.058090038597584,1.8999629479367286,True,0.32392597390655,False
capacity,06,450,4.035026067867875,0.32949098385870457,0.00010011717677116394,4.035126185044646,1.9040243939962238,True,0.25558993788474954,False
capacity,06,451,4.3740360997617245,0.32981205731630325,7.986091077327728e-05,4.374115960672498,1.9084294489584863,True,0.2574948872277538,False
capacity,06,452,4.091923823580146,0.33840793184936047,9.010545909404755e-05,4.09201392903924,1.9125482228118926,True,0.30514628468405386,False
capacity,06,453,4.060816019773483,0.3352321218699217,0.00010989606380462646,4.060925915837288,1.916635257890448,True,0.2713642329336923,False
capacity,06,454,4.051306983456016,0.33749593421816826,8.009374141693115e-05,4.0513870771974325,1.920713194878772,True,0.29328166824961527,False
capacity,06,455,4.044363973662257,0.3368239849805832,9.103678166866302e-05,4.044455010443926,1.92478416999802,True,0.21838715643436335,False
capacity,06,456,4.375858930870891,0.33930991776287556,6.0070306062698364e-05,4.375919001176953,1.9291910268366337,True,0.20112095341131975,False
capacity,06,457,4.071165109053254,0.3469339571893215,8.987262845039368e-05,4.0712549816817045,1.9332895639818162,True,0.1286369747231219,False
capacity,06,458,4.08532191067934,0.3510320093482733,7.008202373981476e-05,4.08539199270308,1.9374117248225957,True,0.09300757135491698,False
capacity,06,459,4.1527890134602785,0.3513928968459368,9.010545909404755e-05,4.152879118919373,1.9415944300126284,True,0.09354074650045745,False
capacity,06,460,4.412118112668395,0.4006349481642246,0.00011990778148174286,4.412238020449877,1.9460406419821084,True,0.055744238232113975,False
capacity,06,461,4.100248916074634,0.3556800074875355,7.986091077327728e-05,4.100328776985407,1.9501813068054616,True,0.048717377048889274,False
capacity,06,462,4.1051090229302645,0.3567028325051069,9.010545909404755e-05,4.1051991283893585,1.9543192780110985,True,0.038579090303408343,False
capacity,06,463,4.5892109628766775,0.3568229731172323,8.987262845039368e-05,4.589300835505128,1.9589408098254353,True,0.07676926197761665,False
capacity,06,464,4.251715028658509,0.42310706339776516,0.00011990778148174286,4.251834936439991,1.9632325009442866,True,0.08342526529442981,False
capacity,06,465,4.272624850273132,0.36184187047183514,9.010545909404755e-05,4.272714955732226,1.9675391498021781,True,0.09813667492954217,False
capacity,06,466,4.123633960261941,0.35487907007336617,9.988434612751007e-05,4.1237338446080685,1.9717001938261092,True,0.09926156964237402,False
capacity,06,467,4.100640071555972,0.3550690598785877,0.00010104849934577942,4.100741120055318,1.9758410099893808,True,0.09658230139989203,False
capacity,06,468,4.705179948359728,0.35033002495765686,0.00011012889444828033,4.705290077254176,1.9805864358786494,True,0.08363074473547706,False
capacity,06,469,4.084580112248659,0.34579099155962467,8.102506399154663e-05,4.084661137312651,1.9847048099618405,True,0.2191028427816645,False
capacity,06,470,4.069992108270526,0.34157419577240944,6.984919309616089e-05,4.070061957463622,1.9888073329348117,True,0.18833518544159872,False
capacity,06,471,4.617084050551057,0.3453311510384083,9.988434612751007e-05,4.617183934897184,1.9934619378764182,True,0.248556043928275,False
capacity,06,472,4.101041005924344,0.3477849531918764,0.00010989606380462646,4.101150901988149,1.9976046378724277,True,0.18426240690413373,False
capacity,06,473,4.074490861967206,0.3431369550526142,7.008202373981476e-05,4.074560943990946,2.0017111788038164,True,0.18051870158696787,False
capacity,06,474,4.063500091433525,0.339029124006629,0.00010989606380462646,4.06360998749733,2.005806799978018,True,0.12712794910923975,False
capacity,06,475,4.065443994477391,0.3377769608050585,9.010545909404755e-05,4.065534099936485,2.0099029620178044,True,0.16975456349367152,False
capacity,06,476,4.498851019889116,0.34584198147058487,9.010545909404755e-05,4.49894112534821,2.0144352759234607,True,0.16246467332017517,False
capacity,06,477,4.105960018932819,0.35902694799005985,9.010545909404755e-05,4.106050124391913,2.018581392010674,True,0.16828528982936383,False
capacity,06,478,4.061747109517455,0.3445891197770834,9.988434612751007e-05,4.061846993863583,2.022681711940095,True,0.14163028245647832,False
capacity,06,479,4.606483969837427,0.3476750571280718,9.010545909404755e-05,4.606574075296521,2.0273246949072927,True,0.20101108588752123,False
capacity,06,480,4.077916964888573,0.343838008120656,8.987262845039368e-05,4.078006837517023,2.031435032840818,True,0.24724962324368746,False
capacity,06,481,4.075333010405302,0.338889192789793,9.988434612751007e-05,4.07543289475143,2.0355517538264394,True,0.18775961342069877,False
capacity,06,482,4.076585173606873,0.3399511333554983,9.988434612751007e-05,4.076685057953,2.0396596880163997,True,0.15854801324071255,False
capacity,06,483,4.595953971147537,0.3431369550526142,0.00010011717677116394,4.596054088324308,2.0442863299977034,True,0.09392912942906631,False
capacity,06,484,4.078277852386236,0.35377684980630875,0.00010011717677116394,4.078377969563007,2.048395956866443,True,0.0933886840612169,False
capacity,06,485,4.0668470319360495,0.3458620049059391,8.009374141693115e-05,4.066927125677466,2.052493372000754,True,0.08882918327233273,False
capacity,06,486,4.366171080619097,0.3358230460435152,9.010545909404755e-05,4.366261186078191,2.0568889980204403,True,0.1201714114862413,False
capacity,06,487,4.700541030615568,0.3448601346462965,0.00017997808754444122,4.700721008703113,2.061621358850971,True,0.15783395903557737,False
capacity,06,488,4.070262890309095,0.3404018934816122,0.0001601874828338623,4.070423077791929,2.06572873191908,True,0.1101809897452373,False
capacity,06,489,4.063238855451345,0.33601303584873676,0.0005310866981744766,4.06376994214952,2.069821837823838,True,0.14004419754214698,False
capacity,06,490,4.065393935889006,0.3347308374941349,0.0001701992005109787,4.065564135089517,2.073921005940065,True,0.12878237679365864,False
capacity,06,491,4.700060002505779,0.3590560518205166,0.00027101486921310425,4.700331017374992,2.0786727538798004,True,0.10790066984285426,False
capacity,06,492,4.062328953295946,0.33333897590637207,0.00010011717677116394,4.062429070472717,2.082763575948775,True,0.11885878212925377,False
capacity,06,493,4.0413381066173315,0.3339590039104223,8.987262845039368e-05,4.041427979245782,2.0868325759656727,True,0.116065914840089,False
capacity,06,494,4.040497122332454,0.3337790258228779,9.103678166866302e-05,4.040588159114122,2.0909008160233498,True,0.13388427628227467,False
capacity,06,495,4.654373973608017,0.3357918467372656,9.103678166866302e-05,4.654465010389686,2.095582671929151,True,0.1184866053517897,False
capacity,06,496,4.0813940577209,0.3425960894674063,9.988434612751007e-05,4.081493942067027,2.0996919178869575,True,0.11714108487986019,False
capacity,06,497,4.061135929077864,0.36695203743875027,0.00013015232980251312,4.061266081407666,2.1037902738898993,True,0.11915196305886384,False
capacity,06,498,4.063559928908944,0.33531198278069496,9.010545909404755e-05,4.063650034368038,2.107881215866655,True,0.1140070752902253,False
capacity,06,499,4.284637048840523,0.3397401887923479,8.987262845039368e-05,4.284726921468973,2.1121942568570375,True,0.12972590462303335,False
capacity,06,500,4.0534608997404575,0.34146406687796116,8.009374141693115e-05,4.0535409934818745,2.116274658823386,True,0.12101673491066517,False
capacity,06,501,4.041298059746623,0.3388989716768265,9.988434612751007e-05,4.0413979440927505,2.1203581169247627,True,0.14071898175236514,False
capacity,06,502,4.047750029712915,0.34013111144304276,0.00010989606380462646,4.04785992577672,2.124433198943734,True,0.1346289287589545,False
capacity,06,503,4.6486330684274435,0.34295697696506977,8.987262845039368e-05,4.648722941055894,2.1291093139443547,True,0.14730040062911307,False
capacity,06,504,4.047479946166277,0.34150294959545135,7.986091077327728e-05,4.04755980707705,2.133184526814148,True,0.16080548832094416,False
capacity,07,0,3.8030000869184732,0.3307641018182039,6.984919309616089e-05,3.8030699361115694,0.003822736907750368,False,,
capacity,07,1,3.792939940467477,0.3297720104455948,0.0001501757651567459,3.7930901162326336,0.0076376579236239195,False,,
capacity,07,2,4.286800976842642,0.3274381160736084,0.00011990778148174286,4.286920884624124,0.01194832380861044,False,,
capacity,07,3,3.83653212338686,0.33661420457065105,0.00011990778148174286,3.8366520311683416,0.01580682792700827,False,,
capacity,07,4,3.8108841981738806,0.32518315128982067,0.00013085082173347473,3.811015048995614,0.019639584003016353,False,,
capacity,07,5,3.7887219805270433,0.3243309911340475,0.00011012889444828033,3.7888321094214916,0.023450176930055022,False,,
capacity,07,6,4.248267970979214,0.3286488354206085,0.000141095370054245,4.248409066349268,0.027724554995074868,False,,
capacity,07,7,3.844738006591797,0.3278879448771477,0.00011990778148174286,3.8448579143732786,0.03159137489274144,False,,
capacity,07,8,3.7949439138174057,0.32770796678960323,0.00012991949915885925,3.7950738333165646,0.035408059833571315,False,,
capacity,07,9,3.7999132182449102,0.32896012999117374,0.00012991949915885925,3.800043137744069,0.03923032502643764,False,,
capacity,07,10,4.257576074451208,0.3324470017105341,0.00012991949915885925,4.257705993950367,0.04351100488565862,False,,
capacity,07,11,3.8611190393567085,0.33275806345045567,0.00012991949915885925,3.8612489588558674,0.047396108973771334,False,,
capacity,07,12,3.7980300839990377,0.33075292594730854,0.00011990778148174286,3.7981499917805195,0.05121781397610903,False,,
capacity,07,13,3.800043836236,0.33240695483982563,0.00014016404747962952,3.8001840002834797,0.055040429811924696,False,,
capacity,07,14,4.369447007775307,0.39349193684756756,0.00013015232980251312,4.369577160105109,0.05943643697537482,False,,
capacity,07,15,4.085320979356766,0.33475086092948914,0.00013993121683597565,4.085460910573602,0.06355038192123175,False,,
capacity,07,16,4.023474873974919,0.3333978820592165,0.00012107193470001221,4.023595945909619,0.0676015499047935,False,,
capacity,07,17,4.048903007060289,0.34488015808165073,0.00010989606380462646,4.049012903124094,0.07167498883791268,False,,
capacity,07,18,4.351814044639468,0.33237598836421967,0.00012991949915885925,4.351943964138627,0.07605075789615512,False,,
capacity,07,19,4.094518953934312,0.34737493842840195,0.00012991949915885925,4.094648873433471,0.0801711748354137,False,,
capacity,07,20,4.045856883749366,0.33230590634047985,0.0001511070877313614,4.046007990837097,0.08424110780470073,False,,
capacity,07,21,4.027703078463674,0.33206609077751637,0.00015995465219020844,4.027863033115864,0.08829768490977585,False,,
capacity,07,22,4.380658036097884,0.39220997132360935,0.0001501757651567459,4.380808211863041,0.09270863002166152,False,,
capacity,07,23,4.114637151360512,0.35038101486861706,0.00011990778148174286,4.1147570591419935,0.09684927598573267,False,,
capacity,07,24,4.052199190482497,0.3529351670295,0.00010989606380462646,4.052309086546302,0.10092905699275434,False,,
capacity,07,25,4.1773749981075525,0.3435169346630573,0.00014086253941059113,4.177515860646963,0.10513211088255048,False,,
capacity,07,26,4.51064296066761,0.3347909078001976,0.0001601874828338623,4.510803148150444,0.10968001396395266,False,,
capacity,07,27,4.115769173949957,0.33516203984618187,0.00013993121683597565,4.115909105166793,0.1138216620311141,False,,
capacity,07,28,4.01992816478014,0.34805620089173317,0.00013993121683597565,4.020068095996976,0.11786666698753834,False,,
capacity,07,29,4.441652912646532,0.34309597685933113,0.0001310836523771286,4.441783996298909,0.12233247584663332,False,,
capacity,07,30,4.604208981618285,0.3339489921927452,0.00012107193470001221,4.604330053552985,0.12696146196685731,False,,
capacity,07,31,4.042861983180046,0.34086289815604687,0.00012014061212539673,4.0429821237921715,0.1310293609276414,False,,
capacity,07,32,4.038844024762511,0.3378968685865402,0.00012014061212539673,4.038964165374637,0.1350915189832449,False,,
capacity,07,33,4.016862949356437,0.34020189195871353,0.00012991949915885925,4.016992868855596,0.1391320158727467,False,,
capacity,07,34,4.582249093800783,0.33600395545363426,0.00011990778148174286,4.582369001582265,0.14373750798404217,False,,
capacity,07,35,4.097484052181244,0.33436017110943794,0.00013993121683597565,4.09762398339808,0.14785989886149764,True,0.04147810362473276,False
capacity,07,36,4.064121982082725,0.33593294210731983,8.987262845039368e-05,4.064211854711175,0.15196055988781154,True,0.04147810362473276,False
capacity,07,37,4.062057007104158,0.3357820678502321,0.00010081566870212555,4.0621578227728605,0.1560565708205104,True,0.021930113330879797,False
capacity,07,38,4.6434730757027864,0.33655413426458836,0.00010104849934577942,4.643574124202132,0.16073261597193778,True,0.014291250325198472,False
capacity,07,39,4.055205034092069,0.32771797850728035,0.00010989606380462646,4.055314930155873,0.16481661493889987,True,0.0492709005067339,False
capacity,07,40,4.066335037350655,0.334740849211812,0.00011106021702289581,4.0664460975676775,0.16891122399829328,True,0.01329733515422163,False
capacity,07,41,4.0567670948803425,0.3381171263754368,8.102506399154663e-05,4.056848119944334,0.1729958839714527,True,0.0027131801111920017,False
capacity,07,42,4.680894082412124,0.34632300958037376,7.986091077327728e-05,4.680973943322897,0.17770421993918717,True,0.0005534976700649248,False
capacity,07,43,4.394575022161007,0.3376470413058996,0.00011990778148174286,4.394694929942489,0.1821269178763032,True,0.0,False
capacity,07,44,4.0730079635977745,0.3410228528082371,0.00010011717677116394,4.073108080774546,0.18622800894081593,True,0.0005475460822147845,False
capacity,07,45,4.085451131686568,0.35018008202314377,0.00011106021702289581,4.085562191903591,0.1903418640140444,True,0.0,False
capacity,07,46,5.170377204194665,0.3367250319570303,9.988434612751007e-05,5.1704770885407925,0.1955498920287937,True,0.0,False
capacity,07,47,4.151506116613746,0.3377259708940983,8.987262845039368e-05,4.151595989242196,0.19973663496784866,True,0.0,False
capacity,07,48,4.153450019657612,0.3417141269892454,0.00010081566870212555,4.153550835326314,0.20391860883682966,True,0.0,False
capacity,07,49,4.912772215902805,0.3421450965106487,0.00010989606380462646,4.91288211196661,0.20885884203016758,True,0.0,False
capacity,07,50,4.056616919115186,0.34231599420309067,0.00010011717677116394,4.056717036291957,0.21294442284852266,True,0.0,False
capacity,07,51,4.06382093206048,0.3374158404767513,0.00010011717677116394,4.063921049237251,0.21704023494385183,True,0.0,False
capacity,07,52,4.153179936110973,0.34215510822832584,8.987262845039368e-05,4.153269808739424,0.221221316838637,True,0.0,False
capacity,07,53,4.550208104774356,0.342977000400424,9.010545909404755e-05,4.55029821023345,0.22579867602325976,True,0.0,False
capacity,07,54,4.37904498539865,0.35010999999940395,0.00010011717677116394,4.379145102575421,0.23020540294237435,True,0.0,False
capacity,07,55,4.109367029741406,0.35246415063738823,8.987262845039368e-05,4.109456902369857,0.23434202186763287,True,0.0,False
capacity,07,56,4.0681189857423306,0.3348509781062603,0.00010989606380462646,4.068228881806135,0.23844327288679779,True,0.0,False
capacity,07,57,4.569815006107092,0.3476659767329693,9.988434612751007e-05,4.569914890453219,0.24304661084897816,True,0.0,False
capacity,07,58,4.172685788944364,0.35628187470138073,0.00010011717677116394,4.172785906121135,0.2472469788044691,True,0.0,False
capacity,07,59,4.3775830417871475,0.34210504963994026,0.00011012889444828033,4.377693170681596,0.2516522139776498,True,0.0,False
capacity,07,60,4.078950034454465,0.33412990160286427,9.988434612751007e-05,4.079049918800592,0.2557585849426687,True,0.0,False
capacity,07,61,4.658191930502653,0.3332090564072132,9.988434612751007e-05,4.658291814848781,0.2604451098013669,True,0.0,False
capacity,07,62,4.1698310524225235,0.3441090229898691,8.987262845039368e-05,4.169920925050974,0.2646454479545355,True,0.0,False
capacity,07,63,4.07270691357553,0.3327270969748497,0.0001310836523771286,4.072837997227907,0.2687481418251991,True,0.002106118150475622,False
capacity,07,64,4.256533924490213,0.33517181873321533,9.010545909404755e-05,4.256624029949307,0.2730337409302592,True,0.0,False
capacity,07,65,4.697946133092046,0.3482261672616005,0.00011990778148174286,4.6980660408735275,0.2777797479648143,True,0.00153550966534146,False
capacity,07,66,4.086213186383247,0.3392400685697794,0.00010989606380462646,4.086323082447052,0.2819065779913217,True,0.006100377546414752,False
capacity,07,67,4.101742058992386,0.3533561248332262,0.00012991949915885925,4.101871978491545,0.28604069096036255,True,0.0,False
capacity,07,68,4.046699032187462,0.3381478600203991,0.00010011717677116394,4.046799149364233,0.2901176370214671,True,0.0,False
capacity,07,69,4.560277098789811,0.3369951155036688,9.988434612751007e-05,4.560376983135939,0.29470736999064684,True,0.0,False
capacity,07,70,4.061737097799778,0.3320961259305477,7.101334631443024e-05,4.061808111146092,0.2987998549360782,True,0.06589354510404213,False
capacity,07,71,4.049554001539946,0.33081392757594585,9.010545909404755e-05,4.04964410699904,0.30287944502197206,True,0.024388458171583326,False
capacity,07,72,4.07367991283536,0.3377168904989958,0.00010011717677116394,4.073780030012131,0.3069828108418733,True,0.054231955463199755,False
capacity,07,73,4.62850509211421,0.34027104265987873,0.00010104849934577942,4.628606140613556,0.3116415529511869,True,0.05426876574667973,False
capacity,07,74,4.087025066837668,0.33205607905983925,9.988434612751007e-05,4.087124951183796,0.3157583139836788,True,0.1298652972671759,False
capacity,07,75,4.068620037287474,0.3313850611448288,0.00010989606380462646,4.068729933351278,0.31985523691400886,True,0.007241594516683075,False
capacity,07,76,4.06201696023345,0.3328269813209772,0.00011012889444828033,4.062127089127898,0.323956788983196,True,0.0,False
capacity,07,77,4.65305196121335,0.3347410820424557,0.00011990778148174286,4.653171868994832,0.32863798388279974,True,0.0,False
capacity,07,78,4.062769003212452,0.3275780472904444,0.00010989606380462646,4.062878899276257,0.33273539785295725,True,0.0,False
capacity,07,79,4.052900010719895,0.32527302391827106,8.102506399154663e-05,4.052981035783887,0.33681663195602596,True,0.0,False
capacity,07,80,4.029266070574522,0.32975198701024055,0.00010989606380462646,4.029375966638327,0.34087399090640247,True,0.0,False
capacity,07,81,4.186081001535058,0.33523188903927803,0.00010011717677116394,4.186181118711829,0.3450877040158957,True,0.0,False
capacity,07,82,4.0692000184208155,0.33204490318894386,0.00010104849934577942,4.069301066920161,0.34918557899072766,True,0.0,False
capacity,07,83,4.042911110445857,0.3258639480918646,8.102506399154663e-05,4.042992135509849,0.35325573198497295,True,0.0007670108841894559,False
capacity,07,84,4.062659107148647,0.326736131682992,9.988434612751007e-05,4.062758991494775,0.357345521915704,True,0.0,False
capacity,07,85,4.670544993132353,0.33813808113336563,0.00011012889444828033,4.670655122026801,0.36204317794181406,True,0.0,False
capacity,07,86,4.05691796913743,0.33096293918788433,0.00010104849934577942,4.057019017636776,0.366139069898054,True,0.0,False
capacity,07,87,4.026730079203844,0.3275270573794842,9.988434612751007e-05,4.026829963549972,0.37019825098104775,True,0.0066508994225546215,False
capacity,07,88,4.027773160487413,0.3243209794163704,7.986091077327728e-05,4.027853021398187,0.37425277498550713,True,0.011786375788762078,False
capacity,07,89,4.595913924276829,0.32632495276629925,9.010545909404755e-05,4.596004029735923,0.378875148948282,True,0.005583333351932041,False
capacity,07,90,4.046448040753603,0.3312441986054182,0.00010081566870212555,4.046548856422305,0.3829485678579658,True,0.0005215078853703313,False
capacity,07,91,4.039766034111381,0.3283889964222908,8.987262845039368e-05,4.039855906739831,0.38701557484455407,True,0.0,False
capacity,07,92,4.3957470916211605,0.32860017381608486,0.00010989606380462646,4.395856987684965,0.39144329191185534,True,0.0,False
capacity,07,93,4.075462929904461,0.3239109646528959,8.009374141693115e-05,4.075543023645878,0.39554556482471526,True,0.0,False
capacity,07,94,4.037612117826939,0.3236611373722553,8.987262845039368e-05,4.037701990455389,0.39960983698256314,True,0.0,False
capacity,07,95,4.038492916151881,0.32596499659121037,0.00010011717677116394,4.038593033328652,0.4036749398801476,True,0.0,False
capacity,07,96,4.048202186822891,0.32656616531312466,0.00010989606380462646,4.048312082886696,0.4077586990315467,True,0.0011672551671127666,False
capacity,07,97,4.256715066730976,0.32729702070355415,0.00010989606380462646,4.256824962794781,0.4120425849687308,True,0.0,False
capacity,07,98,4.042339976876974,0.3337389789521694,0.00011082738637924194,4.042450804263353,0.4161119058262557,True,0.0,False
capacity,07,99,4.0375408716499805,0.3293808549642563,0.00010011717677116394,4.037640988826752,0.42017649789340794,True,0.0,False
capacity,07,100,4.066515946760774,0.3224681131541729,9.988434612751007e-05,4.066615831106901,0.4242700848262757,True,0.0,False
capacity,07,101,4.71033900976181,0.3453909885138273,9.103678166866302e-05,4.710430046543479,0.42900859797373414,True,0.00019045081120513743,False
capacity,07,102,4.139163065701723,0.35939691588282585,9.010545909404755e-05,4.139253171160817,0.4331824870314449,True,0.014918802292556701,False
capacity,07,103,4.079120000824332,0.3281987737864256,0.00010011717677116394,4.079220118001103,0.4372937970329076,True,0.01418825974349263,False
capacity,07,104,4.116190131753683,0.326795969158411,8.987262845039368e-05,4.1162800043821335,0.4414402740076184,True,0.0,False
capacity,07,105,4.424870945513248,0.3663809038698673,8.009374141693115e-05,4.424951039254665,0.445904899854213,True,0.0,False
capacity,07,106,4.110308131203055,0.34650322049856186,0.00010081566870212555,4.1104089468717575,0.4500535009428859,True,0.0,False
capacity,07,107,4.06608497723937,0.33409008756279945,8.987262845039368e-05,4.066174849867821,0.45414926181547344,True,0.004368465482017979,False
capacity,07,108,4.058761987835169,0.330423004925251,9.010545909404755e-05,4.058852093294263,0.4582433809991926,True,0.0,False
capacity,07,109,4.169008927419782,0.3293110057711601,0.00010011717677116394,4.169109044596553,0.4624409629032016,True,0.0,False
capacity,07,110,4.066455876454711,0.3278879448771477,0.00012014061212539673,4.066576017066836,0.4665363938547671,True,0.0,False
capacity,07,111,4.081473918631673,0.3272569738328457,9.103678166866302e-05,4.0815649554133415,0.47064637183211744,True,0.0,False
capacity,07,112,4.433989059180021,0.32974197529256344,0.00010011717677116394,4.4340891763567924,0.47510863398201764,True,0.0,False
capacity,07,113,4.106712061911821,0.3381171263754368,0.00010989606380462646,4.106821957975626,0.47924501192755997,True,0.0,False
capacity,07,114,4.056958016008139,0.32947096042335033,0.00011012889444828033,4.057068144902587,0.4833295620046556,True,0.0,False
capacity,07,115,4.3352830689400434,0.39753993041813374,9.010545909404755e-05,4.3353731743991375,0.4876990190241486,True,0.0,False
capacity,07,116,4.67013381421566,0.33896882086992264,9.010545909404755e-05,4.670223919674754,0.49240471981465816,True,0.0,False
capacity,07,117,4.148249980062246,0.3436780534684658,0.00011990778148174286,4.148369887843728,0.49658457888290286,True,0.0,False
capacity,07,118,4.0813039522618055,0.33584306947886944,0.00010011717677116394,4.081404069438577,0.5006959498859942,True,0.0,False
capacity,07,119,4.088438116014004,0.33913995139300823,0.00012991949915885925,4.088568035513163,0.5048137230332941,True,0.0,False
capacity,07,120,4.563693888485432,0.3406729083508253,8.009374141693115e-05,4.563773982226849,0.5094122318550944,True,0.0,False
capacity,07,121,4.073780030012131,0.33649406395852566,9.010545909404755e-05,4.073870135471225,0.513516979990527,True,0.029062828472948655,False
capacity,07,122,4.1276621632277966,0.3365250304341316,8.987262845039368e-05,4.127752035856247,0.5176741969771683,True,0.00039429269507313856,False
capacity,07,123,4.08962881192565,0.3307729493826628,9.010545909404755e-05,4.089718917384744,0.5217929708305746,True,0.004959160576146427,False
capacity,07,124,4.388752859085798,0.33320789225399494,8.009374141693115e-05,4.388832952827215,0.5262096268124878,True,0.008953419972085559,False
capacity,07,125,4.175882088020444,0.363615108653903,0.00011106021702289581,4.175993148237467,0.5304212169721723,True,0.01294767936802469,False
capacity,07,126,4.076724871993065,0.3345708828419447,8.009374141693115e-05,4.076804965734482,0.5345330678392202,True,0.0,False
capacity,07,127,4.074030788615346,0.337997917085886,0.00010011717677116394,4.074130905792117,0.5386368248146027,True,0.000842149680797729,False
capacity,07,128,4.6747419983148575,0.33520208671689034,0.00010011717677116394,4.674842115491629,0.5433387379162014,True,0.0031736842210982,False
capacity,07,129,4.075573058798909,0.3355930093675852,7.986091077327728e-05,4.0756529197096825,0.5474422439001501,True,0.0,False
capacity,07,130,4.060203908011317,0.33593294210731983,0.00010011717677116394,4.060304025188088,0.5515303409192711,True,0.0,False
capacity,07,131,4.064112203195691,0.33338903449475765,0.00010989606380462646,4.064222099259496,0.5556234170217067,True,0.0,False
capacity,07,132,4.394093994051218,0.33621396869421005,9.010545909404755e-05,4.394184099510312,0.5600447920151055,True,0.0,False
capacity,07,133,4.127399995923042,0.34420890733599663,8.009374141693115e-05,4.127480089664459,0.5642086009029299,True,0.01199084380528116,False
capacity,07,134,4.072336945682764,0.33711502328515053,0.00010011717677116394,4.072437062859535,0.5683098828885704,True,0.004959160576146427,False
capacity,07,135,4.044565139338374,0.33273804001510143,9.988434612751007e-05,4.044665023684502,0.572388140950352,True,0.008953419972085559,False
capacity,07,136,4.638213897123933,0.3348009195178747,9.988434612751007e-05,4.63831378147006,0.5770598778035492,True,0.012377070882890527,False
capacity,07,137,4.051858792081475,0.3420650027692318,0.00011012889444828033,4.0519689209759235,0.5811401098035276,True,0.0158007217936955,False
capacity,07,138,4.056096076965332,0.33612316474318504,0.00010081566870212555,4.056196892634034,0.5852304908912629,True,0.019224372704500465,False
capacity,07,139,4.05036611482501,0.3344810102134943,8.987262845039368e-05,4.050455987453461,0.5893085789866745,True,0.021506806645037107,False
capacity,07,140,4.645276814699173,0.3348418977111578,9.010545909404755e-05,4.645366920158267,0.5939813468139619,True,0.023789240585573756,False
capacity,07,141,4.091643029823899,0.34717400558292866,0.00010011717677116394,4.09174314700067,0.5981040189508349,True,0.0260716745261104,False
capacity,07,142,4.059914033859968,0.3425660543143749,9.988434612751007e-05,4.060013918206096,0.6021927979309112,True,0.028354108466647043,False
capacity,07,143,4.044153960421681,0.33172499388456345,0.00010011717677116394,4.044254077598453,0.6062648938968778,True,0.030636542407183692,False
capacity,07,144,4.671195987612009,0.3302120603621006,9.988434612751007e-05,4.671295871958137,0.6109693828038871,True,0.03291897634772034,False
capacity,07,145,4.073570016771555,0.34658401273190975,0.00010989606380462646,4.07367991283536,0.6150744918268174,True,0.06199585287216226,False
capacity,07,146,4.043251974508166,0.3386889584362507,8.009374141693115e-05,4.043332068249583,0.6191546029876918,True,0.03748384422879364,False
capacity,07,147,4.031349904835224,0.32997201196849346,9.010545909404755e-05,4.031440010294318,0.6232192658353597,True,0.047586453019868344,False
capacity,07,148,4.69345785677433,0.33482094295322895,0.00016111880540847778,4.693618975579739,0.6279451348818839,True,0.05659126704950031,False
capacity,07,149,4.050095099955797,0.3346409648656845,7.986091077327728e-05,4.0501749608665705,0.6320223009679466,True,0.014291250325198478,False
capacity,07,150,5.142444046214223,0.3423450980335474,8.987262845039368e-05,5.142533918842673,0.637191915884614,True,0.05459771922368627,False
capacity,07,151,5.0639561377465725,0.3538371529430151,0.00013993121683597565,5.0640960689634085,0.6422902869526297,True,0.13915338654736384,False
capacity,07,152,4.137469921261072,0.3525249194353819,0.000200001522898674,4.137669922783971,0.6464701269287616,True,0.04547236302067189,False
capacity,07,153,4.0882371831685305,0.33386913128197193,0.00016996636986732483,4.088407149538398,0.6505900640040636,True,0.04547236302067189,False
capacity,07,154,4.0940470062196255,0.3367241006344557,0.00016088597476482391,4.09420789219439,0.6547215518075973,True,0.08169840064436018,False
capacity,07,155,4.64185094460845,0.33044302836060524,0.00010989606380462646,4.641960840672255,0.6593912758398801,True,0.06715548545577005,False
capacity,07,156,4.089318914338946,0.33434084616601467,9.010545909404755e-05,4.08940901979804,0.6635212309192866,True,0.06601426848550172,False
capacity,07,157,4.058892140164971,0.3307941369712353,0.00010989606380462646,4.059002036228776,0.66760731395334,True,0.0648730515152334,False
capacity,07,158,4.06643608585,0.3313850611448288,0.00010989606380462646,4.066545981913805,0.6717056198976934,True,0.06373183454496507,False
capacity,07,159,4.57760994322598,0.33078412525355816,0.00011990778148174286,4.5777298510074615,0.6763103008270264,True,0.06259061757469675,False
capacity,07,160,4.0472999680787325,0.33214595168828964,0.00010104849934577942,4.047401016578078,0.6803857740014791,True,0.061449400604428425,False
capacity,07,161,4.061667015776038,0.3289598971605301,0.00010011717677116394,4.061767132952809,0.6844748619478196,True,0.040760193340307116,False
capacity,07,162,4.084159154444933,0.33262697979807854,0.00010989606380462646,4.084269050508738,0.6885871139820665,True,0.25144193954510996,False
capacity,07,163,4.675593925639987,0.3360239788889885,0.00011012889444828033,4.675704054534435,0.6932911919429898,True,0.2354894522612353,False
capacity,07,164,4.108855966478586,0.3342898562550545,9.010545909404755e-05,4.10894607193768,0.697437077993527,True,0.2201321237623767,False
capacity,07,165,4.091382957994938,0.3550599794834852,9.010545909404755e-05,4.091473063454032,0.7015584269538522,True,0.20536995404853423,False
capacity,07,166,4.107062937691808,0.33007189631462097,9.010545909404755e-05,4.107153043150902,0.7056988428812474,True,0.1912029431197079,False
capacity,07,167,4.396718228235841,0.33506122417747974,0.00011082738637924194,4.39682905562222,0.7101279420312494,True,0.3484654686269117,False
capacity,07,168,4.098735982552171,0.3362030256539583,0.00010104849934577942,4.0988370310515165,0.7142549818381667,True,0.3364826904390943,False
capacity,07,169,4.064152017235756,0.3279191441833973,9.988434612751007e-05,4.064251901581883,0.7183464248664677,True,0.325070520736411,False
capacity,07,170,4.039804916828871,0.3272769972681999,0.00010104849934577942,4.0399059653282166,0.7224129908718169,True,0.2923985352844723,False
capacity,07,171,4.628746071830392,0.32714707776904106,9.988434612751007e-05,4.628845956176519,0.7270725949201733,True,0.27872848194113437,False
capacity,07,172,4.048482049256563,0.33242697827517986,0.00011990778148174286,4.048601957038045,0.7311478778719902,True,0.2591313910475176,False
capacity,07,173,4.0321010164916515,0.3266360145062208,8.009374141693115e-05,4.0321811102330685,0.7352118389680982,True,0.24724681405922788,False
capacity,07,174,4.022513050585985,0.32474217005074024,8.079223334789276e-05,4.022593842819333,0.7392648898530751,True,0.23650345404120648,False
capacity,07,175,4.608428105711937,0.326366163790226,7.986091077327728e-05,4.60850796662271,0.7438996969722211,True,0.29367225256540996,False
capacity,07,176,4.038293147459626,0.3306930884718895,0.00011106021702289581,4.038404207676649,0.7479685880243778,True,0.31562280452947994,False
capacity,07,177,4.0341150015592575,0.3303231205791235,9.988434612751007e-05,4.034214885905385,0.7520290818065405,True,0.3422509595347005,False
capacity,07,178,4.038913873955607,0.3301019314676523,8.009374141693115e-05,4.038993967697024,0.7560944058932364,True,0.3326341328222172,False
capacity,07,179,4.619708983227611,0.3329180181026459,8.987262845039368e-05,4.619798855856061,0.7607405048329383,True,0.3246648118960991,False
capacity,07,180,4.033253062516451,0.323370099067688,9.988434612751007e-05,4.033352946862578,0.7647999268956482,True,0.31599073857794957,False
capacity,07,181,4.031800897791982,0.3246818669140339,9.010545909404755e-05,4.031891003251076,0.7688577368389815,True,0.37908397435525254,False
capacity,07,182,4.041128093376756,0.3289200831204653,8.987262845039368e-05,4.041217966005206,0.7729248139075935,True,0.38897083351987083,False
capacity,07,183,4.615190206095576,0.3303731791675091,9.988434612751007e-05,4.615290090441704,0.7775728260166943,True,0.3409070619666311,False
capacity,07,184,4.0376209653913975,0.32729702070355415,9.010545909404755e-05,4.0377110708504915,0.7816368269268423,True,0.34903115318397643,False
capacity,07,185,4.0311801712960005,0.32410118728876114,8.987262845039368e-05,4.031270043924451,0.7856945369858295,True,0.31560063428492624,False
capacity,07,186,4.031340125948191,0.3214559983462095,7.986091077327728e-05,4.031419986858964,0.7897566549945623,True,0.29762829929405915,False
capacity,07,187,4.656587960198522,0.32353983260691166,9.010545909404755e-05,4.656678065657616,0.7944398829713464,True,0.31311408745849384,False
capacity,07,188,4.03336388990283,0.32513285987079144,8.009374141693115e-05,4.033443983644247,0.7984998468309641,True,0.2660944821897487,False
capacity,07,189,4.023303976282477,0.3239000216126442,9.103678166866302e-05,4.023395013064146,0.8025495109613985,True,0.2912966113312877,False
capacity,07,190,4.0470699314028025,0.3236699849367142,7.986091077327728e-05,4.047149792313576,0.8066226898226887,True,0.4118990522108078,False
capacity,07,191,4.637402016669512,0.32439082860946655,0.00010104849934577942,4.637503065168858,0.8112944969907403,True,0.53678943481215,False
capacity,07,192,4.039074061438441,0.3222981467843056,7.986091077327728e-05,4.0391539223492146,0.8153602408710867,True,0.35020876774310145,False
capacity,07,193,4.041058011353016,0.32421108335256577,0.00010011717677116394,4.041158128529787,0.8194324779324234,True,0.37993026678978353,False
capacity,07,194,4.021632019430399,0.3248332068324089,5.9837475419044495e-05,4.021691856905818,0.8234844368416816,True,0.29461090569478066,False
capacity,07,195,4.639325896278024,0.32561388798058033,9.010545909404755e-05,4.639416001737118,0.8281500618904829,True,0.2966074502306697,False
capacity,07,196,4.031820921227336,0.32357010059058666,9.010545909404755e-05,4.03191102668643,0.8322179508395493,True,0.2339608513709975,False
capacity,07,197,4.010280128568411,0.32141595147550106,9.988434612751007e-05,4.010380012914538,0.8362546199932694,True,0.09844837614495575,False
capacity,07,198,4.038022132590413,0.3199430648237467,8.987262845039368e-05,4.0381120052188635,0.840318911941722,True,0.0,False
capacity,07,199,4.64004697278142,0.3205239772796631,0.00010011717677116394,4.640147089958191,0.8449854089412838,True,0.0,False
capacity,07,200,4.04796190559864,0.32623508013784885,9.010545909404755e-05,4.0480520110577345,0.8490604318212718,True,0.0030263824218067343,False
capacity,07,201,4.029124975204468,0.32733683474361897,9.010545909404755e-05,4.029215080663562,0.8531156959943473,True,0.0,False
capacity,07,202,4.044693894684315,0.32549304887652397,8.009374141693115e-05,4.044773988425732,0.8571870208252221,True,0.07777821577678495,False
capacity,07,203,4.732861882075667,0.32253796234726906,0.00010011717677116394,4.7329619992524385,0.8619504908565432,True,0.06498147658322236,False
capacity,07,204,4.04005590826273,0.3366749733686447,9.010545909404755e-05,4.040146013721824,0.8660175579134375,True,0.05282612405461951,False
capacity,07,205,4.032851895317435,0.33145491033792496,8.009374141693115e-05,4.032931989058852,0.870076639810577,True,0.06134942657499055,False
capacity,07,206,4.038363927975297,0.3278378862887621,9.010545909404755e-05,4.038454033434391,0.8741458419244736,True,0.11905302798369025,False
capacity,07,207,4.623875953257084,0.3230490256100893,9.103678166866302e-05,4.6239669900387526,0.8788058259524405,True,0.4165893248938144,False
capacity,07,208,4.0304879657924175,0.32035401090979576,7.986091077327728e-05,4.030567826703191,0.8828626438044012,True,0.3831610723033022,False
capacity,07,209,4.032491939142346,0.3299219533801079,0.00010011717677116394,4.0325920563191175,0.8869216658640653,True,0.44908836654458895,False
capacity,07,210,4.047119989991188,0.32941089011728764,9.010545909404755e-05,4.047210095450282,0.8909950850065798,True,0.3363085455409825,False
capacity,07,211,4.260190995410085,0.33311801962554455,9.010545909404755e-05,4.260281100869179,0.8952822869177908,True,0.32366846050601344,False
capacity,07,212,4.062637919560075,0.33445004373788834,0.00010104849934577942,4.062738968059421,0.8993738798890263,True,0.29423446805202974,False
capacity,07,213,4.0572891011834145,0.32944115810096264,9.988434612751007e-05,4.057388985529542,0.9034651229158044,True,0.2540087871886316,False
capacity,07,214,4.04451391659677,0.33102394081652164,0.00010104849934577942,4.044614965096116,0.9075381909497082,True,0.2725290280270667,False
capacity,07,215,4.662279039621353,0.33114408142864704,0.00010081566870212555,4.662379855290055,0.912228352855891,True,0.3555196105560781,False
capacity,07,216,4.093937808647752,0.33171498216688633,0.00010011717677116394,4.094037925824523,0.9163548818323761,True,0.3778502896996095,False
capacity,07,217,4.11257310770452,0.34490018151700497,8.987262845039368e-05,4.112662980332971,0.9204976719338447,True,0.3572460970328103,False
capacity,07,218,4.084839951246977,0.3441988956183195,9.103678166866302e-05,4.0849309880286455,0.9246127489022911,True,0.4505179218364931,False
capacity,07,219,4.700300982221961,0.3368048928678036,8.009374141693115e-05,4.700381075963378,0.9293431269470602,True,0.31167175188105717,False
capacity,07,220,4.068218870088458,0.34177396446466446,0.00012014061212539673,4.0683390107005835,0.9334460308309644,True,0.32310719934376375,False
capacity,07,221,4.112571943551302,0.32972078770399094,9.010545909404755e-05,4.112662049010396,0.9375868269708008,True,0.3805825157719629,False
capacity,07,222,4.290338139981031,0.3295610658824444,0.00011990778148174286,4.290458047762513,0.941909346031025,True,0.32532760176556813,False
capacity,07,223,4.236617125570774,0.3788440953940153,8.987262845039368e-05,4.2367069981992245,0.9461747070308775,True,0.2569004224511904,False
capacity,07,224,4.049864131957293,0.33109402284026146,9.988434612751007e-05,4.04996401630342,0.9502526540309191,True,0.18482604045471585,False
capacity,07,225,4.124294966459274,0.33011194318532944,0.00010011717677116394,4.1243950836360455,0.9544058139435947,True,0.1797574989337224,False
capacity,07,226,4.554396029561758,0.33161602914333344,0.00011012889444828033,4.554506158456206,0.9589928810019046,True,0.2830853522640886,False
capacity,07,227,4.079551203176379,0.34488015808165073,9.988434612751007e-05,4.079651087522507,0.9631020380184054,True,0.3670483945096892,False
capacity,07,228,4.10929718054831,0.34520099870860577,8.987262845039368e-05,4.109387053176761,0.967239307006821,True,0.41247053425116725,False
capacity,07,229,4.090040922164917,0.3422349691390991,0.00013993121683597565,4.090180853381753,0.9713563788682222,True,0.4941090268710248,False
capacity,07,230,4.537663888186216,0.336984870955348,0.00013993121683597565,4.537803819403052,0.9759213838260621,True,0.6603623886614249,False
capacity,07,231,4.127330146729946,0.34307618625462055,8.987262845039368e-05,4.1274200193583965,0.9800776389893144,True,0.5999322584647937,False
capacity,07,232,4.072496900334954,0.344729982316494,9.010545909404755e-05,4.072587005794048,0.9841854728292674,True,0.43474605461680277,False
capacity,07,233,4.05828095972538,0.33675506711006165,8.987262845039368e-05,4.05837083235383,0.9882713258266449,True,0.5504471274727949,False
capacity,07,234,4.381038947030902,0.33904891461133957,0.00010104849934577942,4.381139995530248,0.9926793358754367,True,0.5290530060199661,False
capacity,07,235,4.107924178242683,0.342715997248888,8.987262845039368e-05,4.108014050871134,0.9968147110193968,True,0.46157439939526446,False
capacity,07,236,4.063541069626808,0.34397910349071026,9.988434612751007e-05,4.063640953972936,1.0009105829522014,True,0.43189007637352433,False
capacity,07,237,4.045536043122411,0.34331693314015865,9.010545909404755e-05,4.045626148581505,1.0049838309641927,True,0.30744376715450966,False
capacity,07,238,4.660876002162695,0.34279609099030495,8.987262845039368e-05,4.660965874791145,1.0096721188165247,True,0.24268552391991013,False
capacity,07,239,4.067377187311649,0.3406521864235401,8.102506399154663e-05,4.067458212375641,1.013768221018836,True,0.2534635678342546,False
capacity,07,240,4.055375000461936,0.34010084345936775,8.102506399154663e-05,4.0554560255259275,1.01785134896636,True,0.20185029912793992,False
capacity,07,241,4.078469006344676,0.34783617593348026,0.00010989606380462646,4.078578902408481,1.0219596838578582,True,0.18626623322978778,False
capacity,07,242,4.369867965579033,0.3394100349396467,0.00010989606380462646,4.3699778616428375,1.0263615718577057,True,0.15775356926398573,False
capacity,07,243,4.124996019527316,0.3438880667090416,9.988434612751007e-05,4.125095903873444,1.030514339916408,True,0.14604698077348385,False
capacity,07,244,4.061096115037799,0.3410631325095892,0.00010081566870212555,4.061196930706501,1.0346069559454918,True,0.18805677419149447,False
capacity,07,245,4.063050029799342,0.3356530796736479,9.010545909404755e-05,4.063140135258436,1.038696805946529,True,0.2728164696585652,False
capacity,07,246,4.694950068369508,0.34532113932073116,9.988434612751007e-05,4.695049952715635,1.0434268119279295,True,0.2673106155110254,False
capacity,07,247,4.089860012754798,0.33485214225947857,8.987262845039368e-05,4.089949885383248,1.0475448148790747,True,0.24533648337525535,False
capacity,07,248,4.069211892783642,0.33753691241145134,0.00011012889444828033,4.06932202167809,1.0516463578678668,True,0.08746360593674722,False
capacity,07,249,4.100490128621459,0.33084419555962086,9.988434612751007e-05,4.1005900129675865,1.0557745599653572,True,0.137013079061058,False
capacity,07,250,4.6714660711586475,0.33108401112258434,0.00010104849934577942,4.671567119657993,1.0604745999444276,True,0.0,False
capacity,07,251,4.113964969292283,0.3443190362304449,9.988434612751007e-05,4.114064853638411,1.0646176198497415,True,0.0,False
capacity,07,252,4.073488991707563,0.3325061406940222,0.00010081566870212555,4.0735898073762655,1.0687251838389784,True,0.0,False
capacity,07,253,4.098697099834681,0.3295210190117359,9.010545909404755e-05,4.098787205293775,1.0728512320201844,True,0.0,False
capacity,07,254,4.67812898568809,0.3372060600668192,8.009374141693115e-05,4.678209079429507,1.0775565619114786,True,0.02097041156591253,False
capacity,07,255,4.063030006363988,0.32974197529256344,0.00010011717677116394,4.063130123540759,1.0816471939906478,True,0.004959160576146427,False
capacity,07,256,4.154842812567949,0.34486083313822746,9.010545909404755e-05,4.154932918027043,1.0858342368155718,True,0.009524028457219719,False
capacity,07,257,4.08206507563591,0.3370249178260565,0.00010104849934577942,4.082166124135256,1.0899490839801729,True,0.01408889633829301,False
capacity,07,258,4.658582853153348,0.34512090496718884,0.00010011717677116394,4.658682970330119,1.0946349278092384,True,0.0186537642193663,False
capacity,07,259,4.052730044350028,0.33220602199435234,0.00011990778148174286,4.05284995213151,1.0987197579815984,True,0.023218632100439597,False
capacity,07,260,4.079120000824332,0.33522211015224457,0.00012991949915885925,4.079249920323491,1.1028274518903345,True,0.027783499981512885,False
capacity,07,261,4.128843080252409,0.34841708838939667,9.010545909404755e-05,4.128933185711503,1.1069887760095298,True,0.03006593392204953,False
capacity,07,262,4.603497916832566,0.3545579966157675,9.010545909404755e-05,4.60358802229166,1.1116206678561866,True,0.05808408637781792,False
capacity,07,263,4.11420501768589,0.332667026668787,9.103678166866302e-05,4.114296054467559,1.1157640989404172,True,0.04055090757117839,False
capacity,07,264,4.107283195480704,0.32592518255114555,0.00010989606380462646,4.107393091544509,1.1198999260086566,True,0.047296547584322474,False
capacity,07,265,4.092604853212833,0.33771595917642117,0.0001310836523771286,4.0927359368652105,1.1240198728628457,True,0.12545772768917765,False
capacity,07,266,4.652500851079822,0.33909897319972515,8.009374141693115e-05,4.6525809448212385,1.128705375827849,True,0.10354630911033857,False
capacity,07,267,4.506455967202783,0.3569230902940035,8.987262845039368e-05,4.506545839831233,1.1332438318058848,True,0.1369288295806048,False
capacity,07,268,4.113944945856929,0.35984814167022705,0.00015087425708770752,4.1140958201140165,1.1373981228098273,True,0.10306263093665348,False
capacity,07,269,4.073710180819035,0.3318160306662321,7.986091077327728e-05,4.073790041729808,1.1415029109921306,True,0.10361337165919032,False
capacity,07,270,4.610071191564202,0.3284101840108633,8.987262845039368e-05,4.610161064192653,1.1461445610038936,True,0.11885053316022245,False
capacity,07,271,4.0622681844979525,0.3268460277467966,8.102506399154663e-05,4.062349209561944,1.1502479070331901,True,0.1270398646263178,False
capacity,07,272,4.018245032057166,0.3250518348067999,9.103678166866302e-05,4.018336068838835,1.1542963290121406,True,0.07387372375360782,False
capacity,07,273,4.435560898855329,0.324691878631711,0.00012014061212539673,4.435681039467454,1.1587611448485404,True,0.06825644388310166,False
capacity,07,274,4.099318059161305,0.3273370675742626,8.009374141693115e-05,4.099398152902722,1.1628898889757693,True,0.09990425729448381,False
capacity,07,275,4.013515077531338,0.3289401065558195,0.00010081566870212555,4.01361589320004,1.1669323889072984,True,0.1297089545575673,False
capacity,07,276,4.051728174090385,0.33114408142864704,9.988434612751007e-05,4.051828058436513,1.1710187930148095,True,0.1207661984742987,False
capacity,07,277,4.347776062786579,0.32980204559862614,9.988434612751007e-05,4.347875947132707,1.1753951329737902,True,0.08498308522613644,False
capacity,07,278,4.084660205990076,0.3258341457694769,9.988434612751007e-05,4.084760090336204,1.1795087680220604,True,0.08097726665002782,False
capacity,07,279,4.034626064822078,0.32675592228770256,7.008202373981476e-05,4.034696146845818,1.1835715370252728,True,0.04172495376081215,False
capacity,07,280,4.040897125378251,0.32490212470293045,9.103678166866302e-05,4.04098816215992,1.18764567701146,True,0.06095462423515963,False
capacity,07,281,4.0555649902671576,0.3243410028517246,0.00010081566870212555,4.05566580593586,1.1917337838094682,True,0.027552902343894386,False
capacity,07,282,4.481948912143707,0.32991194166243076,9.010545909404755e-05,4.482039017602801,1.1962436358444393,True,0.053440795203555866,False
capacity,07,283,4.048442002385855,0.32486184500157833,7.008202373981476e-05,4.0485120844095945,1.2003195700235665,True,0.044335609741291186,False
capacity,07,284,4.030687967315316,0.32606394961476326,8.102506399154663e-05,4.030768992379308,1.2043777599465102,True,0.0358255830640426,False
capacity,07,285,4.427316831424832,0.32856990583240986,8.009374141693115e-05,4.427396925166249,1.2088324278593063,True,0.02848132365694424,False
capacity,07,286,4.089769907295704,0.33326796256005764,0.00010011717677116394,4.089870024472475,1.212954708840698,True,0.021732223034861962,False
capacity,07,287,4.032401833683252,0.3332279156893492,9.010545909404755e-05,4.032491939142346,1.217014341847971,True,0.04088740853060432,False
capacity,07,288,4.050265997648239,0.3320961259305477,8.987262845039368e-05,4.0503558702766895,1.2210918588098139,True,0.030788307897362806,False
capacity,07,289,4.362793872132897,0.3322758711874485,0.00010011717677116394,4.3628939893096685,1.225481673842296,True,0.021879524834153445,False
capacity,07,290,4.081052960827947,0.3282891120761633,0.00010104849934577942,4.081154009327292,1.2295900888275355,True,0.015302276311244561,False
capacity,07,291,4.040837055072188,0.32686605118215084,9.010545909404755e-05,4.040927160531282,1.2336657620035112,True,0.010485953843501976,False
capacity,07,292,4.053492099046707,0.3290611784905195,9.988434612751007e-05,4.053591983392835,1.237746835919097,True,0.00685994894579154,False
capacity,07,293,5.018420051783323,0.3264651168137789,7.986091077327728e-05,5.018499912694097,1.2427922568749636,True,0.00541817678909009,False
capacity,07,294,4.087466048076749,0.33002207055687904,0.00010989606380462646,4.0875759441405535,1.246907755965367,True,0.004915267615751497,False
capacity,07,295,4.044855013489723,0.3325268626213074,9.010545909404755e-05,4.044945118948817,1.2509797120001167,True,0.001442516105182702,False
capacity,07,296,4.050255054607987,0.3323459532111883,7.101334631443024e-05,4.050326067954302,1.2550610059406608,True,0.009798793258260309,False
capacity,07,297,4.358327016234398,0.332527095451951,9.988434612751007e-05,4.358426900580525,1.2594462928827852,True,0.021775157630472924,False
capacity,07,298,4.08940901979804,0.32827816903591156,8.987262845039368e-05,4.089498892426491,1.263563864864409,True,0.022927832245390484,False
capacity,07,299,4.045837791636586,0.32694684341549873,9.010545909404755e-05,4.04592789709568,1.2676364528015256,True,0.05677791078713266,False
capacity,07,300,4.043363034725189,0.32435194589197636,0.00010011717677116394,4.04346315190196,1.2717115150298923,True,0.0,False
capacity,07,301,4.639836959540844,0.3270460292696953,9.010545909404755e-05,4.639927064999938,1.2763785528950393,True,0.0,False
capacity,07,302,4.041828913614154,0.3268460277467966,0.00011106021702289581,4.041939973831177,1.2804475228767842,True,0.0,False
capacity,07,303,4.0468990337103605,0.32896012999117374,0.00010989606380462646,4.047008929774165,1.284526151837781,True,0.0,False
capacity,07,304,4.016421968117356,0.3251531161367893,8.987262845039368e-05,4.016511840745807,1.2885697148740292,True,0.0,False
capacity,07,305,4.349619848653674,0.3242609091103077,9.010545909404755e-05,4.349709954112768,1.292946495814249,True,0.0,False
capacity,07,306,4.095539916306734,0.3323860000818968,9.988434612751007e-05,4.095639800652862,1.2970743568148464,True,0.0,False
capacity,07,307,4.03534690849483,0.32907002605497837,9.010545909404755e-05,4.035437013953924,1.3011371458414942,True,0.0,False
capacity,07,308,4.035667981952429,0.3239710349589586,8.009374141693115e-05,4.035748075693846,1.3052054359577596,True,0.0,False
capacity,07,309,4.3592071160674095,0.3239000216126442,0.00011106021702289581,4.359318176284432,1.3095921149943024,True,0.0,False
capacity,07,310,4.1160190012305975,0.3300420939922333,9.010545909404755e-05,4.1161091066896915,1.3137443729210645,True,0.0387459993018903,False
capacity,07,311,4.065524088218808,0.325614120811224,6.0070306062698364e-05,4.065584158524871,1.3178396229632199,True,0.0,False
capacity,07,312,4.04675817117095,0.33536204136908054,9.103678166866302e-05,4.046849207952619,1.3219151960220188,True,0.0,False
capacity,07,313,4.638735204935074,0.33024302683770657,0.00010989606380462646,4.6388451009988785,1.326582595007494,True,0.003652559688008588,False
capacity,07,314,4.065083106979728,0.33123395405709743,9.988434612751007e-05,4.065182991325855,1.3306773439981043,True,0.0,False
capacity,07,315,4.059472819790244,0.3232189919799566,9.010545909404755e-05,4.059562925249338,1.3347733258269727,True,0.13578839098095405,False
capacity,07,316,4.055506084114313,0.3231700975447893,8.009374141693115e-05,4.05558617785573,1.338864048011601,True,0.09093333866585009,False
capacity,07,317,4.393462091684341,0.35507907159626484,9.988434612751007e-05,4.393561976030469,1.3432858029846102,True,0.147188099561363,False
capacity,07,318,4.109918139874935,0.3307031001895666,0.00010104849934577942,4.110019188374281,1.3474267499987036,True,0.0719431353516343,False
capacity,07,319,4.043462919071317,0.32534380443394184,0.00011012889444828033,4.043573047965765,1.351499737938866,True,0.0433671056587607,False
capacity,07,320,4.051968222483993,0.32701599411666393,0.00010081566870212555,4.052069038152695,1.3555871830321848,True,0.10796817461295796,False
capacity,07,321,4.380668047815561,0.3281079698354006,8.987262845039368e-05,4.380757920444012,1.3599961849395186,True,0.07004499509975537,False
capacity,07,322,4.122131038457155,0.34113298170268536,9.988434612751007e-05,4.122230922803283,1.3641490938607603,True,0.0933051147689921,False
capacity,07,323,4.082735860720277,0.3275868948549032,9.103678166866302e-05,4.0828268975019455,1.3682684188243002,True,0.04152988221696506,False
capacity,07,324,4.715760005638003,0.42031286284327507,0.00014016404747962952,4.715900169685483,1.373023523017764,True,0.0,False
capacity,07,325,4.653632873669267,0.3310039173811674,0.00011012889444828033,4.653743002563715,1.3777086958289146,True,0.08646008567214664,False
capacity,07,326,4.067226778715849,0.3301717806607485,9.010545909404755e-05,4.067316884174943,1.3818146158009768,True,0.13500634464648037,False
capacity,07,327,4.09537018276751,0.3298011142760515,8.987262845039368e-05,4.095460055395961,1.3859469760209322,True,0.09144278992806666,False
capacity,07,328,4.054893972352147,0.3322961274534464,0.00011082738637924194,4.055004799738526,1.3900328688323498,True,0.19113793311971536,False
capacity,07,329,4.647440975531936,0.3289198502898216,9.010545909404755e-05,4.64753108099103,1.3947099859360605,True,0.09155687725217156,False
capacity,07,330,4.065384855493903,0.3250229638069868,9.010545909404755e-05,4.065474960952997,1.3988134218379855,True,0.11770229720734614,False
capacity,07,331,4.049303941428661,0.3314649220556021,9.010545909404755e-05,4.049394046887755,1.4028934428934008,True,0.17742885710567077,False
capacity,07,332,4.040277097374201,0.33163512125611305,9.988434612751007e-05,4.040376981720328,1.4069641169626266,True,0.19521449937628,False
capacity,07,333,4.69191512092948,0.33520208671689034,8.987262845039368e-05,4.69200499355793,1.4116859280038625,True,0.22563165547239927,False
capacity,07,334,4.064932931214571,0.3314139321446419,0.00010104849934577942,4.065033979713917,1.415781328920275,True,0.28899577544217936,False
capacity,07,335,4.058210179209709,0.3283391706645489,9.988434612751007e-05,4.058310063555837,1.4198689439799637,True,0.27295751197135854,False
capacity,07,336,4.049494164064527,0.33494201488792896,7.986091077327728e-05,4.0495740249753,1.4239539250265807,True,0.24470466279228104,False
capacity,07,337,4.680684069171548,0.3466841299086809,9.988434612751007e-05,4.680783953517675,1.4286644149105996,True,0.14502693031921243,False
capacity,07,338,4.064232110977173,0.3339801914989948,9.988434612751007e-05,4.0643319953233,1.4327650859486312,True,0.07079811360230509,False
capacity,07,339,4.063410218805075,0.33120415173470974,8.987262845039368e-05,4.063500091433525,1.436863251030445,True,0.10742120798998657,False
capacity,07,340,4.104045918211341,0.3420840948820114,8.102506399154663e-05,4.1041269432753325,1.440996121848002,True,0.12394217278660641,False
capacity,07,341,4.577117972075939,0.3416340332478285,9.010545909404755e-05,4.577208077535033,1.4456031168811023,True,0.12898759544720925,False
capacity,07,342,4.064762964844704,0.3375669475644827,0.00010011717677116394,4.064863082021475,1.4496977359522134,True,0.09244447350492604,False
capacity,07,343,4.0607149712741375,0.33320789225399494,9.010545909404755e-05,4.0608050767332315,1.4537874159868807,True,0.1161877951074113,False
capacity,07,344,4.0492641273885965,0.33233710564672947,8.987262845039368e-05,4.049354000017047,1.4578644819557667,True,0.11035638805774305,False
capacity,07,345,4.668029956519604,0.3379969857633114,0.00010104849934577942,4.6681310050189495,1.4625604948960245,True,0.133728698736505,False
capacity,07,346,4.08066320233047,0.340381171554327,7.986091077327728e-05,4.080743063241243,1.4666800210252404,True,0.1878276473957792,False
capacity,07,347,4.071014001965523,0.3358230460435152,9.988434612751007e-05,4.07111388631165,1.4707797889132053,True,0.1693813332389276,False
capacity,07,348,4.059792961925268,0.3357729874551296,0.00010011717677116394,4.059893079102039,1.474867925979197,True,0.2011831223059474,False
capacity,07,349,4.626122070476413,0.33979094587266445,9.010545909404755e-05,4.626212175935507,1.4795277509838343,True,0.19629661457047295,False
capacity,07,350,4.063070053234696,0.33595296554267406,8.987262845039368e-05,4.063159925863147,1.4836229409556836,True,0.22113735709832785,False
capacity,07,351,4.055425059050322,0.33278693445026875,8.009374141693115e-05,4.0555051527917385,1.4877049759961665,True,0.22225515170612378,False
capacity,07,352,4.365178989246488,0.33339811488986015,9.988434612751007e-05,4.365278873592615,1.4920966748613864,True,0.21766050720422783,False
capacity,07,353,4.17062290944159,0.34134392626583576,9.010545909404755e-05,4.170713014900684,1.4962940278928727,True,0.2007563985207409,False
capacity,07,354,4.6630301512777805,0.3473341930657625,0.00016088597476482391,4.663191037252545,1.5009914829861373,True,0.23912182081692246,False
capacity,07,355,4.111029906198382,0.3520539030432701,9.988434612751007e-05,4.11112979054451,1.505132659804076,True,0.28520339789987154,False
capacity,07,356,4.386720014736056,0.3387080505490303,0.00012107193470001221,4.386841086670756,1.509559745900333,True,0.2699000391115002,False
capacity,07,357,4.128453088924289,0.3394100349396467,8.987262845039368e-05,4.128542961552739,1.5137185959611088,True,0.3168730985068364,False
capacity,07,358,4.058410879224539,0.3349608741700649,0.00010011717677116394,4.05851099640131,1.5178054398857057,True,0.30124380417305713,False
capacity,07,359,4.062318010255694,0.33742585219442844,9.103678166866302e-05,4.062409047037363,1.521899888990447,True,0.2946985378213074,False
capacity,07,360,4.432545974850655,0.410974957048893,0.00010011717677116394,4.432646092027426,1.526366017991677,True,0.2658383572291383,False
capacity,07,361,4.080852959305048,0.3303519915789366,0.00011012889444828033,4.080963088199496,1.530479562934488,True,0.2625990522829007,False
capacity,07,362,4.038714105263352,0.3324470017105341,9.988434612751007e-05,4.03881398960948,1.5345450669992715,True,0.26972279874447397,False
capacity,07,363,4.035949008539319,0.33379998058080673,9.010545909404755e-05,4.036039113998413,1.5386084269266576,True,0.35789322334696133,False
capacity,07,364,4.643433960154653,0.33240695483982563,9.988434612751007e-05,4.64353384450078,1.5432784508448094,True,0.3163129852744249,False
capacity,07,365,4.048831993713975,0.3318050876259804,7.986091077327728e-05,4.048911854624748,1.5473539028316736,True,0.2885849696173966,False
capacity,07,366,4.051217110827565,0.33156503923237324,9.988434612751007e-05,4.051316995173693,1.5514369399752468,True,0.35353728878272733,False
capacity,07,367,4.030367825180292,0.3306628204882145,0.00012107193470001221,4.030488897114992,1.5554944798350334,True,0.36604099975291193,False
capacity,07,368,4.352544900029898,0.33188587985932827,8.009374141693115e-05,4.352624993771315,1.5598737648688257,True,0.37470197732521743,False
capacity,07,369,4.102893872186542,0.33664400689303875,8.102506399154663e-05,4.102974897250533,1.5640076478011906,True,0.29628956857712574,False
capacity,07,370,4.051737952977419,0.33662491478025913,0.00010011717677116394,4.05183807015419,1.5680863768793643,True,0.3154981846752331,False
capacity,07,371,4.045336041599512,0.3377769608050585,0.00010011717677116394,4.045436158776283,1.5721584539860487,True,0.2660255463214294,False
capacity,07,372,4.03203209862113,0.3325671423226595,8.987262845039368e-05,4.03212197124958,1.5762227359227836,True,0.2779683787726437,False
capacity,07,373,4.769040970131755,0.33430103212594986,9.010545909404755e-05,4.769131075590849,1.5810219328850508,True,0.2881257211534396,False
capacity,07,374,4.0418088901788,0.3373159561306238,0.00010104849934577942,4.041909938678145,1.5850907429121435,True,0.27315426714563507,False
capacity,07,375,4.036519909277558,0.3381569404155016,9.010545909404755e-05,4.036610014736652,1.589154233923182,True,0.2492789336117507,False
capacity,07,376,4.661486949771643,0.3327270969748497,9.988434612751007e-05,4.66158683411777,1.5938519188202918,True,0.2414600008401316,False
capacity,07,377,4.070694092661142,0.3454210236668587,0.00010104849934577942,4.070795141160488,1.597949794959277,True,0.22155711677584897,False
capacity,07,378,4.039103863760829,0.33829803578555584,9.010545909404755e-05,4.039193969219923,1.6020197968464345,True,0.22235179033854344,False
capacity,07,379,4.053391050547361,0.337475910782814,8.102506399154663e-05,4.053472075611353,1.6060995280276984,True,0.22268920518233387,False
capacity,07,380,4.633845994248986,0.3371660131961107,8.009374141693115e-05,4.633926087990403,1.6107601539697498,True,0.22857464146305587,False
capacity,07,381,4.061717074364424,0.336033059284091,9.103678166866302e-05,4.061808111146092,1.6148503150325269,True,0.24848135196013268,False
capacity,07,382,4.053561016917229,0.33947895281016827,7.101334631443024e-05,4.053632030263543,1.618930886965245,True,0.2172368445652567,False
capacity,07,383,4.044163040816784,0.33958000130951405,7.986091077327728e-05,4.044242901727557,1.6230018609203398,True,0.23095077969958325,False
capacity,07,384,4.583300091326237,0.33574202097952366,8.079223334789276e-05,4.583380883559585,1.6276117619127035,True,0.16960895660776368,False
capacity,07,385,4.037821898236871,0.3342810086905956,9.010545909404755e-05,4.037912003695965,1.6316811528522521,True,0.17504199368063736,False
capacity,07,386,4.0476510766893625,0.33208588138222694,9.010545909404755e-05,4.047741182148457,1.635759572032839,True,0.19236264474748696,False
capacity,07,387,4.094609059393406,0.33586309291422367,0.00010011717677116394,4.094709176570177,1.6398820229806006,True,0.2260960859552613,False
capacity,07,388,4.670924972742796,0.34785596653819084,9.010545909404755e-05,4.67101507820189,1.6445903989952058,True,0.24813697300865686,False
capacity,07,389,4.075061995536089,0.33560185693204403,0.00010104849934577942,4.075163044035435,1.6486957690212876,True,0.29959147396387603,False
capacity,07,390,4.058640915900469,0.33144489862024784,9.010545909404755e-05,4.058731021359563,1.6527838248293847,True,0.3788130201906242,False
capacity,07,391,4.05481387861073,0.33444096334278584,8.009374141693115e-05,4.054893972352147,1.6568674428854138,True,0.3121763053092972,False
capacity,07,392,4.641900071874261,0.33810711465775967,9.988434612751007e-05,4.641999956220388,1.6615371259395033,True,0.22380935511850092,False
capacity,07,393,4.108344903215766,0.3306940197944641,9.010545909404755e-05,4.10843500867486,1.6656741148326546,True,0.2674153067122741,False
capacity,07,394,4.162475932389498,0.42175501585006714,0.00011106021702289581,4.162586992606521,1.6698705959133804,True,0.2655819097032726,False
capacity,07,395,4.039073828607798,0.33375900238752365,9.103678166866302e-05,4.039164865389466,1.6739373528398573,True,0.3270211043916145,False
capacity,07,396,4.659163067117333,0.3307729493826628,0.00010011717677116394,4.659263184294105,1.6786310609895736,True,0.2090553955507173,False
capacity,07,397,4.04431507922709,0.3212760202586651,9.988434612751007e-05,4.044414963573217,1.6827025469392538,True,0.08159802983260303,False
capacity,07,398,4.032673081383109,0.32232794910669327,8.987262845039368e-05,4.0327629540115595,1.6867675499524921,True,0.011873558908386764,False
capacity,07,399,4.02493798173964,0.3239710349589586,0.00010011717677116394,4.025038098916411,1.6908193279523402,True,0.18707605946634717,False
capacity,07,400,4.582118010148406,0.32943091355264187,9.010545909404755e-05,4.5822081156075,1.695428336970508,True,0.12044837496641445,False
capacity,07,401,4.0305680595338345,0.3231989685446024,9.010545909404755e-05,4.0306581649929285,1.6994854849763215,True,0.11543077364341153,False
capacity,07,402,4.028463969007134,0.32510305754840374,6.0070306062698364e-05,4.028524039313197,1.7035409498494118,True,0.09668048766539059,False
capacity,07,403,4.036077996715903,0.32681599259376526,6.100162863731384e-05,4.036138998344541,1.707603758899495,True,0.1903519451100971,False
capacity,07,404,4.599821986630559,0.32755802385509014,8.009374141693115e-05,4.599902080371976,1.7122305419761688,True,0.2609444262140431,False
capacity,07,405,4.029044881463051,0.32787793315947056,9.103678166866302e-05,4.0291359182447195,1.7162861968390644,True,0.24098980877838325,False
capacity,07,406,4.0394950192421675,0.3283990081399679,8.009374141693115e-05,4.039575112983584,1.7203565100207925,True,0.21667933330714523,False
capacity,07,407,4.036569036543369,0.32960111275315285,0.00010104849934577942,4.036670085042715,1.7244241279549897,True,0.2147195109586242,False
capacity,07,408,4.081374034285545,0.3268858417868614,9.010545909404755e-05,4.081464139744639,1.7285368610173464,True,0.18595445548571832,False
capacity,07,409,4.031561082229018,0.3272769972681999,8.987262845039368e-05,4.031650954857469,1.7325949519872665,True,0.2589276665455448,False
capacity,07,410,4.047509981319308,0.32938108779489994,9.010545909404755e-05,4.047600086778402,1.7366687909234315,True,0.2396489448642867,False
capacity,07,411,4.036409081891179,0.3286399878561497,8.987262845039368e-05,4.0364989545196295,1.7407316099852324,True,0.25800090452279534,False
capacity,07,412,4.6089577954262495,0.3304118290543556,9.103678166866302e-05,4.609048832207918,1.7453677298035473,True,0.29138477049289513,False
capacity,07,413,4.0304879657924175,0.3297021612524986,0.00010989606380462646,4.030597861856222,1.749425338814035,True,0.2727945824629825,False
capacity,07,414,4.04215999878943,0.3287398722022772,8.009374141693115e-05,4.042240092530847,1.7534938589669764,True,0.2677508083396674,False
capacity,07,415,4.043914144858718,0.3307641018182039,9.988434612751007e-05,4.044014029204845,1.7575643230229616,True,0.2477091012936121,False
capacity,07,416,4.689680878072977,0.33111381344497204,0.00010011717677116394,4.689780995249748,1.7622844309080392,True,0.24990123765330077,False
capacity,07,417,4.04407293535769,0.3354318905621767,0.00011106021702289581,4.044183995574713,1.7663592319004238,True,0.22806939320196207,False
capacity,07,418,4.055985948070884,0.3302220720797777,8.987262845039368e-05,4.056075820699334,1.7704418888315558,True,0.2432269208528194,False
capacity,07,419,4.036840982735157,0.3314849454909563,0.00010011717677116394,4.036941099911928,1.7745092569384724,True,0.23494191699941364,False
capacity,07,420,4.10043983720243,0.3357129171490669,0.00010011717677116394,4.100539954379201,1.778636576840654,True,0.26084869213627,False
capacity,07,421,4.039334831759334,0.3326968289911747,9.010545909404755e-05,4.039424937218428,1.7827024618163705,True,0.23417614813373114,False
capacity,07,422,4.056907957419753,0.3320758696645498,9.010545909404755e-05,4.056998062878847,1.7867859099060297,True,0.23828182242577,False
capacity,07,423,4.042280139401555,0.33198599703609943,8.987262845039368e-05,4.0423700120300055,1.7908547399565578,True,0.299335519880104,False
capacity,07,424,4.669893067330122,0.3458119463175535,9.010545909404755e-05,4.669983172789216,1.795551944989711,True,0.26212671846775665,False
capacity,07,425,4.080372164025903,0.3366251476109028,0.00010989606380462646,4.080482060089707,1.7996626240201294,True,0.21342285376976944,False
capacity,07,426,4.081493942067027,0.3350719343870878,0.00010011717677116394,4.081594059243798,1.8037793149705976,True,0.23689996465903587,False
capacity,07,427,4.065474029630423,0.32902113161981106,0.00010989606380462646,4.065583925694227,1.8078798048663884,True,0.21766826938745165,False
capacity,07,428,4.635307937860489,0.3352619241923094,0.00011012889444828033,4.635418066754937,1.8125447989441454,True,0.198673353777171,False
capacity,07,429,4.046197980642319,0.3266450949013233,8.009374141693115e-05,4.046278074383736,1.816624129889533,True,0.17156984443275214,False
capacity,07,430,4.060604842379689,0.32589398324489594,0.00010011717677116394,4.06070495955646,1.820712556829676,True,0.19294586107473655,False
capacity,07,431,4.036981146782637,0.3250229638069868,8.987262845039368e-05,4.037071019411087,1.824776188004762,True,0.1260617615295381,False
capacity,07,432,4.425091901794076,0.3299920354038477,9.010545909404755e-05,4.42518200725317,1.8292286908254027,True,0.27040622012244797,False
capacity,07,433,4.019437124952674,0.326475128531456,9.103678166866302e-05,4.019528161734343,1.833275489974767,True,0.29786670242537416,False
capacity,07,434,4.0247878059744835,0.32968190498650074,9.010545909404755e-05,4.0248779114335775,1.8373269278090447,True,0.27404700522431713,False
capacity,07,435,4.373495001345873,0.33044302836060524,9.010545909404755e-05,4.373585106804967,1.8417266919277608,True,0.30372374657476336,False
capacity,07,436,4.111180081963539,0.33409008756279945,9.988434612751007e-05,4.111279966309667,1.8458704228978604,True,0.34378753207647006,False
capacity,07,437,4.031108925119042,0.33578299917280674,9.010545909404755e-05,4.0311990305781364,1.8499320298433304,True,0.23822312346552865,False
capacity,07,438,4.040015861392021,0.33643399365246296,9.010545909404755e-05,4.040105966851115,1.8539984058588743,True,0.2737830925925429,False
capacity,07,439,4.049513954669237,0.33732596784830093,7.008202373981476e-05,4.049584036692977,1.8580741588957608,True,0.21594198001608716,False
capacity,07,440,4.201210103929043,0.34055206924676895,8.987262845039368e-05,4.201299976557493,1.862306667957455,True,0.19193770652390574,False
capacity,07,441,4.036539932712913,0.3321568947285414,9.010545909404755e-05,4.036630038172007,1.8663692369591445,True,0.3116923060939111,False
capacity,07,442,4.045196110382676,0.3327780868858099,8.987262845039368e-05,4.0452859830111265,1.8704411329235882,True,0.3752979391108451,False
capacity,07,443,4.04606806114316,0.3323471173644066,7.986091077327728e-05,4.046147922053933,1.8745138009544462,True,0.3781272165674935,False
capacity,07,444,4.362303065136075,0.33497088588774204,0.00010011717677116394,4.362403182312846,1.8789031950291246,True,0.3543812295106871,False
capacity,07,445,4.087064880877733,0.3368949983268976,8.009374141693115e-05,4.08714497461915,1.883016639854759,True,0.3557336569660954,False
capacity,07,446,4.03897394426167,0.33690501004457474,9.988434612751007e-05,4.039073828607798,1.8870865418575704,True,0.3479471853932057,False
capacity,07,447,4.364087944850326,0.33791782334446907,9.010545909404755e-05,4.36417805030942,1.8914816179312766,True,0.3487261071014228,False
capacity,07,448,4.091973882168531,0.3332388587296009,0.00011012889444828033,4.09208401106298,1.8956004618667066,True,0.33029893815717687,False
capacity,07,449,4.042400978505611,0.3324570134282112,9.010545909404755e-05,4.0424910839647055,1.899669362930581,True,0.25979850743171257,False
capacity,07,450,4.0560460183769464,0.33131521195173264,9.988434612751007e-05,4.056145902723074,1.903752138838172,True,0.25311087377626423,False
capacity,07,451,4.047250142320991,0.3317559603601694,8.987262845039368e-05,4.047340014949441,1.9078305379953235,True,0.25485944845900144,False
capacity,07,452,4.09956811927259,0.33797696232795715,6.984919309616089e-05,4.099637968465686,1.911956615978852,True,0.24617655054377796,False
capacity,07,453,4.040597006678581,0.33732596784830093,9.010545909404755e-05,4.040687112137675,1.9160242439247668,True,0.23152257621010874,False
capacity,07,454,4.019256914034486,0.33971993252635,8.102506399154663e-05,4.019337939098477,1.9200702318921685,True,0.2211187692664524,False
capacity,07,455,4.033573903143406,0.3387590404599905,9.988434612751007e-05,4.033673787489533,1.924130184808746,True,0.21885150030782613,False
capacity,07,456,4.634608048945665,0.33300789073109627,9.010545909404755e-05,4.634698154404759,1.9288036660291255,True,0.2106335829788794,False
capacity,07,457,4.042490152642131,0.3388090990483761,9.988434612751007e-05,4.042590036988258,1.9328727959655225,True,0.23196175871316768,False
capacity,07,458,4.03343397192657,0.33915904350578785,7.986091077327728e-05,4.033513832837343,1.9369325498118997,True,0.21462414989646864,False
capacity,07,459,4.048321861773729,0.33838790841400623,9.010545909404755e-05,4.048411967232823,1.9410076418425888,True,0.1916745416865194,False
capacity,07,460,4.642921965569258,0.33785589039325714,9.103678166866302e-05,4.643013002350926,1.945676863892004,True,0.16558503925432524,False
capacity,07,461,4.050155868753791,0.3331489861011505,0.00011012889444828033,4.050265997648239,1.9497574968263507,True,0.15851482102558265,False
capacity,07,462,4.06396109610796,0.33199600875377655,9.010545909404755e-05,4.064051201567054,1.9538486290257424,True,0.13821994709958735,False
capacity,07,463,4.05472400598228,0.34315697848796844,0.00011990778148174286,4.0548439137637615,1.9579305339138955,True,0.1442358206905348,False
capacity,07,464,4.23153699375689,0.35176309756934643,8.987262845039368e-05,4.231626866385341,1.9621911358553916,True,0.13700810426621582,False
capacity,07,465,4.067858913913369,0.3359629772603512,9.010545909404755e-05,4.067949019372463,1.9662881698459387,True,0.11987339527026075,False
capacity,07,466,4.057489102706313,0.33666519448161125,9.988434612751007e-05,4.057588987052441,1.9703831889200956,True,0.11562265773980838,False
capacity,07,467,4.040546948090196,0.33356877975165844,9.103678166866302e-05,4.040637984871864,1.9744509679730982,True,0.13037046421780793,False
capacity,07,468,4.608727991580963,0.3359830006957054,8.987262845039368e-05,4.6088178642094135,1.9790869168937206,True,0.1507915649706303,False
capacity,07,469,4.063681000843644,0.34668389707803726,9.010545909404755e-05,4.063771106302738,1.9831776989158243,True,0.1780932760734939,False
capacity,07,470,4.057338926941156,0.335371820256114,7.008202373981476e-05,4.057409008964896,1.9872622089460492,True,0.16729936786843125,False
capacity,07,471,4.430982982739806,0.3313538618385792,9.010545909404755e-05,4.4310730881989,1.9917201329953969,True,0.255344969196755,False
capacity,07,472,4.092134069651365,0.33220602199435234,9.103678166866302e-05,4.092225106433034,1.9958450989797711,True,0.26198427965837784,False
capacity,07,473,4.046779125928879,0.3402410075068474,7.986091077327728e-05,4.046858986839652,1.9999183779582381,True,0.22380281807094254,False
capacity,07,474,4.055535886436701,0.3409530036151409,8.009374141693115e-05,4.055615980178118,2.0040002728346735,True,0.19603958048041997,False
capacity,07,475,4.068058915436268,0.3354728687554598,0.00010011717677116394,4.068159032613039,2.008095041848719,True,0.16572961536613373,False
capacity,07,476,4.240234149619937,0.33724610693752766,9.988434612751007e-05,4.2403340339660645,2.01237733499147,True,0.11038694391802646,False
capacity,07,477,4.034735960885882,0.3266159910708666,7.986091077327728e-05,4.034815821796656,2.0164403638336807,True,0.01301974369680718,False
capacity,07,478,4.0317808743566275,0.3248630091547966,9.010545909404755e-05,4.0318709798157215,2.020499125821516,True,0.1458781884676209,False
capacity,07,479,4.346983972936869,0.3222869709134102,9.988434612751007e-05,4.347083857282996,2.0248737218789756,True,0.28734025784785594,False
capacity,07,480,4.081484163179994,0.3289401065558195,5.9837475419044495e-05,4.081544000655413,2.0289820770267397,True,0.2179170504147528,False
capacity,07,481,4.04964410699904,0.32986211590468884,8.987262845039368e-05,4.04973397962749,2.0330579709261656,True,0.16618810546534385,False
capacity,07,482,4.035287071019411,0.32590399496257305,9.988434612751007e-05,4.035386955365539,2.0371202589012682,True,0.34681276657144466,False
capacity,07,483,4.053903045132756,0.328840222209692,9.988434612751007e-05,4.054002929478884,2.0412056108471006,True,0.44721517463452803,False
capacity,07,484,4.4022188521921635,0.3263847902417183,0.00011012889444828033,4.402328981086612,2.045634609879926,True,0.3192159413918211,False
capacity,07,485,4.037821898236871,0.32488303259015083,9.010545909404755e-05,4.037912003695965,2.0496986608486623,True,0.4339593064633152,False
capacity,07,486,4.027492832392454,0.3240408841520548,8.009374141693115e-05,4.027572926133871,2.0537596468348056,True,0.45318843904819944,False
capacity,07,487,4.041970008984208,0.3265461418777704,7.986091077327728e-05,4.042049869894981,2.0578284568618983,True,0.333702845064598,False
capacity,07,488,4.64956508949399,0.3339601680636406,8.987262845039368e-05,4.64965496212244,2.062504601897672,True,0.3811317612080915,False
capacity,07,489,4.04286221601069,0.33035315573215485,9.988434612751007e-05,4.042962100356817,2.066574014024809,True,0.35160282599484904,False
capacity,07,490,4.0401669684797525,0.32923114486038685,0.00011990778148174286,4.040286876261234,2.0706404198426753,True,0.4325914089004082,False
capacity,07,491,4.0440340526402,0.3361839335411787,9.010545909404755e-05,4.044124158099294,2.0747107330244035,True,0.3957352071089845,False
capacity,07,492,4.094097996130586,0.3401110880076885,8.987262845039368e-05,4.094187868759036,2.0788317918777466,True,0.3789321453652907,False
capacity,07,493,4.031781107187271,0.3353520296514034,7.986091077327728e-05,4.031860968098044,2.0828941399231553,True,0.253151130542145,False
capacity,07,494,4.043623106554151,0.33769593574106693,0.00010104849934577942,4.043724155053496,2.0869646340142936,True,0.1975761106075979,False
capacity,07,495,4.027612041682005,0.3343699499964714,7.986091077327728e-05,4.027691902592778,2.0910232139285654,True,0.14676344204986536,False
capacity,07,496,4.665114916861057,0.33473107032477856,0.00010989606380462646,4.665224812924862,2.0957194278016686,True,0.22579389622287233,False
capacity,07,497,4.0409378707408905,0.3286388237029314,7.008202373981476e-05,4.04100795276463,2.099788057850674,True,0.192346664525701,False
capacity,07,498,4.041840089485049,0.32755802385509014,8.987262845039368e-05,4.0419299621135,2.103856887901202,True,0.20168002286859907,False
capacity,07,499,4.0308889001607895,0.3317948430776596,9.010545909404755e-05,4.0309790056198835,2.107914737891406,True,0.17302669923328312,False
capacity,07,500,4.307139897719026,0.3333690110594034,0.00010011717677116394,4.307240014895797,2.1122487478423864,True,0.17697580746284036,False
capacity,07,501,4.042240092530847,0.32911007292568684,9.988434612751007e-05,4.042339976876974,2.116318539949134,True,0.14615526882155905,False
capacity,07,502,4.042551154270768,0.3322169650346041,9.988434612751007e-05,4.042651038616896,2.1203878310043365,True,0.16322169478417492,False
capacity,07,503,4.048631992191076,0.333789037540555,0.00010989606380462646,4.048741888254881,2.124463233863935,True,0.1726344898718801,False
capacity,07,504,4.1896679904311895,0.33525191247463226,0.00010989606380462646,4.189777886494994,2.128679561894387,True,0.14998193669420784,False
capacity,07,505,4.043183056637645,0.33198599703609943,9.010545909404755e-05,4.043273162096739,2.132756127975881,True,0.17951617619489377,False
capacity,07,506,4.0517880115658045,0.33695599995553493,0.00010011717677116394,4.051888128742576,2.1368385429959744,True,0.12221825319103259,False
capacity,07,507,4.043783061206341,0.3404619637876749,0.00010011717677116394,4.043883178383112,2.1409087060019374,True,0.09268913561778565,False
capacity,07,508,4.631460877135396,0.34380797296762466,9.010545909404755e-05,4.63155098259449,2.145567478844896,True,0.09238225570769275,False
capacity,07,509,4.0468990337103605,0.33732596784830093,7.986091077327728e-05,4.046978894621134,2.1496416789013892,True,0.04690456624832048,False
capacity,07,510,4.057009005919099,0.3336700610816479,7.986091077327728e-05,4.057088866829872,2.153725267853588,True,0.06446376022617034,False
capacity,07,511,4.053841810673475,0.3333080094307661,0.00010011717677116394,4.053941927850246,2.157805679831654,True,0.0698126271123983,False
capacity,07,512,4.217331064864993,0.34798611886799335,7.986091077327728e-05,4.217410925775766,2.1620509228669107,True,0.05898530333743688,False
capacity,07,513,4.059131955727935,0.3474149852991104,0.00010011717677116394,4.059232072904706,2.1661399509757757,True,0.07993081380947657,False
capacity,07,514,5.0414439756423235,0.3489069640636444,8.009374141693115e-05,5.04152406938374,2.171217744005844,True,0.11055270037945615,False
capacity,07,515,4.217992071062326,0.3792149946093559,0.00018998980522155762,4.218182060867548,2.1754976420197636,True,0.10642794731719023,False
capacity,07,516,4.172095097601414,0.35453797318041325,0.00015995465219020844,4.172255052253604,2.1797206830233335,True,0.1280629694112844,False
capacity,07,517,4.063881002366543,0.3398109693080187,8.987262845039368e-05,4.063970874994993,2.183818447869271,True,0.1691850188535902,False
capacity,07,518,4.054713994264603,0.3445199690759182,9.010545909404755e-05,4.054804099723697,2.187901434954256,True,0.14862224657262016,False
capacity,07,519,4.062207881361246,0.34196488559246063,8.009374141693115e-05,4.062287975102663,2.1919909438584,True,0.17214717291580267,False
capacity,07,520,4.637471865862608,0.340381870046258,9.010545909404755e-05,4.637561971321702,2.1966562988236547,True,0.1479547636360041,False
capacity,07,521,4.052640171721578,0.3369951155036688,8.987262845039368e-05,4.052730044350028,2.2007358300033957,True,0.1530476691563964,False
capacity,07,522,4.051056923344731,0.3323259297758341,8.009374141693115e-05,4.051137017086148,2.2048133169300854,True,0.16895062996361515,False
capacity,07,523,4.375868942588568,0.33727590925991535,0.00010104849934577942,4.3759699910879135,2.209216286893934,True,0.14983843997192103,False
capacity,07,524,4.103806102648377,0.3346011508256197,0.00010989606380462646,4.103915998712182,2.213347343960777,True,0.09744669256809638,False
capacity,07,525,4.039995837956667,0.33348891884088516,8.009374141693115e-05,4.040075931698084,2.2174189898651093,True,0.10495583734069901,False
capacity,07,526,4.036739934235811,0.332928029820323,7.986091077327728e-05,4.0368197951465845,2.221486617811024,True,0.12632401557918338,False
capacity,07,527,4.370158072561026,0.3338989336043596,9.103678166866302e-05,4.370249109342694,2.225887615000829,True,0.17946115209131352,False
capacity,07,528,4.098626086488366,0.33883913420140743,8.987262845039368e-05,4.0987159591168165,2.2300133919343352,True,0.19318179113871028,False
capacity,07,529,4.051828989759088,0.3387690521776676,0.00010989606380462646,4.051938885822892,2.234091790858656,True,0.15927893843305604,False
capacity,07,530,4.051929106935859,0.33628405071794987,8.987262845039368e-05,4.052018979564309,2.238169848918915,True,0.11800634555717136,False
capacity,07,531,4.349860129877925,0.3311641048640013,8.987262845039368e-05,4.349950002506375,2.2425463090185076,True,0.03294091810984597,False
capacity,07,532,4.079670179635286,0.33179507590830326,9.080395102500916e-05,4.079760983586311,2.246652700006962,True,0.008183434652429883,False
capacity,07,533,4.019367042928934,0.3313350025564432,9.010545909404755e-05,4.019457148388028,2.2506984369829297,True,0.032960050273816856,False
capacity,07,534,4.043482942506671,0.3316758666187525,0.00010011717677116394,4.043583059683442,2.254772817948833,True,0.06813629389336454,False
capacity,07,535,4.407849861308932,0.33209589309990406,0.00011012889444828033,4.407959990203381,2.2592077788431197,True,0.1329289333056235,False
capacity,07,536,4.097172990441322,0.33210613764822483,8.079223334789276e-05,4.09725378267467,2.2633362708147615,True,0.09405438516556022,False
capacity,07,537,4.043210996314883,0.33135409466922283,8.102506399154663e-05,4.043292021378875,2.267406072933227,True,0.09233112762429645,False
capacity,07,538,4.049533978104591,0.33056316897273064,8.987262845039368e-05,4.049623850733042,2.2714866558089852,True,0.07330236402764659,False
capacity,07,539,4.339891020208597,0.3308339510113001,9.010545909404755e-05,4.339981125667691,2.2758531169965863,True,0.028991304640637178,False
capacity,07,540,4.0759139228612185,0.33444096334278584,9.988434612751007e-05,4.076013807207346,2.279955380829051,True,0.0652730273647067,False
capacity,07,541,4.037411184981465,0.33866800367832184,8.987262845039368e-05,4.037501057609916,2.28401921200566,True,0.05836728509418405,False
capacity,07,542,4.039123887196183,0.3360728733241558,0.00010011717677116394,4.039224004372954,2.2880852369125932,True,0.05013192938455106,False
capacity,07,543,5.1667699590325356,0.33739604987204075,9.010545909404755e-05,5.16686006449163,2.293279097881168,True,0.06109041517064988,False
capacity,07,544,4.044234054163098,0.3320961259305477,9.988434612751007e-05,4.044333938509226,2.2973548718728125,True,0.04850914100712354,False
capacity,07,545,4.036469850689173,0.3326579462736845,9.010545909404755e-05,4.036559956148267,2.3014177908189595,True,0.04825948194864302,False
capacity,07,546,4.050306044518948,0.3315350040793419,8.987262845039368e-05,4.050395917147398,2.3054990449454635,True,0.06331888317085609,False
capacity,07,547,4.6277339570224285,0.33150496892631054,9.010545909404755e-05,4.627824062481523,2.3101534489542246,True,0.07160676882661815,False
capacity,07,548,4.040678031742573,0.33119507133960724,9.988434612751007e-05,4.0407779160887,2.31422664783895,True,0.093513998703414,False
capacity,07,549,4.05792985111475,0.333127798512578,8.009374141693115e-05,4.058009944856167,2.3183149648830295,True,0.11393798729875144,False
capacity,08,0,3.7851459346711636,0.32327999360859394,0.00010011717677116394,3.7852460518479347,0.0038056850899010897,False,,
capacity,08,1,4.164851037785411,0.3229989670217037,0.0001310836523771286,4.164982121437788,0.007992227096110582,False,,
capacity,08,2,3.8426448591053486,0.324461841955781,0.00011012889444828033,3.842754987999797,0.011857324047014117,False,,
capacity,08,3,3.7851149681955576,0.3258739598095417,0.00011012889444828033,3.785225097090006,0.015664440114051104,False,,
capacity,08,4,3.789514070376754,0.3283391706645489,0.00011990778148174286,3.7896339781582355,0.019476026063784957,False,,
capacity,08,5,3.788422094658017,0.32918108627200127,0.00011990778148174286,3.788542002439499,0.023286299081519246,False,,
capacity,08,6,3.8455098401755095,0.3239510115236044,0.00012014061212539673,3.845629980787635,0.027158048003911972,False,,
capacity,08,7,3.7951641716063023,0.3238101489841938,0.00013085082173347473,3.7952950224280357,0.03097492316737771,False,,
capacity,08,8,3.779524937272072,0.32442202791571617,0.00011990778148174286,3.7796448450535536,0.034775817999616265,False,,
capacity,08,9,3.779995022341609,0.3260939847677946,0.00011106021702289581,3.780106082558632,0.03857765509746969,False,,
capacity,08,10,4.255963955074549,0.3304427955299616,0.00010011717677116394,4.25606407225132,0.04285540012642741,False,,
capacity,08,11,3.8337779697030783,0.3261349629610777,0.00012014061212539673,3.8338981103152037,0.04671130911447108,False,,
capacity,08,12,3.7937918677926064,0.32648583874106407,0.00013015232980251312,3.793922020122409,0.05053305299952626,False,,
capacity,08,13,3.7803570739924908,0.3319161478430033,0.00011990778148174286,3.7804769817739725,0.05433560209348798,False,,
capacity,08,14,4.246164113283157,0.3252329770475626,0.00014086253941059113,4.246304975822568,0.05860359710641205,False,,
capacity,08,15,4.049734910950065,0.3311040345579386,0.00011990778148174286,4.049854818731546,0.06267546396702528,False,,
capacity,08,16,4.012032877653837,0.33699488267302513,0.00012014061212539673,4.012153018265963,0.06671472801826894,False,,
capacity,08,17,4.00140299461782,0.32565416768193245,0.00013085082173347473,4.001533845439553,0.07074455497786403,False,,
capacity,08,18,4.592356970533729,0.326795969158411,0.00011012889444828033,4.592467099428177,0.0753592241089791,False,,
capacity,08,19,3.9989990182220936,0.3282688558101654,0.00015995465219020844,3.999158972874284,0.07938086614012718,False,,
capacity,08,20,4.002234898507595,0.33248704858124256,0.00011990778148174286,4.002354806289077,0.08340542297810316,False,,
capacity,08,21,4.001143155619502,0.3324171993881464,0.00011990778148174286,4.001263063400984,0.08742868714034557,False,,
capacity,08,22,4.594281082972884,0.33276714384555817,0.00012083910405635834,4.5944019220769405,0.09204928809776902,False,,
capacity,08,23,3.9979370776563883,0.32595405355095863,0.00012991949915885925,3.998066997155547,0.0960695871617645,False,,
capacity,08,24,3.980474080890417,0.3261440433561802,0.00010104849934577942,3.980575129389763,0.10007237317040563,False,,
capacity,08,25,4.017353057861328,0.3283289261162281,0.00010104849934577942,4.017454106360674,0.10411205817945302,False,,
capacity,08,26,4.604160087183118,0.3271170426160097,9.988434612751007e-05,4.604259971529245,0.108742417069152,False,,
capacity,08,27,4.003267036750913,0.328670023009181,0.00010989606380462646,4.003376932814717,0.1127678151242435,False,,
capacity,08,28,3.995673032477498,0.3264159895479679,0.00012991949915885925,3.995802951976657,0.11678583011962473,False,,
capacity,08,29,4.009648924693465,0.3272967878729105,0.00011012889444828033,4.0097590535879135,0.12081771111115813,False,,
capacity,08,30,4.607476061210036,0.32708607614040375,0.00011990778148174286,4.607595968991518,0.12544750911183655,False,,
capacity,08,31,4.003457026556134,0.3341292031109333,0.00011082738637924194,4.0035678539425135,0.129473228007555,False,,
capacity,08,32,4.005650989711285,0.33348891884088516,0.00012014061212539673,4.00577113032341,0.1335013711359352,False,,
capacity,08,33,4.005701979622245,0.3328879829496145,9.988434612751007e-05,4.005801863968372,0.13752938504330814,False,,
capacity,08,34,4.602025030180812,0.3339999821037054,0.00010989606380462646,4.6021349262446165,0.1421537920832634,False,,
capacity,08,35,4.0583310183137655,0.32671610824763775,0.00011990778148174286,4.058450926095247,0.14623468602076173,True,0.0158007217936955,False
capacity,08,36,4.05895197764039,0.32847910188138485,8.987262845039368e-05,4.059041850268841,0.15032580797560513,True,0.0186537642193663,False
capacity,08,37,4.044463858008385,0.32771797850728035,8.009374141693115e-05,4.044543951749802,0.15439686202444136,True,0.021506806645037107,False
capacity,08,38,4.632823867723346,0.3324768040329218,9.010545909404755e-05,4.63291397318244,0.1590560560580343,True,0.024359849070707915,False
capacity,08,39,4.043431952595711,0.32976106740534306,9.010545909404755e-05,4.043522058054805,0.16313666803762317,True,0.027212891496378722,False
capacity,08,40,4.04221098870039,0.32680598087608814,9.010545909404755e-05,4.042301094159484,0.16720534907653928,True,0.027212891496378722,False
capacity,08,41,4.038482904434204,0.32707699574530125,9.010545909404755e-05,4.038573009893298,0.1712705520913005,True,0.027212891496378722,False
capacity,08,42,4.633345175534487,0.3254641778767109,8.987262845039368e-05,4.633435048162937,0.1759342341683805,True,0.03006593392204953,False
capacity,08,43,4.022171953693032,0.32396987080574036,9.103678166866302e-05,4.022262990474701,0.17998282611370087,True,0.03291897634772034,False
capacity,08,44,4.031440010294318,0.3209351561963558,8.987262845039368e-05,4.031529882922769,0.18404062604531646,True,0.035772018773391145,False
capacity,08,45,4.037440987303853,0.31955214217305183,8.987262845039368e-05,4.037530859932303,0.18810467701405287,True,0.01907707090520899,False
capacity,08,46,4.657750017940998,0.3187709953635931,7.008202373981476e-05,4.657820099964738,0.19279303518123925,True,0.02138405514562755,False
capacity,08,47,4.027481889352202,0.32054493203759193,0.00010011717677116394,4.027582006528974,0.19684753799811006,True,0.013270229076009764,False
capacity,08,48,4.039674997329712,0.3204240929335356,0.00010989606380462646,4.0397848933935165,0.20091389399021864,True,0.031163168629330114,False
capacity,08,49,4.03620908036828,0.3225691616535187,7.986091077327728e-05,4.036288941279054,0.2049814520869404,True,0.03739637688328259,False
capacity,08,50,4.616613034158945,0.32074516639113426,6.984919309616089e-05,4.616682883352041,0.20962462504394352,True,0.01465950482342718,False
capacity,08,51,4.0331329219043255,0.32734707929193974,9.988434612751007e-05,4.033232806250453,0.21368463896214962,True,0.00010564068434033428,False
capacity,08,52,4.032562021166086,0.328688882291317,0.00011012889444828033,4.0326721500605345,0.2177440021187067,True,0.0,False
capacity,08,53,4.022493027150631,0.3241610247641802,0.00010011717677116394,4.022593144327402,0.22179270419292152,True,9.968909649019393e-05,False
capacity,08,54,4.632794065400958,0.3236411139369011,7.986091077327728e-05,4.632873926311731,0.22645592503249645,True,0.00210611815047563,False
capacity,08,55,4.04318212531507,0.3299820236861706,8.987262845039368e-05,4.0432719979435205,0.2305255471728742,True,0.0,False
capacity,08,56,4.045025911182165,0.3313547931611538,0.00011012889444828033,4.045136040076613,0.234601000091061,True,0.0,False
capacity,08,57,4.026761977002025,0.33092405647039413,9.988434612751007e-05,4.026861861348152,0.2386540910229087,True,0.0,False
capacity,08,58,4.631791030988097,0.3310439642518759,9.988434612751007e-05,4.631890915334225,0.2433167400304228,True,0.0,False
capacity,08,59,4.022303037345409,0.3266860730946064,7.986091077327728e-05,4.022382898256183,0.24736561300233006,True,0.0,False
capacity,08,60,4.0386030450463295,0.32478198409080505,8.987262845039368e-05,4.03869291767478,0.2514306460507214,True,0.0,False
capacity,08,61,4.050476010888815,0.3341301344335079,9.988434612751007e-05,4.050575895234942,0.255508003057912,True,0.0,False
capacity,08,62,4.362073028460145,0.33635389991104603,8.009374141693115e-05,4.362153122201562,0.2598967761732638,True,0.0,False
capacity,08,63,4.02879505418241,0.32744696363806725,9.010545909404755e-05,4.028885159641504,0.26395241217687726,True,0.0,False
capacity,08,64,4.040787927806377,0.3271568566560745,8.009374141693115e-05,4.040868021547794,0.2680195290595293,True,0.0,False
capacity,08,65,4.039283841848373,0.3272769972681999,0.00010104849934577942,4.039384890347719,0.2720851229969412,True,0.0,False
capacity,08,66,4.645687993615866,0.32847910188138485,9.988434612751007e-05,4.645787877961993,0.27676197001710534,True,0.0,False
capacity,08,67,4.028534051030874,0.3293808549642563,9.010545909404755e-05,4.028624156489968,0.28081812616437674,True,0.0,False
capacity,08,68,4.039034014567733,0.3288199659436941,9.010545909404755e-05,4.039124120026827,0.28489064308814704,True,0.0,False
capacity,08,69,4.0311990305781364,0.32919016666710377,9.080395102500916e-05,4.0312898345291615,0.28894843300804496,True,0.0,False
capacity,08,70,4.629197064787149,0.3290199674665928,0.00010011717677116394,4.629297181963921,0.2936041201464832,True,0.0,False
capacity,08,71,4.036278929561377,0.3359029069542885,0.00010011717677116394,4.036379046738148,0.2976685920730233,True,0.0,False
capacity,08,72,4.052440170198679,0.3367150202393532,8.987262845039368e-05,4.052530042827129,0.3017476121895015,True,0.0,False
capacity,08,73,4.045746987685561,0.32904092222452164,0.00010011717677116394,4.045847104862332,0.30581972817890346,True,0.0,False
capacity,08,74,4.588349023833871,0.33078319393098354,8.987262845039368e-05,4.588438896462321,0.3104347779881209,True,0.00039429269507313856,False
capacity,08,75,4.037311067804694,0.3346409648656845,9.010545909404755e-05,4.037401173263788,0.3144988801795989,True,0.0,False
capacity,08,76,4.038031911477447,0.3374260850250721,9.010545909404755e-05,4.038122016936541,0.31856881198473275,True,0.0,False
capacity,08,77,4.053632030263543,0.3361138515174389,0.00010011717677116394,4.053732147440314,0.3226488141808659,True,0.0032473351207439436,False
capacity,08,78,4.259038949385285,0.3376258537173271,0.00010011717677116394,4.2591390665620565,0.326939192134887,True,0.0,False
capacity,08,79,4.052980104461312,0.3298420924693346,9.988434612751007e-05,4.05307998880744,0.33101869211532176,True,0.0,False
capacity,08,80,4.0287848096340895,0.3290299791842699,9.103678166866302e-05,4.028875846415758,0.335073766997084,True,0.018222314781080558,False
capacity,08,81,4.037901991978288,0.32851891592144966,0.00010011717677116394,4.038002109155059,0.33913857908919454,True,0.04674400912827685,False
capacity,08,82,4.638924961909652,0.32723695039749146,0.00010011717677116394,4.639025079086423,0.34380850312300026,True,0.07731108486127196,False
capacity,08,83,4.064663080498576,0.3272371832281351,9.988434612751007e-05,4.064762964844704,0.3479005170520395,True,0.1105855148534583,False
capacity,08,84,4.032691940665245,0.3257039934396744,9.988434612751007e-05,4.032791825011373,0.35195963899604976,True,0.18218189886528438,False
capacity,08,85,4.031660966575146,0.32654590904712677,0.00011012889444828033,4.031771095469594,0.3560174291487783,True,0.17453798712967086,False
capacity,08,86,4.193185130134225,0.330192968249321,8.987262845039368e-05,4.193275002762675,0.3602422531694174,True,0.11971630733673794,False
capacity,08,87,4.04578703455627,0.32627489417791367,0.00011990778148174286,4.045906942337751,0.3643146001268178,True,0.14300695644716696,False
capacity,08,88,4.016131162643433,0.32549304887652397,0.00010081566870212555,4.016231978312135,0.3683622111566365,True,0.15329202515463247,False
capacity,08,89,4.023534944280982,0.32495311461389065,9.988434612751007e-05,4.0236348286271095,0.37241221498697996,True,0.10836564813224507,False
capacity,08,90,4.615511046722531,0.3306239377707243,0.00010011717677116394,4.6156111638993025,0.3770542861893773,True,0.05954120749377476,False
capacity,08,91,4.024316091090441,0.32296800054609776,9.103678166866302e-05,4.024407127872109,0.3811052131932229,True,0.0,False
capacity,08,92,4.033284028992057,0.3234199248254299,7.986091077327728e-05,4.03336388990283,0.3851647360716015,True,0.0,False
capacity,08,93,4.045155132189393,0.3228380810469389,8.102506399154663e-05,4.045236157253385,0.3892362511251122,True,0.0,False
capacity,08,94,4.189158091321588,0.3321471158415079,6.984919309616089e-05,4.189227940514684,0.3934525800868869,True,0.00096490118020729,False
capacity,08,95,4.03432478196919,0.3308439627289772,7.008202373981476e-05,4.0343948639929295,0.3975174119696021,True,0.0,False
capacity,08,96,4.041840089485049,0.3313249908387661,7.986091077327728e-05,4.0419199503958225,0.4015899400692433,True,0.0,False
capacity,08,97,4.035779042169452,0.33566285856068134,9.010545909404755e-05,4.035869147628546,0.40565619617700577,True,0.0,False
capacity,08,98,4.632472991943359,0.331284012645483,9.010545909404755e-05,4.632563097402453,0.4103148281574249,True,0.0,False
capacity,08,99,4.0357280522584915,0.32680598087608814,9.010545909404755e-05,4.035818157717586,0.4143773661926389,True,0.0,False
capacity,08,100,4.028163850307465,0.33070286735892296,9.010545909404755e-05,4.028253955766559,0.4184319300111383,True,0.0009448145712130091,False
capacity,08,101,4.033704986795783,0.33283792436122894,0.00010011717677116394,4.033805103972554,0.4224920740816742,True,0.0,False
capacity,08,102,4.2314978782087564,0.34208502620458603,0.00010011717677116394,4.231597995385528,0.42675046203657985,True,0.0,False
capacity,08,103,4.0302579291164875,0.32766791991889477,0.00010011717677116394,4.030358046293259,0.430811878060922,True,0.004939073967152138,False
capacity,08,104,4.013485973700881,0.3282190300524235,7.986091077327728e-05,4.013565834611654,0.43485193396918476,True,0.0,False
capacity,08,105,4.027592949569225,0.3267868887633085,8.009374141693115e-05,4.027673043310642,0.43890583608299494,True,0.0,False
capacity,08,106,4.660314880311489,0.3285389393568039,0.00010011717677116394,4.66041499748826,0.44359737006016076,True,0.0,False
capacity,08,107,4.043492954224348,0.3316560760140419,7.986091077327728e-05,4.043572815135121,0.44767219200730324,True,0.0,False
capacity,08,108,4.05444297939539,0.33300695940852165,0.00010104849934577942,4.054544027894735,0.4517528750002384,True,0.0,False
capacity,08,109,4.025548929348588,0.3271570894867182,7.986091077327728e-05,4.025628790259361,0.45580889098346233,True,0.0,False
capacity,08,110,4.644394852221012,0.32743695192039013,0.00010104849934577942,4.644495900720358,0.46047965600155294,True,0.0,False
capacity,08,111,4.045496927574277,0.3316958900541067,9.010545909404755e-05,4.045587033033371,0.46455128211528063,True,0.003400588507885587,False
capacity,08,112,4.0418601129204035,0.3338900860399008,8.987262845039368e-05,4.041949985548854,0.468619461171329,True,0.0083828114869514,False
capacity,08,113,4.04384289868176,0.3321859985589981,8.009374141693115e-05,4.043922992423177,0.4726897240616381,True,0.01351828785315885,False
capacity,08,114,4.184058168902993,0.3334791399538517,5.9837475419044495e-05,4.184118006378412,0.4768999111838639,True,0.0186537642193663,False
capacity,08,115,4.035718040540814,0.3268560394644737,0.00010989606380462646,4.035827936604619,0.4809616080019623,True,0.012923129068142773,False
capacity,08,116,4.040186991915107,0.32722693867981434,9.988434612751007e-05,4.040286876261234,0.48503225203603506,True,0.0158007217936955,False
capacity,08,117,4.03019692748785,0.3267659340053797,9.010545909404755e-05,4.030287032946944,0.4890933569986373,True,0.019224372704500465,False
capacity,08,118,4.619488026946783,0.3292299807071686,8.987262845039368e-05,4.6195778995752335,0.49373957607895136,True,0.02264802361530543,False
capacity,08,119,4.029666073620319,0.3257640637457371,9.010545909404755e-05,4.029756179079413,0.497795662144199,True,0.0260716745261104,False
capacity,08,120,4.027040908113122,0.32241782173514366,0.00010011717677116394,4.027141025289893,0.5018493940588087,True,0.0027131801111920256,False
capacity,08,121,4.0460070595145226,0.32403087243437767,8.009374141693115e-05,4.0460871532559395,0.505921671167016,True,0.0015965134408056168,False
capacity,08,122,4.08300687558949,0.32648583874106407,0.00010011717677116394,4.083106992766261,0.5100348750129342,True,0.04946254409746659,False
capacity,08,123,4.022432956844568,0.32491283491253853,8.009374141693115e-05,4.022513050585985,0.5140838781371713,True,0.04639120322298144,False
capacity,08,124,4.050055053085089,0.32446114346385,7.986091077327728e-05,4.050134913995862,0.5181600630749017,True,0.027578096020152508,False
capacity,08,125,4.047089954838157,0.325953820720315,9.010545909404755e-05,4.047180060297251,0.5222334021236748,True,0.10990563427458913,False
capacity,08,126,4.615991842001677,0.32733683474361897,9.010545909404755e-05,4.616081947460771,0.5268800309859216,True,0.0006323562090795743,False
capacity,08,127,4.0491928812116385,0.32730703242123127,9.010545909404755e-05,4.0492829866707325,0.5309603030327708,True,0.017967933528923744,False
capacity,08,128,4.033965058624744,0.32745697535574436,8.987262845039368e-05,4.034054931253195,0.535020878072828,True,0.0,False
capacity,08,129,4.040597006678581,0.32772799022495747,6.984919309616089e-05,4.040666855871677,0.5390876040328294,True,0.016629447337521,False
capacity,08,130,4.64593805372715,0.3274169284850359,9.010545909404755e-05,4.646028159186244,0.5437600021250546,True,0.0,False
capacity,08,131,4.028374096378684,0.32799807377159595,8.987262845039368e-05,4.028463969007134,0.547815197147429,True,0.008268691682246563,False
capacity,08,132,4.04346315190196,0.32981205731630325,8.987262845039368e-05,4.043553024530411,0.5518851801753044,True,0.025464833716585016,False
capacity,08,133,4.032762022688985,0.32846909016370773,8.102506399154663e-05,4.032843047752976,0.555944292107597,True,0.031954004563572114,False
capacity,08,134,4.180209944024682,0.3302120603621006,7.986091077327728e-05,4.180289804935455,0.5601553099695593,True,0.02668584842120656,False
capacity,08,135,4.046288086101413,0.3292111214250326,7.986091077327728e-05,4.046367947012186,0.5642277770675719,True,0.05166893424900482,False
capacity,08,136,4.029776202514768,0.32975105568766594,8.987262845039368e-05,4.029866075143218,0.568295355187729,True,0.018785871803006792,False
capacity,08,137,4.049123032018542,0.3308339510113001,7.986091077327728e-05,4.049202892929316,0.5723707780707628,True,0.07682650541221751,False
capacity,08,138,4.611914046108723,0.3391900099813938,9.988434612751007e-05,4.61201393045485,0.5770092320162803,True,0.0589298777160695,False
capacity,08,139,4.040436819195747,0.333618838340044,0.00010011717677116394,4.0405369363725185,0.5810762289911509,True,0.04894177464672226,False
capacity,08,140,4.048401955515146,0.3318958915770054,8.009374141693115e-05,4.048482049256563,0.5851511510554701,True,0.07039248251625962,False
capacity,08,141,4.0442440658807755,0.33193593844771385,0.00010011717677116394,4.044344183057547,0.5892218551598489,True,0.05879172158938864,False
capacity,08,142,4.102224018424749,0.3333091735839844,8.987262845039368e-05,4.1023138910532,0.5933502779807895,True,0.07174265445710051,False
capacity,08,143,4.032942932099104,0.3334488719701767,9.010545909404755e-05,4.033033037558198,0.5974093000404537,True,0.1050841885130407,False
capacity,08,144,4.03212197124958,0.33878907561302185,8.987262845039368e-05,4.032211843878031,0.6014673099853098,True,0.07034399360726129,False
capacity,08,145,4.0446140337735415,0.3405311144888401,8.102506399154663e-05,4.044695058837533,0.6055383740458637,True,0.08415754665722555,False
capacity,08,146,4.61790501140058,0.34898798912763596,7.986091077327728e-05,4.617984872311354,0.6101894320454448,True,0.09923260846654083,False
capacity,08,147,4.0431818924844265,0.33417996019124985,9.103678166866302e-05,4.043272929266095,0.6142625610809773,True,0.08233604989446303,False
capacity,08,148,4.036699887365103,0.3335189539939165,0.00011012889444828033,4.036810016259551,0.618325900984928,True,0.04338545869808269,False
capacity,08,149,4.040237050503492,0.3346612211316824,9.988434612751007e-05,4.04033693484962,0.6223922870121896,True,0.05692663328697673,False
capacity,08,150,4.643143154680729,0.33965008333325386,7.986091077327728e-05,4.643223015591502,0.6270620501600206,True,0.06174070497309188,False
capacity,08,151,4.041939973831177,0.3334579523652792,8.987262845039368e-05,4.042029846459627,0.6311300590168685,True,0.05728447335696689,False
capacity,08,152,4.064262146130204,0.33417996019124985,9.988434612751007e-05,4.064362030476332,0.6352204901631922,True,0.04112187826451765,False
capacity,08,153,4.052368924021721,0.33438089303672314,9.010545909404755e-05,4.052459029480815,0.639299679081887,True,0.06454823021985895,False
capacity,08,154,4.188717110082507,0.3392300568521023,9.010545909404755e-05,4.188807215541601,0.6435148161835968,True,0.05622081866422707,False
capacity,08,155,4.043213091790676,0.34125405363738537,9.988434612751007e-05,4.043312976136804,0.6475844280794263,True,0.036359926437701834,False
capacity,08,156,4.036077996715903,0.3402708098292351,9.010545909404755e-05,4.036168102174997,0.6516539591830224,True,0.08875340077942251,False
capacity,08,157,4.051497904583812,0.34090294502675533,9.010545909404755e-05,4.051588010042906,0.6557318470440805,True,0.09580180982241707,False
capacity,08,158,4.647610941901803,0.3343198914080858,0.00010011717677116394,4.647711059078574,0.6604097750969231,True,0.06926569475958524,False
capacity,08,159,4.059934057295322,0.339781166985631,9.988434612751007e-05,4.06003394164145,0.6644962390419096,True,0.10616043265446391,False
capacity,08,160,4.030217882245779,0.3389189951121807,0.00011012889444828033,4.030328011140227,0.6685585570521653,True,0.07770727476174995,False
capacity,08,161,4.059572936967015,0.33790688030421734,8.009374141693115e-05,4.059653030708432,0.6726448100525886,True,0.08066163030094389,False
capacity,08,162,4.175841808319092,0.34362683072686195,9.010545909404755e-05,4.175931913778186,0.6768467819783837,True,0.08596916547990016,False
capacity,08,163,4.057388985529542,0.3337790258228779,8.009374141693115e-05,4.057469079270959,0.6809304801281542,True,0.11308101570722096,False
capacity,08,164,4.062738036736846,0.3360931295901537,8.079223334789276e-05,4.062818828970194,0.6850215420126915,True,0.08003927613638709,False
capacity,08,165,4.060284001752734,0.3414440434426069,9.010545909404755e-05,4.060374107211828,0.689109719125554,True,0.0984586189851784,False
capacity,08,166,4.676385084167123,0.3384081646800041,0.00010081566870212555,4.676485899835825,0.6938207300845534,True,0.1227282714616412,False
capacity,08,167,4.068489884957671,0.33700582571327686,0.00010011717677116394,4.068590002134442,0.6979194870218635,True,0.1480794601242392,False
capacity,08,168,4.052519798278809,0.3348707687109709,9.010545909404755e-05,4.052609903737903,0.7020001499913633,True,0.137186447774435,False
capacity,08,169,4.044905072078109,0.3332579508423805,8.009374141693115e-05,4.044985165819526,0.7060717851854861,True,0.12454200060608059,False
capacity,08,170,4.060124047100544,0.3353219944983721,8.009374141693115e-05,4.060204140841961,0.7101634391583502,True,0.10310992093993349,False
capacity,08,171,4.648322006687522,0.333928968757391,0.00010104849934577942,4.648423055186868,0.7148386621847749,True,0.09864041785036834,False
capacity,08,172,4.057369194924831,0.33521209843456745,9.988434612751007e-05,4.057469079270959,0.7189229321666062,True,0.10346294762952415,False
capacity,08,173,4.395937081426382,0.3331981133669615,9.103678166866302e-05,4.396028118208051,0.723345389124006,True,0.14219478913007602,False
capacity,08,174,4.095068899914622,0.3380770795047283,9.103678166866302e-05,4.095159936696291,0.7274684410076588,True,0.11291155812818282,False
capacity,08,175,4.049163078889251,0.3409530036151409,7.986091077327728e-05,4.049242939800024,0.7315492141060531,True,0.13088775675194197,False
capacity,08,176,4.040256841108203,0.33860886469483376,9.010545909404755e-05,4.040346946567297,0.7356208299752325,True,0.11971686885262472,False
capacity,08,177,4.042701097205281,0.3387590404599905,8.987262845039368e-05,4.042790969833732,0.7396895601414144,True,0.1235227919670239,False
capacity,08,178,4.376439843326807,0.34877797588706017,0.00010011717677116394,4.376539960503578,0.7440931110177189,True,0.1270033917652622,False
capacity,08,179,4.055163823068142,0.33547193743288517,0.00010011717677116394,4.055263940244913,0.7481755469925702,True,0.10390038542655436,False
capacity,08,180,4.065945046022534,0.3330269828438759,9.988434612751007e-05,4.066044930368662,0.7522681830450892,True,0.11128409973216391,False
capacity,08,181,4.050335148349404,0.33227610401809216,8.987262845039368e-05,4.050425020977855,0.7563493461348116,True,0.09263835189807984,False
capacity,08,182,4.63822390884161,0.3335790242999792,8.102506399154663e-05,4.6383049339056015,0.7610142310149968,True,0.09158439924925202,False
capacity,08,183,4.034616053104401,0.3332879859954119,9.010545909404755e-05,4.034706158563495,0.7650750761386007,True,0.11083763155373946,False
capacity,08,184,4.046849207952619,0.3336190711706877,8.987262845039368e-05,4.046939080581069,0.7691481441725045,True,0.11479929048286158,False
capacity,08,185,4.038834013044834,0.3335180226713419,9.103678166866302e-05,4.038925049826503,0.7732175660785288,True,0.08878742993402117,False
capacity,08,186,4.634076030924916,0.3354630898684263,9.010545909404755e-05,4.63416613638401,0.7778818081133068,True,0.06723435846292222,False
capacity,08,187,4.066095221787691,0.33323816023766994,9.988434612751007e-05,4.066195106133819,0.7819742031861097,True,0.08544726021932911,False
capacity,08,188,4.04578703455627,0.3338900860399008,9.988434612751007e-05,4.045886918902397,0.7860460390802473,True,0.07917336448134235,False
capacity,08,189,4.354347940534353,0.33347797580063343,0.00011012889444828033,4.3544580694288015,0.7904266971163452,True,0.09563980578183146,False
capacity,08,190,4.092935938388109,0.34033111296594143,9.988434612751007e-05,4.093035822734237,0.7945459829643369,True,0.0870222964860678,False
capacity,08,191,4.042109940201044,0.3406920004636049,0.00010104849934577942,4.04221098870039,0.7986145131289959,True,0.13102030438393222,False
capacity,08,192,4.031619988381863,0.3388389013707638,8.009374141693115e-05,4.03170008212328,0.802672142162919,True,0.11930568038456257,False
capacity,08,193,4.344800021499395,0.3403308801352978,8.009374141693115e-05,4.344880115240812,0.807048031128943,True,0.1042656567010864,False
capacity,08,194,4.085031105205417,0.3349010366946459,9.988434612751007e-05,4.085130989551544,0.8111600030679256,True,0.15948796950007477,False
capacity,08,195,4.057639045640826,0.3345911391079426,0.00010989606380462646,4.057748941704631,0.8152484700549394,True,0.2132060350390167,False
capacity,08,196,4.057178040966392,0.33425004221498966,9.988434612751007e-05,4.057277925312519,0.819336106069386,True,0.1767881905064148,False
capacity,08,197,4.425121936947107,0.33518183045089245,9.010545909404755e-05,4.425212042406201,0.8237872971221805,True,0.14770485235368935,False
capacity,08,198,4.090250004082918,0.334911048412323,8.009374141693115e-05,4.090330097824335,0.8279042181093246,True,0.1842469794234461,False
capacity,08,199,4.0464880876243114,0.33537205308675766,9.103678166866302e-05,4.04657912440598,0.831977988127619,True,0.16173201927654718,False
capacity,08,200,4.052279982715845,0.33380999229848385,9.988434612751007e-05,4.052379867061973,0.8360570180229843,True,0.18039039433885204,False
capacity,08,201,4.351903917267919,0.3356530796736479,8.987262845039368e-05,4.351993789896369,0.8404353209771216,True,0.15563674142139255,False
capacity,08,202,4.11002803593874,0.3399709239602089,8.009374141693115e-05,4.110108129680157,0.844571489142254,True,0.13920841139153345,False
capacity,08,203,4.045546054840088,0.3396000247448683,9.103678166866302e-05,4.0456370916217566,0.8486433851066977,True,0.13960207479739828,False
capacity,08,204,4.040397005155683,0.3380170091986656,9.103678166866302e-05,4.040488041937351,0.8527102621737868,True,0.18751704888934884,False
capacity,08,205,4.36042994260788,0.33504096791148186,0.00010104849934577942,4.360530991107225,0.8571073410566896,True,0.16247901548662622,False
capacity,08,206,4.085802007466555,0.33318810164928436,8.102506399154663e-05,4.085883032530546,0.8612221980001777,True,0.14880686499841203,False
capacity,08,207,4.031450022011995,0.3327971789985895,9.988434612751007e-05,4.031549906358123,0.8652800479903817,True,0.15643080275483995,False
capacity,08,208,4.05659805983305,0.33353897742927074,0.00011012889444828033,4.056708188727498,0.8693631251808256,True,0.1378216356182682,False
capacity,08,209,4.363215994089842,0.3423860762268305,0.00010011717677116394,4.363316111266613,0.8737531111110002,True,0.10255462901284268,False
capacity,08,210,4.073478979989886,0.33499207347631454,7.986091077327728e-05,4.07355884090066,0.8778539909981191,True,0.15315392223856356,False
capacity,08,211,4.023935878649354,0.33409008756279945,0.00011012889444828033,4.024046007543802,0.8819044369738549,True,0.16449355582410397,False
capacity,08,212,4.051858093589544,0.33318810164928436,8.987262845039368e-05,4.051947966217995,0.8859827751293778,True,0.12856419370200659,False
capacity,08,213,4.372512921690941,0.33354898914694786,9.010545909404755e-05,4.372603027150035,0.8903812770731747,True,0.12614114339942262,False
capacity,08,214,4.104057094082236,0.33873901702463627,9.988434612751007e-05,4.104156978428364,0.8945163930766284,True,0.13516524944389538,False
capacity,08,215,4.043082008138299,0.3385990858078003,9.010545909404755e-05,4.043172113597393,0.898585403105244,True,0.13459893739035733,False
capacity,08,216,4.050045041367412,0.3382170107215643,0.00010081566870212555,4.050145857036114,0.9026685010176152,True,0.12108206354493081,False
capacity,08,217,4.383262945339084,0.34149293787777424,0.00010011717677116394,4.383363062515855,0.9070782940834761,True,0.13020098859404328,False
capacity,08,218,4.089578986167908,0.3334381617605686,9.080395102500916e-05,4.089669790118933,0.9111948739737272,True,0.1326883229675694,False
capacity,08,219,4.056728212162852,0.3333690110594034,9.988434612751007e-05,4.05682809650898,0.9152775711845607,True,0.10938389320657613,False
capacity,08,220,4.048011032864451,0.3330269828438759,0.00010011717677116394,4.048111150041223,0.9193521721754223,True,0.12389472123461778,False
capacity,08,221,4.368876107037067,0.33290800638496876,8.987262845039368e-05,4.368965979665518,0.9237475781701505,True,0.12170584861903738,False
capacity,08,222,4.101781873032451,0.33470080234110355,7.008202373981476e-05,4.1018519550561905,0.9278753290418535,True,0.09751215587667762,False
capacity,08,223,4.047170048579574,0.3350721672177315,7.986091077327728e-05,4.047249909490347,0.9319488790351897,True,0.12048980827704828,False
capacity,08,224,4.036328988149762,0.33343909308314323,0.00010011717677116394,4.036429105326533,0.9360156750772148,True,0.13048024165936226,False
capacity,08,225,4.3665519915521145,0.33425004221498966,8.987262845039368e-05,4.366641864180565,0.9404092780314386,True,0.13712568402166347,False
capacity,08,226,4.099979065358639,0.34232507459819317,0.00011106021702289581,4.100090125575662,0.9445457661058754,True,0.18680250082936442,False
capacity,08,227,4.069281974807382,0.34599308855831623,0.00010989606380462646,4.069391870871186,0.9486418580636382,True,0.14021154901285462,False
capacity,08,228,4.0328719187527895,0.3381678834557533,9.010545909404755e-05,4.0329620242118835,0.9527052170597017,True,0.13496658105322176,False
capacity,08,229,4.384865984320641,0.33636391162872314,9.010545909404755e-05,4.384956089779735,0.9571227950509638,True,0.11909813466980648,False
capacity,08,230,4.0946591179817915,0.33677415922284126,8.102506399154663e-05,4.094740143045783,0.9612441151402891,True,0.11410127261254802,False
capacity,08,231,4.053160082548857,0.3348509781062603,7.101334631443024e-05,4.053231095895171,0.9653236651793122,True,0.13444373727622558,False
capacity,08,232,4.038132028654218,0.3346509765833616,9.103678166866302e-05,4.038223065435886,0.9693879371043295,True,0.1402886898979852,False
capacity,08,233,4.364928929135203,0.34054298885166645,8.009374141693115e-05,4.36500902287662,0.9737795360852033,True,0.09902428558828007,False
capacity,08,234,4.08896803855896,0.33552292734384537,8.009374141693115e-05,4.089048132300377,0.9778993921354413,True,0.11846348252656447,False
capacity,08,235,4.028463969007134,0.33537205308675766,0.00010104849934577942,4.02856501750648,0.9819544970523566,True,0.1062149180950955,False
capacity,08,236,4.043092019855976,0.3345909062772989,0.00010011717677116394,4.043192137032747,0.9860278961714357,True,0.13440141692952198,False
capacity,08,237,4.362795036286116,0.3367250319570303,8.987262845039368e-05,4.362884908914566,0.9904171710368246,True,0.12236078085608854,False
capacity,08,238,4.095721058547497,0.33970107324421406,8.009374141693115e-05,4.095801152288914,0.9945388501510024,True,0.1472756796514946,False
capacity,08,239,4.052319098263979,0.3400810528546572,0.00010081566870212555,4.052419913932681,0.9986215170938522,True,0.12447702777723549,False
capacity,08,240,4.043983994051814,0.3387490287423134,9.010545909404755e-05,4.044074099510908,1.0026917001232505,True,0.1220243608848246,False
capacity,08,241,4.361142171546817,0.3407730255275965,0.00010989606380462646,4.3612520676106215,1.007079111179337,True,0.11283449377170812,False
capacity,08,242,4.093647003173828,0.33403001725673676,9.010545909404755e-05,4.093737108632922,1.0111995281185955,True,0.09479041423018028,False
capacity,08,243,4.059332888573408,0.334370881319046,0.00010011717677116394,4.059433005750179,1.0152852609753609,True,0.07245047511928698,False
capacity,08,244,4.707134095951915,0.3329180181026459,9.010545909404755e-05,4.707224201411009,1.0200235731899738,True,0.04147810362473276,False
capacity,08,245,4.649856127798557,0.3328481689095497,7.986091077327728e-05,4.649935988709331,1.0247000691015273,True,0.0664399144861954,False
capacity,08,246,4.049744922667742,0.3323368728160858,9.010545909404755e-05,4.049835028126836,1.0287870140746236,True,0.04147810362473276,False
capacity,08,247,4.035918042063713,0.32954104244709015,9.080395102500916e-05,4.036008846014738,1.0328494620043784,True,0.04147810362473276,False
capacity,08,248,4.04311204329133,0.33120508305728436,9.010545909404755e-05,4.043202148750424,1.0369188031181693,True,0.0975419759552027,False
capacity,08,249,4.361191997304559,0.3331878688186407,8.009374141693115e-05,4.361272091045976,1.0413064351305366,True,0.12211522917701144,False
capacity,08,250,4.082586150616407,0.32986211590468884,8.987262845039368e-05,4.082676023244858,1.0454157011117786,True,0.06202000908956259,False
capacity,08,251,4.034416051581502,0.333789037540555,5.9837475419044495e-05,4.034475889056921,1.04949144506827,True,0.06087879211929427,False
capacity,08,252,4.026189912110567,0.33411988988518715,0.00010011717677116394,4.026290029287338,1.053543834015727,True,0.05973757514902594,False
capacity,08,253,4.635117948055267,0.3345608711242676,0.00010011717677116394,4.6352180652320385,1.0582092490512878,True,0.05859635817875762,False
capacity,08,254,4.048231989145279,0.3300928510725498,0.00010011717677116394,4.04833210632205,1.062283730134368,True,0.0574551412084893,False
capacity,08,255,4.051537020131946,0.3307531587779522,7.986091077327728e-05,4.051616881042719,1.0663616070523858,True,0.09145496467606223,False
capacity,08,256,4.009237978607416,0.3352819476276636,9.010545909404755e-05,4.00932808406651,1.0704013530630618,True,0.1191567858790451,False
capacity,08,257,4.627023125067353,0.3401010762900114,7.986091077327728e-05,4.6271029859781265,1.0750549361109734,True,0.08565917667256912,False
capacity,08,258,4.050154937431216,0.3289198502898216,9.010545909404755e-05,4.05024504289031,1.0791317611001432,True,0.033342283033563014,False
capacity,08,259,4.034826066344976,0.3257340285927057,9.010545909404755e-05,4.0349161718040705,1.0831928371917456,True,0.03165500787804245,False
capacity,08,260,4.0414289105683565,0.3228290006518364,9.010545909404755e-05,4.041519016027451,1.0872607859782875,True,0.041668959635321856,False
capacity,08,261,4.625440109521151,0.32393098808825016,8.987262845039368e-05,4.625529982149601,1.0919131161645055,True,0.1905200463948529,False
capacity,08,262,4.042171174660325,0.3252641763538122,0.00010989606380462646,4.04228107072413,1.0959814961533993,True,0.23247557088268087,False
capacity,08,263,4.040837986394763,0.32307906076312065,8.009374141693115e-05,4.04091808013618,1.1000550950411707,True,0.30401426964587575,False
capacity,08,264,4.013226134702563,0.32259803265333176,7.008202373981476e-05,4.013296216726303,1.1040945001877844,True,0.19873625487823204,False
capacity,08,265,4.62610088288784,0.32097590155899525,9.010545909404755e-05,4.626190988346934,1.1087469100020826,True,0.1871534122950386,False
capacity,08,266,4.0274320635944605,0.32394006848335266,8.987262845039368e-05,4.027521936222911,1.1128043390344828,True,0.13322476154883853,False
capacity,08,267,4.018406150862575,0.32308907248079777,8.987262845039368e-05,4.018496023491025,1.1168493351433426,True,0.19935151112109104,False
capacity,08,268,4.034806042909622,0.32383017241954803,7.986091077327728e-05,4.0348859038203955,1.120910651050508,True,0.14117506080142037,False
capacity,08,269,4.621771862730384,0.3232888411730528,8.102506399154663e-05,4.621852887794375,1.125558733008802,True,0.11144123512665378,False
capacity,08,270,4.029245814308524,0.32759783789515495,9.010545909404755e-05,4.029335919767618,1.1296143389772624,True,0.09628575761025925,False
capacity,08,271,4.035577876493335,0.32861996442079544,8.009374141693115e-05,4.035657970234752,1.133675544988364,True,0.11061603214474902,False
capacity,08,272,4.039374878630042,0.33234688453376293,9.010545909404755e-05,4.039464984089136,1.1377413889858872,True,0.11191428190556385,False
capacity,08,273,4.625920904800296,0.32174703665077686,8.009374141693115e-05,4.626000998541713,1.142400142038241,True,0.11792499559596718,False
capacity,08,274,4.034474957734346,0.32680598087608814,9.010545909404755e-05,4.03456506319344,1.146461598109454,True,0.11386844113354949,False
capacity,08,275,4.019106971099973,0.32530282624065876,0.00010011717677116394,4.019207088276744,1.1505074361339211,True,0.16316261466183285,False
capacity,08,276,4.030848853290081,0.3245919942855835,0.00010011717677116394,4.030948970466852,1.154568932019174,True,0.05181028267642169,False
capacity,08,277,4.613938042894006,0.3262551035732031,7.986091077327728e-05,4.614017903804779,1.1592090690974146,True,0.07914733049050236,False
capacity,08,278,4.036429803818464,0.32097497023642063,9.010545909404755e-05,4.036519909277558,1.1632719889748842,True,0.07461577274729295,False
capacity,08,279,4.038212122395635,0.323339132592082,8.079223334789276e-05,4.0382929146289825,1.1673361700959504,True,0.06020266024535852,False
capacity,08,280,4.04566596262157,0.3228280693292618,9.103678166866302e-05,4.045756999403238,1.171408036025241,True,0.0,False
capacity,08,281,4.63132094591856,0.3286499995738268,9.988434612751007e-05,4.6314208302646875,1.1760653660167009,True,0.04289109741916521,False
capacity,08,282,4.043662920594215,0.3272169269621372,8.009374141693115e-05,4.043743014335632,1.1801356989890337,True,0.07741485771865,False
capacity,08,283,4.0418088901788,0.3267859574407339,0.00010011717677116394,4.041909007355571,1.18420858704485,True,0.09857671470087241,False
capacity,08,284,4.0338539984077215,0.3261340316385031,0.00010104849934577942,4.033955046907067,1.1882691320497543,True,0.13773482081469546,False
capacity,08,285,4.6546850353479385,0.3259850200265646,8.987262845039368e-05,4.654774907976389,1.1929539740085602,True,0.0619648700256058,False
capacity,08,286,4.043682012706995,0.32776687294244766,9.103678166866302e-05,4.043773049488664,1.1970282641705126,True,0.04658146226318026,False
capacity,08,287,4.05121804215014,0.33045304007828236,9.010545909404755e-05,4.051308147609234,1.2011060221120715,True,0.0,False
capacity,08,288,4.046338144689798,0.3275570925325155,7.986091077327728e-05,4.046418005600572,1.2051788901444525,True,0.0,False
capacity,08,289,4.57281107082963,0.33024302683770657,8.009374141693115e-05,4.572891164571047,1.20977802015841,True,0.0,False
capacity,08,290,4.038253100588918,0.32898993231356144,0.00010011717677116394,4.038353217765689,1.2138425721786916,True,0.0003742060860788497,False
capacity,08,291,4.037982085719705,0.32899994403123856,9.988434612751007e-05,4.038081970065832,1.2179070641286671,True,0.018295935348040505,False
capacity,08,292,4.0451958775520325,0.32878993079066277,9.010545909404755e-05,4.0452859830111265,1.2219831480178982,True,0.0,False
capacity,08,293,4.627373069524765,0.3278378862887621,8.009374141693115e-05,4.627453163266182,1.2266368011478335,True,0.0,False
capacity,08,294,4.044354893267155,0.3327978774905205,0.00010011717677116394,4.044455010443926,1.230707325041294,True,0.022515113204210666,False
capacity,08,295,4.033554112538695,0.327548012137413,6.984919309616089e-05,4.0336239617317915,1.2347725781146437,True,0.017295170115051727,False
capacity,08,296,4.0278329979628325,0.3285899292677641,0.00010011717677116394,4.027933115139604,1.238830618094653,True,0.05529126511793942,False
capacity,08,297,4.560968838632107,0.3321769181638956,0.00010011717677116394,4.561068955808878,1.2434224949683994,True,0.08290540613501307,False
capacity,08,298,4.035457037389278,0.33452105708420277,9.988434612751007e-05,4.035556921735406,1.2474845820106566,True,0.06327389268449339,False
capacity,08,299,4.040868021547794,0.3351119812577963,8.987262845039368e-05,4.040957894176245,1.2515518800355494,True,0.07702027487850946,False
capacity,08,300,4.031740128993988,0.33270707353949547,6.984919309616089e-05,4.031809978187084,1.255610030144453,True,0.013275400101364299,False
capacity,08,301,4.621061962097883,0.335893128067255,9.988434612751007e-05,4.621161846444011,1.260257621994242,True,0.006153941837066206,False
capacity,08,302,4.070814000442624,0.32552285119891167,0.00011106021702289581,4.070925060659647,1.2643596951384097,True,0.0,False
capacity,08,303,4.023896064609289,0.32560410909354687,9.988434612751007e-05,4.023995948955417,1.2684099001344293,True,0.0,False
capacity,08,304,4.036038881167769,0.3304628189653158,0.00010011717677116394,4.036138998344541,1.2724721380509436,True,0.0,False
capacity,08,305,4.552501952275634,0.3322460688650608,9.010545909404755e-05,4.552592057734728,1.2770513100549579,True,0.06337873694305382,False
capacity,08,306,4.041538806632161,0.32771797850728035,8.009374141693115e-05,4.041618900373578,1.281126111978665,True,0.11481839133903161,False
capacity,08,307,4.050876013934612,0.32732682302594185,8.102506399154663e-05,4.050957038998604,1.2852038191631436,True,0.10083874871147747,False
capacity,08,308,4.078567959368229,0.32863905653357506,8.009374141693115e-05,4.078648053109646,1.2893129950389266,True,0.0862057809486457,False
capacity,08,309,4.103616112843156,0.32659596763551235,0.00010989606380462646,4.1037260089069605,1.2934434721246362,True,0.1176416099832305,False
capacity,08,310,4.03909501619637,0.3329180181026459,7.986091077327728e-05,4.039174877107143,1.2975092669948936,True,0.08723463219834374,False
capacity,08,311,4.03394503518939,0.3319559618830681,0.00010011717677116394,4.034045152366161,1.3015694811474532,True,0.050456720339809885,False
capacity,08,312,4.034294979646802,0.33129402436316013,9.080395102500916e-05,4.034385783597827,1.3056343239732087,True,0.0915861281005365,False
capacity,08,313,4.633014090359211,0.3372959326952696,9.988434612751007e-05,4.6331139747053385,1.3102937671355903,True,0.11259576958620658,False
capacity,08,314,4.054062068462372,0.3306330181658268,9.080395102500916e-05,4.054152872413397,1.3143761430401355,True,0.1348765520461019,False
capacity,08,315,4.055544966831803,0.33215596340596676,9.988434612751007e-05,4.055644851177931,1.3184590099845082,True,0.0967468380100416,False
capacity,08,316,4.034696146845818,0.331684947013855,8.987262845039368e-05,4.034786019474268,1.3225248851813376,True,0.06188246136203826,False
capacity,08,317,4.232208942994475,0.3351219929754734,0.00010011717677116394,4.2323090601712465,1.326784365111962,True,0.0,False
capacity,08,318,4.0313799399882555,0.3294919151812792,7.008202373981476e-05,4.031450022011995,1.330843246076256,True,0.0,False
capacity,08,319,4.036529920995235,0.32876990735530853,0.00010011717677116394,4.036630038172007,1.3349062961060554,True,0.018063069125237852,False
capacity,08,320,4.032292170450091,0.3274669870734215,8.987262845039368e-05,4.032382043078542,1.3389736241661012,True,0.01181092608864399,False
capacity,08,321,4.658091114833951,0.32800808548927307,9.988434612751007e-05,4.6581909991800785,1.343657914083451,True,0.006153941837066206,False
capacity,08,322,4.0628688875585794,0.33396994695067406,0.00010011717677116394,4.062969004735351,1.3477532640099525,True,0.020769607679925875,False
capacity,08,323,4.023524932563305,0.3271559253334999,8.009374141693115e-05,4.023605026304722,1.3518035600427538,True,0.048459309763388914,False
capacity,08,324,4.018926061689854,0.32830890268087387,8.987262845039368e-05,4.019015934318304,1.3558491261210293,True,0.057625668661671195,False
capacity,08,325,4.321587039157748,0.3322360571473837,0.00010989606380462646,4.321696935221553,1.360197524074465,True,0.045559667250588014,False
capacity,08,326,4.04100795276463,0.3284390550106764,8.987262845039368e-05,4.041097825393081,1.3642694000154734,True,0.05708108942637526,False
capacity,08,327,4.036259138956666,0.32676616683602333,9.988434612751007e-05,4.0363590233027935,1.3683322691358626,True,0.0521312575880093,False
capacity,08,328,4.040176048874855,0.327597139403224,7.986091077327728e-05,4.040255909785628,1.3723994460888207,True,0.03903099426505258,False
capacity,08,329,4.630479030311108,0.3339399117976427,9.010545909404755e-05,4.630569135770202,1.3770564151927829,True,0.017055405836168665,False
capacity,08,330,4.029345931485295,0.32689585350453854,9.010545909404755e-05,4.029436036944389,1.3811126321088523,True,0.031636487170311395,False
capacity,08,331,4.048572154715657,0.32799807377159595,7.986091077327728e-05,4.0486520156264305,1.3851941861212254,True,0.02231384283923701,False
capacity,08,332,4.050876945257187,0.3276779316365719,0.00010011717677116394,4.050977062433958,1.3892716630361974,True,0.05369112745207093,False
capacity,08,333,4.088517045602202,0.32996200025081635,0.00010011717677116394,4.088617162778974,1.393386690178886,True,0.05636348381445638,False
capacity,08,334,4.0151989087462425,0.33466098830103874,0.00010011717677116394,4.015299025923014,1.397428129101172,True,0.03575373275399131,False
capacity,08,335,4.036288941279054,0.3355620428919792,0.00010989606380462646,4.036398837342858,1.4014907779637724,True,0.041605443523892276,False
capacity,08,336,4.050235031172633,0.3328269813209772,8.987262845039368e-05,4.050324903801084,1.4055717610754073,True,0.0537187243463927,False
capacity,08,337,4.659493919461966,0.33413898199796677,7.101334631443024e-05,4.65956493280828,1.4102575050201267,True,0.061630562165665044,False
capacity,08,338,4.038352984935045,0.32856990583240986,9.010545909404755e-05,4.038443090394139,1.4143221471458673,True,0.0778461417915786,False
capacity,08,339,4.034545971080661,0.32954104244709015,0.00010011717677116394,4.034646088257432,1.4183830730617046,True,0.04989986566738111,False
capacity,08,340,4.0457770228385925,0.33481093123555183,7.986091077327728e-05,4.045856883749366,1.4224554600659758,True,0.08339313439420502,False
capacity,08,341,4.654965130612254,0.33555319532752037,9.988434612751007e-05,4.655065014958382,1.4271409620996565,True,0.06392696614786034,False
capacity,08,342,4.058029968291521,0.3271761815994978,9.080395102500916e-05,4.058120772242546,1.431229840964079,True,0.07468311203975547,False
capacity,08,343,4.0276930667459965,0.3287701401859522,9.988434612751007e-05,4.027792951092124,1.4352842040825635,True,0.08404276301908818,False
capacity,08,344,4.026070004329085,0.3272669855505228,0.00011012889444828033,4.026180133223534,1.4393365131691098,True,0.06970704338257466,False
capacity,08,345,4.645257024094462,0.353566138073802,7.986091077327728e-05,4.645336885005236,1.4440082400105894,True,0.0777085843539985,False
capacity,08,346,4.037562059238553,0.3284390550106764,9.988434612751007e-05,4.037661943584681,1.44807672011666,True,0.07294989030071619,False
capacity,08,347,4.046599147841334,0.3282991237938404,9.988434612751007e-05,4.046699032187462,1.452149588149041,True,0.05636774849939784,False
capacity,08,348,4.034505924209952,0.3280078526586294,0.00010011717677116394,4.0346060413867235,1.4562102530617267,True,0.05051702958526601,False
capacity,08,349,4.100309917703271,0.33409008756279945,9.010545909404755e-05,4.100400023162365,1.460337223019451,True,0.04575091681071105,False
capacity,08,350,4.040225874632597,0.32739690504968166,0.00010011717677116394,4.040325991809368,1.4644035480450839,True,0.0501477920579286,False
capacity,08,351,4.031600197777152,0.33227703534066677,8.987262845039368e-05,4.0316900704056025,1.4684655151795596,True,0.10860881707972665,False
capacity,08,352,4.030407872051001,0.33427984453737736,9.010545909404755e-05,4.030497977510095,1.4725223230198026,True,0.12351385914825341,False
capacity,08,353,4.655285971239209,0.3342900890856981,9.103678166866302e-05,4.655377008020878,1.4772074960637838,True,0.11228299696961064,False
capacity,08,354,4.034094978123903,0.3263649996370077,9.988434612751007e-05,4.034194862470031,1.4812679500319064,True,0.13152681624942442,False
capacity,08,355,4.027762915939093,0.3250930458307266,0.00010011717677116394,4.027863033115864,1.485322023043409,True,0.11235424514823819,False
capacity,08,356,4.333969904109836,0.3239610232412815,0.00010011717677116394,4.334070021286607,1.489686741027981,True,0.14753446825789182,False
capacity,08,357,4.091584123671055,0.33458112739026546,9.988434612751007e-05,4.091684008017182,1.4938046641182154,True,0.10081035658014467,False
capacity,08,358,4.039244027808309,0.32670609652996063,9.010545909404755e-05,4.039334133267403,1.4978698471095413,True,0.16863181158320442,False
capacity,08,359,4.036218859255314,0.3259850200265646,9.010545909404755e-05,4.036308964714408,1.5019324959721416,True,0.20525796711712124,False
capacity,08,360,4.033423028886318,0.3246818669140339,6.100162863731384e-05,4.0334840305149555,1.5059920891653746,True,0.16947913686114674,False
capacity,08,361,4.200909985229373,0.32494310289621353,0.00010989606380462646,4.201019881293178,1.5102238070685416,True,0.1728007101124591,False
capacity,08,362,4.0315501391887665,0.32141595147550106,8.987262845039368e-05,4.031640011817217,1.5142817061860114,True,0.19053324149588513,False
capacity,08,363,4.029867006465793,0.31986297108232975,8.987262845039368e-05,4.029956879094243,1.5183378730434924,True,0.20443092193298804,False
capacity,08,364,4.013675963506103,0.31922198832035065,0.00010011717677116394,4.013776080682874,1.5223818661179394,True,0.17249184045731322,False
capacity,08,365,4.6318520326167345,0.32939109951257706,9.988434612751007e-05,4.631951916962862,1.527040258049965,True,0.21406366037770244,False
capacity,08,366,4.027141956612468,0.3242210950702429,9.988434612751007e-05,4.027241840958595,1.531098267994821,True,0.23271300505861303,False
capacity,08,367,4.041800042614341,0.3255039919167757,9.010545909404755e-05,4.041890148073435,1.5351666281931102,True,0.26935683871203897,False
capacity,08,368,4.417888820171356,0.3258239012211561,8.009374141693115e-05,4.417968913912773,1.539610855979845,True,0.337385686372543,False
capacity,08,369,4.09585190936923,0.3319159150123596,0.00010011717677116394,4.095952026546001,1.5437330470886081,True,0.37187998313951265,False
capacity,08,370,4.033283097669482,0.3276269417256117,0.00010989606380462646,4.033392993733287,1.5477971981745213,True,0.49517093850006455,False
capacity,08,371,4.036179045215249,0.328980153426528,9.988434612751007e-05,4.036278929561377,1.5518598470371217,True,0.5188062016404423,False
capacity,08,372,4.042340908199549,0.329300994053483,0.00010011717677116394,4.04244102537632,1.5559288980439305,True,0.579196341513933,False
capacity,08,373,4.374156007543206,0.3337189555168152,9.103678166866302e-05,4.374247044324875,1.5603300551883876,True,0.6076131916025688,False
capacity,08,374,4.0502960328012705,0.3312251064926386,8.987262845039368e-05,4.050385905429721,1.564407211029902,True,0.6465712518099123,False
capacity,08,375,4.046597983688116,0.3353420179337263,9.010545909404755e-05,4.04668808914721,1.568480539135635,True,0.6126003345205301,False
capacity,08,376,4.040588159114122,0.3340600524097681,9.988434612751007e-05,4.04068804346025,1.5725541291758418,True,0.6988394054344851,False
capacity,08,377,4.60841809399426,0.33595296554267406,9.010545909404755e-05,4.608508199453354,1.5771892871707678,True,0.7106544296960124,False
capacity,08,378,4.05231979675591,0.3388389013707638,9.010545909404755e-05,4.052409902215004,1.5812684269621968,True,0.6332575662977724,True
capacity,08,379,4.037621198222041,0.3311741165816784,8.987262845039368e-05,4.0377110708504915,1.5853326781652868,True,0.6532969767435619,True
capacity,08,380,4.357404075562954,0.33059297129511833,8.102506399154663e-05,4.3574851006269455,1.5897204601205885,True,0.6271164462965648,False
capacity,08,381,4.065814893692732,0.3323769196867943,8.009374141693115e-05,4.065894987434149,1.5938200179953128,True,0.6709652991035229,False
capacity,08,382,4.066976951435208,0.332175986841321,9.010545909404755e-05,4.067067056894302,1.597913385136053,True,0.6120625233096368,False
capacity,08,383,4.026731010526419,0.33326796256005764,9.010545909404755e-05,4.026821115985513,1.6019662651233375,True,0.6084422974500876,False
capacity,08,384,4.050855990499258,0.3332379274070263,9.010545909404755e-05,4.050946095958352,1.6060433911625296,True,0.6156623402977822,False
capacity,08,385,4.153870046138763,0.33318810164928436,8.102506399154663e-05,4.153951071202755,1.610224052099511,True,0.5826764312766398,False
capacity,08,386,4.053492099046707,0.33410009928047657,7.986091077327728e-05,4.05357195995748,1.6143088131211698,True,0.5670155847423138,False
capacity,08,387,4.032272147014737,0.3335690125823021,8.987262845039368e-05,4.0323620196431875,1.6183715721126646,True,0.6156939097823798,False
capacity,08,388,4.049444105476141,0.34243613481521606,9.988434612751007e-05,4.0495439898222685,1.6224477761425078,True,0.591291577529759,False
capacity,08,389,4.594411002472043,0.3425858449190855,0.00010011717677116394,4.594511119648814,1.6270683561451733,True,0.6575049134924157,False
capacity,08,390,4.0468990337103605,0.33388007432222366,6.984919309616089e-05,4.046968882903457,1.6311464740429074,True,1.1217168838879432,False
capacity,08,391,4.064702894538641,0.3359639085829258,8.009374141693115e-05,4.064782988280058,1.6352375270798802,True,0.662546538888651,True
capacity,08,392,4.055896075442433,0.33424003049731255,9.010545909404755e-05,4.055986180901527,1.6393195821437985,True,0.7128325454509181,True
capacity,08,393,4.6440050937235355,0.3368249163031578,7.008202373981476e-05,4.644075175747275,1.643990628188476,True,1.0649509146073397,True
capacity,08,394,4.044994944706559,0.3341599367558956,9.988434612751007e-05,4.045094829052687,1.6480618719942868,True,1.0463162486420376,True
capacity,08,395,4.056076984852552,0.3337699454277754,8.987262845039368e-05,4.056166857481003,1.6521439680363983,True,1.0536120121639259,True
capacity,08,396,4.364607855677605,0.3361839335411787,8.009374141693115e-05,4.364687949419022,1.6565399949904531,True,1.0522085292137766,True
capacity,08,397,4.094830015674233,0.341854989528656,8.009374141693115e-05,4.09491010941565,1.6606658331584185,True,0.9891367967364364,True
capacity,08,398,4.051407799124718,0.34022191539406776,0.00010011717677116394,4.051507916301489,1.664743429981172,True,1.0330335241490853,True
capacity,08,399,4.035037010908127,0.3339198883622885,8.009374141693115e-05,4.035117104649544,1.6688052071258426,True,0.9612869532691444,True
capacity,08,400,4.05070697888732,0.3429870121181011,9.988434612751007e-05,4.050806863233447,1.6728869220241904,True,0.9552465807718528,True
capacity,08,401,4.101181868463755,0.34257606603205204,0.00012014061212539673,4.10130200907588,1.6770150039810687,True,0.9861234569456975,True
capacity,08,402,4.028094001114368,0.33354898914694786,9.010545909404755e-05,4.0281841065734625,1.6810692071449012,True,0.9748908869497381,True
capacity,08,403,4.04555699788034,0.3355131484568119,8.987262845039368e-05,4.04564687050879,1.685141202993691,True,0.9289393869280578,True
capacity,08,404,4.053731914609671,0.3339299000799656,9.010545909404755e-05,4.053822020068765,1.689221004024148,True,0.8470782691774978,True
capacity,08,405,4.592717858031392,0.35341596230864525,9.010545909404755e-05,4.592807963490486,1.6938397709745914,True,0.8833340043632052,True
capacity,08,406,4.029066069051623,0.33481186255812645,9.010545909404755e-05,4.029156174510717,1.6978993841912597,True,0.8412471249349865,True
capacity,08,407,4.060514969751239,0.3353420179337263,8.987262845039368e-05,4.060604842379689,1.7019861079752445,True,0.7953130734468477,True
capacity,08,408,4.026349866762757,0.3356228116899729,9.010545909404755e-05,4.026439972221851,1.7060426650568843,True,0.7639726539924163,True
capacity,08,409,4.229884827509522,0.33630384132266045,0.00011012889444828033,4.229994956403971,1.7103140279650688,True,0.7928373194029028,True
capacity,08,410,4.0313201025128365,0.3360440023243427,7.986091077327728e-05,4.03139996342361,1.7143717370927334,True,0.7965755614785925,True
capacity,08,411,4.053381038829684,0.3421851433813572,9.103678166866302e-05,4.053472075611353,1.7184514780528843,True,0.742144830285308,True
capacity,08,412,4.034155048429966,0.34054205752909184,8.987262845039368e-05,4.034244921058416,1.722512433072552,True,0.7156971812911683,True
capacity,08,413,4.631460877135396,0.34304684959352016,0.00011012889444828033,4.631571006029844,1.727170204045251,True,0.6612867221519598,True
capacity,08,414,4.050336079671979,0.3357941750437021,0.00010989606380462646,4.050445975735784,1.7312473400961608,True,0.6376090221818873,True
capacity,08,415,4.046929068863392,0.3357231616973877,0.00011082738637924194,4.047039896249771,1.7353210600558668,True,0.6473063873864877,True
capacity,08,416,4.040026105940342,0.3315350040793419,8.987262845039368e-05,4.040115978568792,1.7393919241148978,True,0.48456265063262577,False
capacity,08,417,4.097284050658345,0.33707497641444206,0.00010104849934577942,4.097385099157691,1.7435160991735756,True,0.4509289380934435,False
capacity,08,418,4.0413080714643,0.32975198701024055,5.9837475419044495e-05,4.041367908939719,1.7475883450824767,True,0.48335912512958656,False
capacity,08,419,4.038332961499691,0.32446091063320637,0.00010104849934577942,4.038434009999037,1.751657186076045,True,0.6267878018718587,False
capacity,08,420,4.02784300968051,0.32420107163488865,9.988434612751007e-05,4.027942894026637,1.755711168050766,True,0.5627033650654342,False
capacity,08,421,4.603718873113394,0.3224879037588835,8.009374141693115e-05,4.603798966854811,1.760347408009693,True,0.4548544092902458,False
capacity,08,422,4.032541997730732,0.32563391141593456,9.010545909404755e-05,4.032632103189826,1.7644064601045102,True,0.43114001614546205,False
capacity,08,423,4.040586994960904,0.3283789847046137,8.987262845039368e-05,4.0406768675893545,1.7684738880489022,True,0.4025368309729833,False
capacity,08,424,4.024626919999719,0.3283389378339052,0.00010989606380462646,4.024736816063523,1.7725247039925307,True,0.34994790018141014,False
capacity,08,425,4.6268419828265905,0.3292399924248457,9.103678166866302e-05,4.626933019608259,1.7771777960006148,True,0.35163542335776654,False
capacity,08,426,4.044293891638517,0.32498291693627834,8.009374141693115e-05,4.044373985379934,1.7812533790711313,True,0.2774968673084851,False
capacity,08,427,4.052500007674098,0.323370099067688,8.987262845039368e-05,4.052589880302548,1.7853318380657583,True,0.25799579786037913,False
capacity,08,428,4.439137876033783,0.3221668303012848,8.009374141693115e-05,4.4392179697752,1.7897974960505962,True,0.23618454416174722,False
capacity,08,429,4.117902833968401,0.324060907587409,9.103678166866302e-05,4.11799387075007,1.7939502350054681,True,0.14855717957271236,False
capacity,08,430,4.092584829777479,0.3350209444761276,9.103678166866302e-05,4.092675866559148,1.7980767840053886,True,0.7556311794681714,False
capacity,08,431,4.078779835253954,0.32344995997846127,9.010545909404755e-05,4.078869940713048,1.8021861009765416,True,0.6635554038170951,False
capacity,08,432,4.107672953978181,0.32339897006750107,9.103678166866302e-05,4.1077639907598495,1.8063229690305889,True,0.715454175683679,True
capacity,08,433,4.8133740201592445,0.3494289703667164,8.987262845039368e-05,4.813463892787695,1.8111679430585355,True,0.7492385600298195,True
capacity,08,434,6.024335976690054,0.4361120518296957,0.00012083910405635834,6.02445681579411,1.8172356609720737,True,0.6920388934367823,True
capacity,08,435,4.117462085559964,0.36512897349894047,0.00011990778148174286,4.117581993341446,1.8213923871517181,True,0.6745233144094556,True
capacity,08,436,4.66517498716712,0.3386877942830324,0.00011012889444828033,4.665285116061568,1.826092969160527,True,0.9037363515365613,True
capacity,08,437,4.079419886693358,0.332175986841321,8.009374141693115e-05,4.079499980434775,1.830203898018226,True,0.6961260931742064,True
capacity,08,438,4.070183029398322,0.33364887349307537,0.00010011717677116394,4.070283146575093,1.8343031061813235,True,0.6338452210775087,True
capacity,08,439,4.082607105374336,0.33134501427412033,9.988434612751007e-05,4.082706989720464,1.838419757084921,True,0.5310577222780845,False
capacity,08,440,4.680553916841745,0.355269992724061,0.00010011717677116394,4.6806540340185165,1.8431341340765357,True,0.5542284695997379,False
capacity,08,441,4.088887944817543,0.35332608968019485,0.00011990778148174286,4.089007852599025,1.8472537100315094,True,0.4287212529154981,False
capacity,08,442,4.074360942468047,0.3493288531899452,0.00010011717677116394,4.074461059644818,1.8513568551279604,True,0.3305105445772968,False
capacity,08,443,4.080282058566809,0.3572930581867695,0.00010011717677116394,4.08038217574358,1.855464659165591,True,0.48336266871297273,False
capacity,08,444,5.690396996214986,0.36197202280163765,8.102506399154663e-05,5.690478021278977,1.8611835101619363,True,0.5120619957794204,False
capacity,08,445,4.9168989062309265,0.48255897127091885,0.00020116567611694336,4.9171000719070435,1.8661731260363013,True,0.5408953937659061,False
capacity,08,446,4.212672123685479,0.3809791523963213,0.00018998980522155762,4.212862113490701,1.8704443781170994,True,0.5488269178254606,False
capacity,08,447,4.148981999605894,0.36251405254006386,0.00017997808754444122,4.1491619776934385,1.8746391960885376,True,0.5440321973383792,False
capacity,08,448,4.743161844089627,0.36606984212994576,0.00044121406972408295,4.743603058159351,1.8794323520269245,True,0.5590694142797863,False
capacity,08,449,4.128523170948029,0.35969819873571396,0.00015995465219020844,4.128683125600219,1.8836019721347839,True,0.5270696499631201,False
capacity,08,450,4.120228113606572,0.35588094033300877,0.00010989606380462646,4.120338009670377,1.8877646601758897,True,0.57290105010953,False
capacity,08,451,4.693557973951101,0.34706504084169865,8.987262845039368e-05,4.693647846579552,1.892493193037808,True,0.5799440609461024,False
capacity,08,452,4.100230056792498,0.3546089865267277,8.987262845039368e-05,4.100319929420948,1.8966289600357413,True,0.5100302077508757,False
capacity,08,453,4.077917896211147,0.35271490924060345,0.00010011717677116394,4.0780180133879185,1.9007420539855957,True,0.4894306101156028,False
capacity,08,454,4.076294833794236,0.34849694930016994,0.00011012889444828033,4.0764049626886845,1.9048514009919018,True,0.4510573760651142,False
capacity,08,455,4.660906968638301,0.34637306816875935,0.00010989606380462646,4.6610168647021055,1.9095438770018518,True,0.4448630999563466,False
capacity,08,456,4.076394019648433,0.35208300687372684,0.00010104849934577942,4.0764950681477785,1.9136584531515837,True,0.4251483365386423,False
capacity,08,457,4.069602116942406,0.3501500468701124,0.00010104849934577942,4.0697031654417515,1.9177595651708543,True,0.4052946673548008,False
capacity,08,458,4.085441119968891,0.3443690948188305,8.009374141693115e-05,4.085521213710308,1.921881154179573,True,0.4194070363915949,False
capacity,08,459,4.641158971935511,0.3598378971219063,8.009374141693115e-05,4.641239065676928,1.926552290096879,True,0.44712647605119243,False
capacity,08,460,4.05437289737165,0.35133189521729946,9.103678166866302e-05,4.054463934153318,1.9306356480810791,True,0.39632786419638977,False
capacity,08,461,4.071866162121296,0.3483269829303026,8.987262845039368e-05,4.071956034749746,1.9347411871422082,True,0.7483217977901307,False
capacity,08,462,4.043773980811238,0.33088400959968567,0.00010989606380462646,4.043883876875043,1.938813545042649,True,0.8200182175547535,False
capacity,08,463,4.674251889809966,0.33053290098905563,0.00011012889444828033,4.674362018704414,1.943516300059855,True,0.8352405515511778,True
capacity,08,464,4.060434876009822,0.3403918817639351,0.00010011717677116394,4.060534993186593,1.9476060699671507,True,0.8054462510280662,True
capacity,08,465,4.04100795276463,0.3373159561306238,9.988434612751007e-05,4.041107837110758,1.9516753610223532,True,0.750753297640437,True
capacity,08,466,4.065715009346604,0.3377168904989958,9.010545909404755e-05,4.065805114805698,1.9557751601096243,True,0.6708008631454814,True
capacity,08,467,4.33173612691462,0.34433905966579914,0.00010989606380462646,4.331846022978425,1.9601347181014717,True,0.5864229735861498,False
capacity,08,468,4.06506285071373,0.34405896440148354,8.009374141693115e-05,4.065142944455147,1.9642327330075204,True,0.5452788748547515,False
capacity,08,469,4.074521129950881,0.3454210236668587,9.988434612751007e-05,4.0746210142970085,1.9683345761150122,True,0.5325555489082501,False
capacity,08,470,4.059843951836228,0.34621311351656914,8.009374141693115e-05,4.059924045577645,1.9724216510076076,True,0.5039319202224113,False
capacity,08,471,4.645016975700855,0.36209309473633766,9.988434612751007e-05,4.645116860046983,1.9770937790162861,True,0.4565530864212896,False
capacity,08,472,4.0761251002550125,0.3458221908658743,8.987262845039368e-05,4.076214972883463,1.9812027050647885,True,0.4460315103396313,False
capacity,08,473,4.060975043103099,0.34528994001448154,9.103678166866302e-05,4.0610660798847675,1.9852912321221083,True,0.4387789727282144,False
capacity,08,474,4.066976951435208,0.3460629377514124,8.009374141693115e-05,4.067057045176625,1.9893853100948036,True,0.42983794082860427,False
capacity,08,475,4.1210290510207415,0.36871503107249737,9.010545909404755e-05,4.1211191564798355,1.9935334101319313,True,0.3924933990054612,False
capacity,08,476,4.063209984451532,0.35161315463483334,8.987262845039368e-05,4.063299857079983,1.9976284799631685,True,0.3526012869055443,False
capacity,08,477,4.072979092597961,0.35165296867489815,9.010545909404755e-05,4.0730691980570555,2.001728389179334,True,0.32877638076643956,False
capacity,08,478,4.056517034769058,0.3457821439951658,9.988434612751007e-05,4.056616919115186,2.005816454999149,True,0.3457215139607096,False
capacity,08,479,4.6756151132285595,0.35770516842603683,9.988434612751007e-05,4.675714997574687,2.0105187001172453,True,0.3049358445957443,False
capacity,08,480,4.158037947490811,0.3553100395947695,0.00010011717677116394,4.1581380646675825,2.0147038290742785,True,0.22096657253560809,False
capacity,08,481,4.125036066398025,0.3574439324438572,0.00011012889444828033,4.125146195292473,2.0188685201574117,True,0.24520516020175925,False
capacity,08,482,5.25339413434267,0.44182315468788147,0.00010989606380462646,5.253504030406475,2.02416095812805,True,0.24500021646130318,False
capacity,08,483,5.9087988920509815,0.465968856588006,0.00011012889444828033,5.90890902094543,2.030118338065222,True,0.26898083136172224,False
capacity,08,484,4.1671451181173325,0.38148905150592327,0.00011082738637924194,4.167255945503712,2.0343297771178186,True,0.2597091932973233,False
capacity,08,485,4.1008510161191225,0.3650581929832697,9.988434612751007e-05,4.10095090046525,2.0384681390132755,True,0.2236815930863541,False
capacity,08,486,4.6964038629084826,0.3760489635169506,0.00010011717677116394,4.696503980085254,2.043207803973928,True,0.23927067141607977,False
capacity,08,487,4.2056378442794085,0.377030810341239,9.010545909404755e-05,4.2057279497385025,2.047468906035647,True,0.31292639852622656,False
capacity,08,488,4.177094902843237,0.3735339269042015,0.000200001522898674,4.177294904366136,2.051688201026991,True,0.27481263137595097,False
capacity,08,489,4.270340083166957,0.36839419044554234,0.00017997808754444122,4.270520061254501,2.056005940074101,True,0.28855816780873983,False
capacity,08,490,4.938789876177907,0.46520703472197056,0.0001310836523771286,4.938920959830284,2.060995385982096,True,0.2617395573795662,False
capacity,08,491,4.117361968383193,0.3483069594949484,9.010545909404755e-05,4.117452073842287,2.0651506690774113,True,0.24246906367480772,False
capacity,08,492,4.7927850391715765,0.3542478661984205,9.010545909404755e-05,4.7928751446306705,2.069980434142053,True,0.24940365930858469,False
capacity,08,493,4.69359802082181,0.3548490349203348,7.986091077327728e-05,4.693677881732583,2.074716462055221,True,0.2811110476727514,False
capacity,08,494,4.286119947209954,0.36223302595317364,0.00010989606380462646,4.286229843273759,2.079050072003156,True,0.2592111847322849,False
capacity,08,495,4.16230596601963,0.35623088479042053,8.009374141693115e-05,4.162386059761047,2.0832526041194797,True,0.27381928097135827,False
capacity,08,496,4.132590955123305,0.351903960108757,0.00010011717677116394,4.1326910723000765,2.087426643120125,True,0.2560890678553733,False
capacity,08,497,4.085932159796357,0.3500799648463726,9.988434612751007e-05,4.086032044142485,2.0915574901737273,True,0.24329294365257145,False
capacity,08,498,4.69016213901341,0.35060103982686996,9.103678166866302e-05,4.690253175795078,2.09628024417907,True,0.2182343691194652,False
capacity,08,499,4.088057205080986,0.3452310338616371,0.00011990778148174286,4.088177112862468,2.1003998501691967,True,0.2577884609740627,False
capacity,08,500,4.089399008080363,0.3601189237087965,0.00011106021702289581,4.089510068297386,2.1045200971420854,True,0.2735625475247736,False
capacity,08,501,4.668510984629393,0.35151303745806217,9.010545909404755e-05,4.668601090088487,2.109218514058739,True,0.2735509151690793,False
capacity,08,502,4.102463135495782,0.34932815469801426,0.00010081566870212555,4.102563951164484,2.113352487096563,True,0.24035002921519705,False
capacity,08,503,4.0847198106348515,0.35320594906806946,0.00010104849934577942,4.084820859134197,2.117467114003375,True,0.8080196413239187,False
capacity,08,504,4.067067056894302,0.35536009818315506,0.00010011717677116394,4.0671671740710735,2.12156898714602,True,0.7708380560760022,False
capacity,08,505,4.676405806094408,0.359587837010622,0.00011012889444828033,4.676515934988856,2.1262747279834002,True,0.7602522334538612,True
capacity,08,506,4.086853936314583,0.3508108202368021,0.00011012889444828033,4.086964065209031,2.130398251116276,True,0.7366899043443085,True
capacity,08,507,4.096111981198192,0.35549094900488853,0.00010011717677116394,4.096212098374963,2.134528437163681,True,0.7258911032134332,True
capacity,08,508,4.0760948322713375,0.354918884113431,6.0070306062698364e-05,4.0761549025774,2.1386332060210407,True,0.7090205950534153,True
capacity,08,509,4.600984044373035,0.3559109754860401,9.988434612751007e-05,4.601083928719163,2.1432628030888736,True,0.668128354040808,True
capacity,08,510,5.306293023750186,0.35245507024228573,8.009374141693115e-05,5.306373117491603,2.148599974112585,True,0.6098008081173596,False
capacity,08,511,4.985137842595577,0.458654947578907,0.00011012889444828033,4.9852479714900255,2.153622762998566,True,0.5642740307630545,False
capacity,08,512,4.6605560928583145,0.3572441637516022,9.988434612751007e-05,4.660655977204442,2.1583126441109926,True,1.108093276952899,False
capacity,08,513,4.087866051122546,0.3545680083334446,0.00010104849934577942,4.087967099621892,2.162431008182466,True,1.0500561073990657,False
capacity,08,514,4.081584047526121,0.35801506601274014,0.00010104849934577942,4.081685096025467,2.1665415870957077,True,0.9617903437854199,True
capacity,08,515,4.076054086908698,0.3565731458365917,7.986091077327728e-05,4.076133947819471,2.1706517550628632,True,0.9595401171369702,True
capacity,08,516,4.638874903321266,0.3567119129002094,0.00011012889444828033,4.6389850322157145,2.175324985058978,True,0.9475562827035615,True
capacity,08,517,4.1106389835476875,0.35818503238260746,0.00010104849934577942,4.110740032047033,2.1794731051195413,True,0.8429867748233315,True
capacity,08,518,4.071143921464682,0.36016805097460747,0.00012107193470001221,4.071264993399382,2.1835737749934196,True,0.825226821193689,True
capacity,08,519,4.07684501260519,0.35580992698669434,0.00011106021702289581,4.076956072822213,2.187680497067049,True,0.8025567844307697,True
capacity,08,520,4.760362906381488,0.3600281197577715,0.00011106021702289581,4.760473966598511,2.192469113972038,True,0.7274424205056438,True
capacity,08,521,4.131118068471551,0.36838511005043983,0.00012991949915885925,4.13124798797071,2.1966345871333033,True,0.6960041803799462,True
capacity,08,522,4.10799402743578,0.35993801429867744,0.00010011717677116394,4.108094144612551,2.20077324914746,True,0.6812260710109888,True
capacity,08,523,4.0971331764012575,0.3530250396579504,0.00010081566870212555,4.09723399206996,2.2049004691652954,True,0.6154024252520636,False
capacity,08,524,4.706682870164514,0.35442784428596497,0.00011012889444828033,4.706792999058962,2.2096360770519823,True,0.5939306107439053,False
capacity,08,525,4.100259859114885,0.36568986251950264,0.00011012889444828033,4.100369988009334,2.213773116003722,True,0.5425196381242761,False
capacity,08,526,4.075502976775169,0.3577249590307474,0.00010011717677116394,4.0756030939519405,2.217885458143428,True,0.5129262965391351,False
capacity,08,527,4.084159154444933,0.3522441256791353,0.00010989606380462646,4.084269050508738,2.2219983311370015,True,0.49221625909850797,False
capacity,08,528,4.636380122974515,0.3515221178531647,0.00011082738637924194,4.636490950360894,2.2266634760890156,True,0.46932469579326525,False
capacity,08,529,4.077346995472908,0.3582159988582134,8.987262845039368e-05,4.077436868101358,2.230770719004795,True,0.42936517595228885,False
capacity,08,530,4.131648922339082,0.36630104295909405,0.00010011717677116394,4.131749039515853,2.2349326950497925,True,0.40297089606725744,False
capacity,08,531,4.074470838531852,0.35217381082475185,0.00010011717677116394,4.074570955708623,2.239036381011829,True,0.3520570644231143,False
capacity,08,532,4.6799019910395145,0.35684206523001194,0.00011082738637924194,4.680012818425894,2.2437458289787173,True,0.3187898665298958,False
capacity,08,533,4.145062994211912,0.36737206391990185,0.00010104849934577942,4.145164042711258,2.247926189098507,True,0.3111089149248347,False
capacity,08,534,4.264479037374258,0.36801397800445557,9.010545909404755e-05,4.264569142833352,2.252224763156846,True,0.30401979868987894,False
capacity,08,535,4.215897060930729,0.37794304080307484,9.010545909404755e-05,4.215987166389823,2.256473522167653,True,0.2783692145268079,False
capacity,08,536,4.852638114243746,0.42848801240324974,9.988434612751007e-05,4.852737998589873,2.2613815751392394,True,0.2965020016073714,False
capacity,08,537,4.247346892952919,0.37188082933425903,0.00012014061212539673,4.247467033565044,2.265663617057726,True,0.2696509013904812,False
capacity,08,538,4.219725029543042,0.36476808600127697,6.984919309616089e-05,4.219794878736138,2.26991687505506,True,0.27510088504743596,False
capacity,08,539,4.732741974294186,0.35630189813673496,0.00010011717677116394,4.732842091470957,2.274681758135557,True,0.2765519665453766,False
capacity,08,540,4.8526679165661335,0.3833230584859848,0.00011012889444828033,4.852778045460582,2.2795701730065048,True,0.28425879344122496,False
capacity,08,541,4.543906077742577,0.40415208786726,0.00033993273973464966,4.544246010482311,2.2841687521431595,True,0.27344293280341797,False
capacity,08,542,4.7145269345492125,0.3934809938073158,8.102506399154663e-05,4.714607959613204,2.2889359490945935,True,0.29919277006137984,False
capacity,08,543,5.011657951399684,0.45167189091444016,0.000200001522898674,5.011857952922583,2.294006328098476,True,0.26268061579709834,False
capacity,08,544,5.123909097164869,0.3822010476142168,0.00010989606380462646,5.124018993228674,2.2991787381470203,True,0.27304014231494844,False
capacity,08,545,4.569475073367357,0.37072901614010334,7.986091077327728e-05,4.5695549342781305,2.303792196093127,True,0.31047751020632913,False
capacity,08,546,5.595176946371794,0.4608880262821913,0.00011106021702289581,5.595288006588817,2.309455160982907,True,0.2720857728793903,False
capacity,08,547,4.880991065874696,0.3933119587600231,0.00011012889444828033,4.881101194769144,2.3143843931611627,True,0.29542105451557127,False
capacity,08,548,4.797524074092507,0.3756280057132244,8.987262845039368e-05,4.797613946720958,2.3192247280385345,True,0.28923095543400884,False
capacity,08,549,5.798039957880974,0.4058550111949444,0.00012107193470001221,5.798161029815674,2.325082381023094,True,0.31244990268638023,False
capacity,08,550,4.295959137380123,0.4047330003231764,0.0002300366759300232,4.296189174056053,2.3294362891465425,True,0.29848763206371165,False
capacity,08,551,4.1728459764271975,0.37018698640167713,0.00019115395843982697,4.173037130385637,2.3336541200987995,True,0.29556622715401415,False
capacity,08,552,4.161905962973833,0.37360494025051594,0.00016996636986732483,4.1620759293437,2.3378572231158614,True,0.29096394684649113,False
capacity,08,553,4.718245007097721,0.36470801569521427,0.00016996636986732483,4.718414973467588,2.342612538021058,True,0.2903200347358872,False
capacity,08,554,4.125877982005477,0.3671220038086176,0.0001909211277961731,4.126068903133273,2.3467760670464486,True,0.30170581510092537,False
capacity,08,555,4.090592032298446,0.35277497954666615,9.010545909404755e-05,4.09068213775754,2.3508971561677754,True,0.2794691023199523,False
capacity,08,556,4.066266119480133,0.35017007030546665,0.00010989606380462646,4.066376015543938,2.3550013231579214,True,0.344172003768892,False
capacity,08,557,4.670694936066866,0.35822484642267227,0.00013015232980251312,4.670825088396668,2.359704038128257,True,0.3670368421036237,False
capacity,08,558,4.074611002579331,0.35458896309137344,9.988434612751007e-05,4.074710886925459,2.3638121320400387,True,0.33588965750529826,False
capacity,08,559,4.065915010869503,0.3509521484375,9.988434612751007e-05,4.0660148952156305,2.3679051080252975,True,0.37356660635941835,False
capacity,08,560,4.073388874530792,0.35229395143687725,9.010545909404755e-05,4.073478979989886,2.372005498036742,True,0.3500705271903594,False
capacity,08,561,4.640938946977258,0.3520029131323099,0.00010011717677116394,4.641039064154029,2.3766732381191105,True,0.2932919933471131,False
capacity,08,562,4.074741853401065,0.3585058730095625,0.00010011717677116394,4.074841970577836,2.3807764230296016,True,0.28395326717143654,False
capacity,08,563,4.074320895597339,0.3494890406727791,9.010545909404755e-05,4.074411001056433,2.384877434000373,True,0.3005206389421693,False
capacity,08,564,4.063719883561134,0.3491779789328575,0.00010104849934577942,4.06382093206048,2.3889676639810205,True,0.2779911166969193,False
capacity,08,565,4.343378124758601,0.3579051699489355,0.00010989606380462646,4.343488020822406,2.393344686133787,True,0.29712632016030105,False
capacity,08,566,4.0757430251687765,0.35857618786394596,0.00010081566870212555,4.075843840837479,2.3974532110150903,True,0.3034139802294802,False
capacity,08,567,4.054062068462372,0.3546779043972492,9.103678166866302e-05,4.0541531052440405,2.4015340441837907,True,0.3026337597558811,False
capacity,08,568,4.072867101058364,0.35552005283534527,7.986091077327728e-05,4.072946961969137,2.4056374090723693,True,0.3557697375113063,False
capacity,08,569,4.622464068233967,0.35584112629294395,8.987262845039368e-05,4.622553940862417,2.410287165082991,True,0.363206562704099,False
capacity,08,570,4.060825100168586,0.34945900551974773,0.00010989606380462646,4.06093499623239,2.4143765941262245,True,0.3748750399239709,False
capacity,08,571,4.064573207870126,0.35423808731138706,7.986091077327728e-05,4.064653068780899,2.418467657174915,True,0.36485996431446244,False
capacity,08,572,4.073749994859099,0.3558308817446232,9.010545909404755e-05,4.073840100318193,2.4225682271644473,True,0.43022936465435835,False
capacity,08,573,4.1896081529557705,0.3641571383923292,8.987262845039368e-05,4.189698025584221,2.426785657182336,True,0.3982890587201894,False
capacity,08,574,4.058441147208214,0.3510620445013046,8.987262845039368e-05,4.058531019836664,2.4308712591882795,True,0.3343275560625826,False
capacity,08,575,4.415454110130668,0.3463930916041136,9.988434612751007e-05,4.415553994476795,2.4353194450959563,True,0.25221001243989033,False
capacity,08,576,5.145068978890777,0.40970207192003727,0.00013993121683597565,5.145208910107613,2.4405309190042317,True,0.25292356562734825,False
capacity,08,577,4.856915911659598,0.4013169091194868,0.000200001522898674,4.857115913182497,2.4454393819905818,True,0.7682527267000241,False
capacity,08,578,4.138611955568194,0.3688859287649393,0.00012014061212539673,4.13873209618032,2.449623600114137,True,0.7726181846511125,False
capacity,08,579,4.154562018811703,0.36654085852205753,8.009374141693115e-05,4.15464211255312,2.453818478155881,True,0.6965472759201677,True
capacity,08,580,4.4061169028282166,0.36407681182026863,0.00010011717677116394,4.406217020004988,2.458257527090609,True,0.6595401088985516,True
capacity,08,581,4.128242144361138,0.3508410882204771,8.987262845039368e-05,4.128332016989589,2.462417238159105,True,0.6152386849982637,False
capacity,08,582,4.143672063946724,0.35743415355682373,9.988434612751007e-05,4.1437719482928514,2.4665911870542914,True,0.5771204658069505,False
capacity,08,583,4.145114216953516,0.3496091812849045,9.988434612751007e-05,4.1452141012996435,2.470763973193243,True,0.7208919789693513,False
capacity,08,584,4.6940690372139215,0.40097604505717754,0.00013085082173347473,4.694199888035655,2.475492337020114,True,1.3735387992808645,False
capacity,08,585,4.065805114805698,0.35128300078213215,0.00010989606380462646,4.065915010869503,2.4795918550807983,True,1.220268142985141,True
capacity,08,586,4.06845984980464,0.3524839412420988,0.00011012889444828033,4.068569978699088,2.483692595968023,True,1.1493463718670551,True
capacity,08,587,4.058199934661388,0.3521139733493328,0.00010011717677116394,4.05830005183816,2.487778027076274,True,1.1928778175146797,True
capacity,08,588,4.651179071515799,0.3532860428094864,9.988434612751007e-05,4.651278955861926,2.4924562370870262,True,1.1152661712179097,True
capacity,08,589,4.0719760581851006,0.3575840964913368,0.00011990778148174286,4.072095965966582,2.4965619060676545,True,1.0087090094914277,True
capacity,08,590,4.059262108057737,0.35458803176879883,0.00012107193470001221,4.059383179992437,2.5006485101766884,True,1.0030619104172518,True
capacity,08,591,4.081022925674915,0.3527549561113119,0.00010104849934577942,4.081123974174261,2.5047568150330335,True,0.9762792280568346,True
capacity,08,592,4.642992978915572,0.34273602068424225,8.987262845039368e-05,4.643082851544023,2.5094268689863384,True,0.9763495330794051,True
capacity,08,593,4.092856077477336,0.35592098720371723,7.986091077327728e-05,4.092935938388109,2.5135510941036046,True,0.9114759054495194,True
capacity,08,594,4.077255958691239,0.35661295987665653,0.00011012889444828033,4.077366087585688,2.517657454125583,True,0.7410690442804467,True
capacity,08,595,4.057598998770118,0.3438980784267187,0.00010104849934577942,4.0577000472694635,2.521749118110165,True,0.7627024757074293,True
capacity,08,596,4.688909975811839,0.34165498800575733,0.00011012889444828033,4.689020104706287,2.5264695771038532,True,0.5005669577886309,False
capacity,08,597,4.0695019997656345,0.3457821439951658,8.987262845039368e-05,4.069591872394085,2.5305673719849437,True,0.4417508294473065,False
capacity,08,598,4.067086847499013,0.34490996040403843,8.102506399154663e-05,4.0671678725630045,2.534661920974031,True,0.4119296657840631,False
capacity,08,599,4.106641048565507,0.35909703001379967,9.988434612751007e-05,4.1067409329116344,2.5387994600459933,True,0.471035887824149,False
capacity,08,600,4.7161211259663105,0.3655501641333103,8.987262845039368e-05,4.716210998594761,2.5435537931043655,True,0.4271826232809365,False
capacity,08,601,4.086263012140989,0.3601089119911194,6.0070306062698364e-05,4.086323082447052,2.5476736400742084,True,0.423991105045754,False
capacity,08,602,4.0989769622683525,0.36360486410558224,0.00010011717677116394,4.099077079445124,2.551805118098855,True,0.48076285172693806,False
capacity,08,603,4.093517083674669,0.35122199915349483,9.988434612751007e-05,4.093616968020797,2.5559287720825523,True,0.3470407849191215,False
capacity,08,604,4.68459096737206,0.36046886816620827,0.00012014061212539673,4.684711107984185,2.560649922117591,True,0.2643928074481545,False
capacity,08,605,4.092005081474781,0.35962811671197414,0.00010989606380462646,4.092114977538586,2.5647722841240466,True,0.29063976402786906,False
capacity,08,606,4.090792033821344,0.35459897480905056,9.010545909404755e-05,4.090882139280438,2.56889751018025,True,0.27468468720599365,False
capacity,08,607,4.084730986505747,0.35550002939999104,9.010545909404755e-05,4.084821091964841,2.5730110150761902,True,0.2628477704145222,False
capacity,08,608,4.368645139038563,0.3571331035345793,9.988434612751007e-05,4.36874502338469,2.5774089351762086,True,0.2730998552713019,False
capacity,08,609,4.067488014698029,0.3594278823584318,9.010545909404755e-05,4.067578120157123,2.5815055281855166,True,0.2674513517091952,False
capacity,08,610,4.073709947988391,0.36049005575478077,8.009374141693115e-05,4.073790041729808,2.5856080220546573,True,0.2591455436288452,False
capacity,08,611,4.076093900948763,0.3573440480977297,9.010545909404755e-05,4.076184006407857,2.5897186109796166,True,0.2297646620620446,False
capacity,08,612,4.193536005914211,0.3542681224644184,6.0070306062698364e-05,4.193596076220274,2.5939473430626094,True,0.2294005387173508,False
capacity,08,613,4.056588048115373,0.3528948873281479,9.010545909404755e-05,4.056678153574467,2.5980317131616175,True,0.22988389370791112,False
capacity,08,614,4.068420035764575,0.3523149061948061,9.988434612751007e-05,4.0685199201107025,2.6021340161096305,True,0.21523670793445687,False
capacity,08,615,4.070152994245291,0.3544979263097048,0.00010011717677116394,4.070253111422062,2.6062318810727447,True,0.17258760421147262,False
capacity,08,616,4.674582043662667,0.3575240261852741,9.103678166866302e-05,4.674673080444336,2.6109396060928702,True,0.19602103488063638,False
capacity,08,617,4.082657163962722,0.3536271397024393,7.986091077327728e-05,4.082737024873495,2.61505054612644,True,0.175501712493212,False
capacity,08,618,4.070613998919725,0.3520539030432701,9.988434612751007e-05,4.070713883265853,2.6191490420605987,True,0.30591933078526945,False
capacity,08,619,4.079400096088648,0.35198405385017395,8.009374141693115e-05,4.079480189830065,2.623255553189665,True,0.2991893430234467,False
capacity,08,620,4.26523108035326,0.3532459959387779,8.987262845039368e-05,4.26532095298171,2.627548156073317,True,0.24656800891138209,False
capacity,08,621,4.0681990794837475,0.3556411247700453,9.988434612751007e-05,4.068298963829875,2.631643616128713,True,0.31293944906576765,False
capacity,08,622,4.070984898135066,0.35522994585335255,0.00011990778148174286,4.071104805916548,2.635748133994639,True,0.2028506051889934,False
capacity,08,623,4.059553146362305,0.3483269829303026,8.987262845039368e-05,4.059643018990755,2.639834998175502,True,0.3207429230488983,False
capacity,08,624,4.216717788949609,0.3519828896969557,8.102506399154663e-05,4.2167988140136,2.6440842379815876,True,0.2263977073177933,False
capacity,08,625,4.067579051479697,0.34813699312508106,8.009374141693115e-05,4.067659145221114,2.648179880110547,True,0.2319572080531074,False
capacity,08,626,4.069972084835172,0.35066111013293266,0.00010989606380462646,4.070081980898976,2.6522812810726464,True,0.266583593280132,False
capacity,08,627,4.05941205099225,0.34989905543625355,0.00011106021702289581,4.059523111209273,2.656367995077744,True,0.29573848572610856,False
capacity,08,628,4.699558950960636,0.35665184259414673,9.010545909404755e-05,4.69964905641973,2.661094285082072,True,0.2831238847335487,False
capacity,08,629,4.070092923939228,0.3487570211291313,9.010545909404755e-05,4.070183029398322,2.665191289037466,True,0.3287870796547826,False
capacity,08,630,4.059954080730677,0.3453909885138273,9.988434612751007e-05,4.060053965076804,2.669278053101152,True,0.29351815983296,False
capacity,08,631,4.370377864688635,0.3453909885138273,9.010545909404755e-05,4.370467970147729,2.673675392055884,True,0.272489386183319,False
capacity,08,632,4.111660877242684,0.35454798489809036,9.010545909404755e-05,4.111750982701778,2.6778144449926913,True,0.25903228121813754,False
capacity,08,633,4.075733013451099,0.3470440860837698,8.102506399154663e-05,4.075814038515091,2.6819227100349963,True,0.23370167876397221,False
capacity,08,634,4.051166819408536,0.34583196975290775,9.103678166866302e-05,4.051257856190205,2.6860060379840434,True,0.1955705106834501,False
capacity,08,635,4.04973397962749,0.3496089484542608,8.009374141693115e-05,4.049814073368907,2.690082993125543,True,0.21548165984256817,False
capacity,08,636,4.715810064226389,0.3594770096242428,0.00010011717677116394,4.71591018140316,2.694835072150454,True,0.21704613515479496,False
capacity,08,637,4.095130134373903,0.3528150264173746,7.986091077327728e-05,4.0952099952846766,2.698962072143331,True,0.25469148074519243,False
capacity,08,638,4.102392820641398,0.35639177076518536,9.103678166866302e-05,4.102483857423067,2.703095644013956,True,0.2749491160869398,False
capacity,08,639,4.473914159461856,0.3519640304148197,9.988434612751007e-05,4.474014043807983,2.7076013481710106,True,0.26965344601411073,False
capacity,08,640,4.164671059697866,0.36985683254897594,0.00011106021702289581,4.164782119914889,2.711797579191625,True,0.27414387324059664,False
capacity,08,641,4.083296982571483,0.35336590372025967,0.00010104849934577942,4.083398031070828,2.7159130671061575,True,0.27070944746393055,False
capacity,08,642,4.081034101545811,0.351412920281291,7.986091077327728e-05,4.081113962456584,2.7200249291490763,True,0.29634629622117015,False
capacity,08,643,4.402458900585771,0.34647295251488686,0.00010011717677116394,4.402559017762542,2.72446271404624,True,0.2838912315265659,False
capacity,08,644,4.1213189251720905,0.3585859667509794,0.00010104849934577942,4.121419973671436,2.7286197310313582,True,0.2933683566925175,False
capacity,08,645,4.1334121488034725,0.3761190455406904,6.984919309616089e-05,4.133481997996569,2.732782849110663,True,0.3051004706609428,False
capacity,08,646,4.088778048753738,0.3482070751488209,9.010545909404755e-05,4.0888681542128325,2.736914117122069,True,0.29367470267260165,False
capacity,08,647,4.381170030683279,0.34460006281733513,8.987262845039368e-05,4.381259903311729,2.7413244820199907,True,0.28177110683886714,False
capacity,08,648,4.150614142417908,0.34783617593348026,0.00010989606380462646,4.150724038481712,2.745505944127217,True,0.2874062672600715,False
capacity,08,649,4.0754531510174274,0.35706302151083946,0.00010989606380462646,4.075563047081232,2.749610412167385,True,0.28679617523983697,False
capacity,08,650,4.049964947625995,0.35529001615941525,0.00011012889444828033,4.050075076520443,2.7536892211064696,True,0.2894552925831302,False
capacity,08,651,4.662049002945423,0.35381712950766087,7.986091077327728e-05,4.662128863856196,2.7583794030360878,True,0.2962781365975363,False
capacity,08,652,4.095861222594976,0.35984814167022705,9.988434612751007e-05,4.095961106941104,2.762505170190707,True,0.31437152150659703,False
capacity,09,0,3.8321639876812696,0.352565199136734,8.987262845039368e-05,3.83225386030972,0.003853062866255641,False,,
capacity,09,1,3.821504069492221,0.3541279584169388,0.00013993121683597565,3.821644000709057,0.007697429973632097,False,,
capacity,09,2,4.278806038200855,0.33996114507317543,0.00013993121683597565,4.278945969417691,0.011998377973213792,False,,
capacity,09,3,3.868602914735675,0.3485470078885555,0.00011012889444828033,3.868713043630123,0.015896766912192106,False,,
capacity,09,4,3.975425148382783,0.34727505408227444,0.00011990778148174286,3.9755450561642647,0.019900395069271326,False,,
capacity,09,5,3.8199208211153746,0.3532359842211008,0.00013015232980251312,3.820050973445177,0.023744430858641863,False,,
capacity,09,6,3.819640027359128,0.35132188349962234,0.00011106021702289581,3.819751087576151,0.027587085030972958,False,,
capacity,09,7,3.929306985810399,0.3457409329712391,0.0001310836523771286,3.929438069462776,0.03153927600942552,False,,
capacity,09,8,3.814190858975053,0.34171389415860176,0.00012014061212539673,3.8143109995871782,0.035376499872654676,False,,
capacity,09,9,3.820772049948573,0.3453909885138273,0.00011990778148174286,3.820891957730055,0.03922063601203263,False,,
capacity,09,10,3.85366496630013,0.34699495881795883,0.00014016404747962952,3.8538051303476095,0.04309714399278164,False,,
capacity,09,11,4.396489122882485,0.3484271001070738,0.00011990778148174286,4.396609030663967,0.047516566002741456,False,,
capacity,09,12,3.8076278287917376,0.34324685111641884,0.00012014061212539673,3.807747969403863,0.051346595864742994,False,,
capacity,09,13,3.8103831466287374,0.34290715120732784,0.00012991949915885925,3.8105130661278963,0.0551854120567441,False,,
capacity,09,14,3.819068893790245,0.3439979627728462,0.0001501757651567459,3.819219069555402,0.059026452945545316,False,,
capacity,09,15,4.525812109932303,0.3493980038911104,0.00014086253941059113,4.525952972471714,0.06357464799657464,False,,
capacity,09,16,4.022743785753846,0.34892791882157326,0.00011012889444828033,4.0228539146482944,0.06762114586308599,False,,
capacity,09,17,4.03925497084856,0.34599192440509796,0.00013015232980251312,4.039385123178363,0.07168339402414858,False,,
capacity,09,18,4.033053060993552,0.34700403921306133,0.00011990778148174286,4.033172968775034,0.0757396100088954,False,,
capacity,09,19,4.601594991981983,0.35362597554922104,0.00011012889444828033,4.6017051208764315,0.08036429900676012,False,,
capacity,09,20,4.031490068882704,0.35018008202314377,0.00011012889444828033,4.031600197777152,0.08442038507200778,False,,
capacity,09,21,4.04084799811244,0.3487879876047373,0.00013993121683597565,4.040987929329276,0.0884852479211986,False,,
capacity,09,22,4.039224935695529,0.3489379305392504,0.00011012889444828033,4.039335064589977,0.09254805697128177,False,,
capacity,09,23,4.361642058938742,0.3502101171761751,0.00011990778148174286,4.361761966720223,0.0969389439560473,False,,
capacity,09,24,4.103044047951698,0.3660800866782665,0.00011106021702289581,4.103155108168721,0.10107132396660745,False,,
capacity,09,25,4.039404913783073,0.35229395143687725,0.00013015232980251312,4.039535066112876,0.10514399199746549,False,,
capacity,09,26,4.05712821520865,0.35236403346061707,0.00012991949915885925,4.0572581347078085,0.1092269690707326,False,,
capacity,09,27,4.62846620939672,0.35284506157040596,0.00011990778148174286,4.628586117178202,0.11388096306473017,False,,
capacity,09,28,4.066496156156063,0.35720295272767544,0.00016996636986732483,4.06666612252593,0.11797348805703223,False,,
capacity,09,29,4.019186832010746,0.3535258583724499,0.00014016404747962952,4.019326996058226,0.122017711866647,False,,
capacity,09,30,4.0239260997623205,0.34903804771602154,0.00012991949915885925,4.024056019261479,0.12607098300941288,False,,
capacity,09,31,4.619718994945288,0.34491089172661304,0.00014016404747962952,4.619859158992767,0.1307202170137316,False,,
capacity,09,32,4.03858395293355,0.34951907582581043,0.00012014061212539673,4.038704093545675,0.13478429894894361,False,,
capacity,09,33,4.03440510854125,0.34603290259838104,9.988434612751007e-05,4.034504992887378,0.13884914107620716,False,,
capacity,09,34,4.030677955597639,0.3454808611422777,0.00011106021702289581,4.030789015814662,0.1429042760282755,False,,
capacity,09,35,4.6636119950562716,0.3505807835608721,0.00012014061212539673,4.663732135668397,0.14759278506971896,True,0.07508072796344763,False
capacity,09,36,4.0792799554765224,0.3380570560693741,9.010545909404755e-05,4.0793700609356165,0.15170444594696164,True,0.03572258169390012,False
capacity,09,37,4.055916098877788,0.3385981544852257,8.987262845039368e-05,4.056005971506238,0.15578963700681925,True,0.0,False
capacity,09,38,4.068328998982906,0.3493789117783308,9.010545909404755e-05,4.068419104442,0.1598860090598464,True,0.0,False
capacity,09,39,4.6600650530308485,0.35326601937413216,9.988434612751007e-05,4.660164937376976,0.16457434697076678,True,0.017940377247132818,False
capacity,09,40,4.064010921865702,0.3437679260969162,8.009374141693115e-05,4.064091015607119,0.1686678039841354,True,0.0,False
capacity,09,41,4.059633007273078,0.3433369565755129,6.100162863731384e-05,4.059694008901715,0.1727556709665805,True,0.0,False
capacity,09,42,4.0732380002737045,0.354287913069129,8.102506399154663e-05,4.073319025337696,0.1768565410748124,True,0.006080290937420463,False
capacity,09,43,4.28277300670743,0.35396707244217396,9.988434612751007e-05,4.282872891053557,0.1811729478649795,True,0.0001227514994095689,False
capacity,09,44,4.0509270038455725,0.3458629362285137,8.987262845039368e-05,4.051016876474023,0.1852510159369558,True,0.0,False
capacity,09,45,4.057068144902587,0.34660310484468937,6.984919309616089e-05,4.057137994095683,0.1893434610683471,True,0.0,False
capacity,09,46,4.3860189616680145,0.34881802275776863,9.988434612751007e-05,4.386118846014142,0.19375664088875055,True,0.012356984273896237,False
capacity,09,47,4.141237121075392,0.3593279980123043,8.987262845039368e-05,4.141326993703842,0.19792696204967797,True,0.004393015781899891,False
capacity,09,48,4.087475128471851,0.35298499278724194,8.987262845039368e-05,4.087565001100302,0.20204278104938567,True,0.0,False
capacity,09,49,4.0732689667493105,0.35966793075203896,8.009374141693115e-05,4.073349060490727,0.20614425302483141,True,0.0,False
capacity,09,50,4.077516961842775,0.3502299077808857,0.00010011717677116394,4.0776170790195465,0.21025045402348042,True,0.0,False
capacity,09,51,4.193956032395363,0.3547188825905323,9.010545909404755e-05,4.194046137854457,0.21447322401218116,True,0.0,False
capacity,09,52,4.0807530749589205,0.34552207216620445,7.986091077327728e-05,4.080832935869694,0.21858255099505186,True,0.0,False
capacity,09,53,4.069861955940723,0.34625292755663395,0.00010011717677116394,4.069962073117495,0.22268626699224114,True,0.0,False
capacity,09,54,4.061426036059856,0.34568109549582005,9.988434612751007e-05,4.061525920405984,0.22677449393086135,True,0.0,False
capacity,09,55,4.606103058904409,0.35353610292077065,9.988434612751007e-05,4.606202943250537,0.23141372995451093,True,0.0,False
capacity,09,56,4.085260909050703,0.35159196704626083,9.103678166866302e-05,4.085351945832372,0.23552950890734792,True,0.0,False
capacity,09,57,4.076335113495588,0.34952908754348755,8.987262845039368e-05,4.076424986124039,0.2396346579771489,True,0.0,False
capacity,09,58,4.077175864949822,0.34742499701678753,9.010545909404755e-05,4.0772659704089165,0.2437402568757534,True,0.0,False
capacity,09,59,4.147077910602093,0.36414596252143383,6.0070306062698364e-05,4.147137980908155,0.2479214898776263,True,0.35759520438905823,False
capacity,09,60,4.071275005117059,0.35298499278724194,9.988434612751007e-05,4.071374889463186,0.2520221099257469,True,0.3444712092309725,False
capacity,09,61,4.073748830705881,0.35341596230864525,0.00010011717677116394,4.073848947882652,0.2561250638682395,True,0.3313472140728868,False
capacity,09,62,4.046638961881399,0.34371810033917427,8.987262845039368e-05,4.0467288345098495,0.2601991049014032,True,0.3182232189148011,False
capacity,09,63,4.623095039278269,0.3492780961096287,0.00010104849934577942,4.623196087777615,0.2648549419827759,True,0.3039580067864471,False
capacity,09,64,4.097454948350787,0.36658206954598427,8.009374141693115e-05,4.097535042092204,0.2689888649620116,True,0.0924646127885786,False
capacity,09,65,4.110118141397834,0.3643471281975508,7.986091077327728e-05,4.110198002308607,0.2731291700620204,True,0.09405368674457147,False
capacity,09,66,4.157857969403267,0.35203294828534126,0.00010104849934577942,4.157959017902613,0.27731593302451074,True,0.09507215221543029,False
capacity,09,67,4.8490408807992935,0.3841640427708626,0.000141095370054245,4.849181976169348,0.2822021138854325,True,0.09494940071602072,False
capacity,09,68,4.104457097128034,0.352214090526104,7.986091077327728e-05,4.104536958038807,0.2863392729777843,True,0.09482664921661117,False
capacity,09,69,4.2027628514915705,0.35376683808863163,0.00010011717677116394,4.202862968668342,0.29057342489250004,True,0.09470389771720159,False
capacity,09,70,4.099707817658782,0.3493279218673706,0.00011106021702289581,4.099818877875805,0.2947042318992317,True,0.09458114621779203,False
capacity,09,71,4.730687942355871,0.3743949346244335,9.103678166866302e-05,4.73077897913754,0.29946902487426996,True,0.08692368450007891,False
capacity,09,72,4.143441095948219,0.36526797339320183,0.0001708976924419403,4.143611993640661,0.3036548460368067,True,0.08397244087488048,False
capacity,09,73,4.355059936642647,0.3642668016254902,0.0001701992005109787,4.355230135843158,0.3080521950032562,True,0.14376060922969486,False
capacity,09,74,4.877233877778053,0.36977697163820267,0.0002009328454732895,4.877434810623527,0.31298004486598074,True,0.1439919536731442,False
capacity,09,75,4.316918086260557,0.3810680937021971,0.0001708976924419403,4.317088983952999,0.3173380410298705,True,0.1497554735499672,False
capacity,09,76,4.138191230595112,0.35316520370543003,0.00014086253941059113,4.138332093134522,0.32151278108358383,True,0.1611579263351213,False
capacity,09,77,4.120156867429614,0.35009998828172684,0.00017997808754444122,4.1203368455171585,0.325667732860893,True,0.1844795596450317,False
capacity,09,78,4.686644999310374,0.34679402597248554,0.00017997808754444122,4.686824977397919,0.33038616785779595,True,0.11798560561140334,False
capacity,09,79,4.118314012885094,0.35171303898096085,0.00017997808754444122,4.118493990972638,0.33453777502290905,True,0.08387944731472169,False
capacity,09,80,4.10624104551971,0.347835011780262,0.00016088597476482391,4.106401931494474,0.3386747839394957,True,0.06226402419141915,False
capacity,09,81,4.103044979274273,0.3434079699218273,8.009374141693115e-05,4.10312507301569,0.3428084759507328,True,0.04243407742316483,False
capacity,09,82,4.655285971239209,0.3496489953249693,0.00012014061212539673,4.655406111851335,0.3474923160392791,True,0.024389607009958715,False
capacity,09,83,4.110839916393161,0.3557510208338499,9.010545909404755e-05,4.110930021852255,0.3516402458772063,True,0.008130612951800845,False
capacity,09,84,4.650997929275036,0.3449798095971346,0.0001802109181880951,4.651178140193224,0.3563301370013505,True,0.0,False
capacity,09,85,4.449669038876891,0.3475160337984562,9.010545909404755e-05,4.449759144335985,0.3608099720440805,True,0.007792116392822946,False
capacity,09,86,4.137138137593865,0.36188215017318726,0.00010081566870212555,4.1372389532625675,0.3649776380043477,True,0.0015399733562290866,False
capacity,09,87,4.066226072609425,0.3499200101941824,8.987262845039368e-05,4.066315945237875,0.36907355999574065,True,0.0,False
capacity,09,88,4.047551192343235,0.34135417081415653,9.988434612751007e-05,4.0476510766893625,0.3731556960847229,True,0.0,False
capacity,09,89,4.07394883222878,0.34545082598924637,8.102506399154663e-05,4.074029857292771,0.3772582889068872,True,0.0,False
capacity,09,90,4.616854013875127,0.34528085961937904,8.009374141693115e-05,4.616934107616544,0.3819041480310261,True,0.0,False
capacity,09,91,4.074451047927141,0.35604205913841724,8.987262845039368e-05,4.074540920555592,0.3860086449421942,True,0.0,False
capacity,09,92,4.089368972927332,0.3538769669830799,0.00010989606380462646,4.0894788689911366,0.39012820087373257,True,0.0,False
capacity,09,93,4.104587947949767,0.34583196975290775,9.010545909404755e-05,4.104678053408861,0.39426675299182534,True,0.0,False
capacity,09,94,4.615190904587507,0.3902858588844538,0.00010011717677116394,4.615291021764278,0.3989245439879596,True,0.0,False
capacity,09,95,4.083699081093073,0.36004907451570034,9.988434612751007e-05,4.0837989654392,0.4030401729978621,True,0.0,False
capacity,09,96,4.070261958986521,0.3498089499771595,9.010545909404755e-05,4.070352064445615,0.40714128292165697,True,0.0,False
capacity,09,97,4.556670086458325,0.345360953360796,0.00010104849934577942,4.556771134957671,0.4117282209917903,True,0.0,False
capacity,09,98,4.07638493925333,0.353656942024827,9.988434612751007e-05,4.076484823599458,0.41583989188075066,True,0.0,False
capacity,09,99,4.1613951325416565,0.3487071953713894,0.00011990778148174286,4.161515040323138,0.4200294599868357,True,0.0038179436058781084,False
capacity,09,100,4.354448989033699,0.3653790336102247,9.010545909404755e-05,4.354539094492793,0.4244141560047865,True,0.007812203001817235,False
capacity,09,101,4.83503402210772,0.38016587495803833,0.00010104849934577942,4.835135070607066,0.42927984800189734,True,0.0,False
capacity,09,102,4.131617955863476,0.3638060297816992,0.00010989606380462646,4.13172785192728,0.43344523990526795,True,0.0,False
capacity,09,103,4.1609639301896095,0.354147981852293,0.00010011717677116394,4.161064047366381,0.43764526792801917,True,0.0,False
capacity,09,104,4.085060907527804,0.3484569024294615,0.00011012889444828033,4.085171036422253,0.4417602859903127,True,0.004388552091012268,False
capacity,09,105,4.656197968870401,0.3530159592628479,0.00012014061212539673,4.656318109482527,0.4464444760233164,True,0.009524028457219719,False
capacity,09,106,4.100470105186105,0.3494489938020706,9.010545909404755e-05,4.100560210645199,0.45057400106452405,True,0.012377070882890527,False
capacity,09,107,4.0713949128985405,0.3474140539765358,9.103678166866302e-05,4.071485949680209,0.45467330887913704,True,0.015230113308561334,False
capacity,09,108,4.102684091776609,0.34996005706489086,9.988434612751007e-05,4.102783976122737,0.4588048269506544,True,0.01808315573423214,False
capacity,09,109,4.580825101584196,0.354287913069129,9.988434612751007e-05,4.580924985930324,0.46341411606408656,True,0.020936198159902948,False
capacity,09,110,4.0656940545886755,0.3459220752120018,0.00010989606380462646,4.06580395065248,0.4675077029969543,True,0.023789240585573756,False
capacity,09,111,4.055876052007079,0.34343707375228405,9.010545909404755e-05,4.055966157466173,0.47159091103821993,True,0.026642283011244564,False
capacity,09,112,4.052449017763138,0.34224498085677624,9.080395102500916e-05,4.052539821714163,0.47568130190484226,True,0.02949532543691537,False
capacity,09,113,4.602727014571428,0.3431770019233227,9.010545909404755e-05,4.602817120030522,0.48031764198094606,True,0.03234836786258618,False
capacity,09,114,4.0569480042904615,0.3432969097048044,8.009374141693115e-05,4.0570280980318785,0.4844014709815383,True,0.033489584832854496,False
capacity,09,115,4.04950394295156,0.3422149457037449,8.009374141693115e-05,4.049584036692977,0.4884776850230992,True,0.03463080180312283,False
capacity,09,116,4.050896968692541,0.342977000400424,8.987262845039368e-05,4.0509868413209915,0.4925557628739625,True,0.035772018773391145,False
capacity,09,117,4.6609260607510805,0.34861708991229534,0.00011082738637924194,4.66103688813746,0.4972435599192977,True,0.03691323574365946,False
capacity,09,118,4.053622018545866,0.34104310907423496,0.00010989606380462646,4.053731914609671,0.5013238219544291,True,0.038054452713927794,False
capacity,09,119,4.0573391597718,0.34220493398606777,9.988434612751007e-05,4.0574390441179276,0.5054077610839158,True,0.03919566968419611,False
capacity,09,120,4.045746987685561,0.3396710380911827,7.986091077327728e-05,4.0458268485963345,0.5094801778905094,True,0.040336886654464436,False
capacity,09,121,4.646057961508632,0.3396701067686081,7.986091077327728e-05,4.646137822419405,0.5141531368717551,True,0.04147810362473276,False
capacity,09,122,4.054432967677712,0.34208502620458603,8.102506399154663e-05,4.054513992741704,0.5182352929841727,True,0.04147810362473276,False
capacity,09,123,4.029606003314257,0.3413630183786154,9.010545909404755e-05,4.029696108773351,0.5222982920240611,True,0.04147810362473276,False
capacity,09,124,4.051496973261237,0.34230505116283894,9.103678166866302e-05,4.051588010042906,0.5263806979637593,True,0.04147810362473276,False
capacity,09,125,4.658072022721171,0.34332810901105404,9.988434612751007e-05,4.658171907067299,0.5310653098858893,True,0.04147810362473276,False
capacity,09,126,4.046518122777343,0.3415441606193781,0.00010989606380462646,4.046628018841147,0.5351455810014158,True,0.04147810362473276,False
capacity,09,127,4.03352384455502,0.34021097235381603,9.010545909404755e-05,4.033613950014114,0.5392058158759028,True,0.04147810362473276,False
capacity,09,128,4.059432074427605,0.34262496046721935,9.103678166866302e-05,4.059523111209273,0.5432917680591345,True,0.04147810362473276,False
capacity,09,129,4.104207037016749,0.3456010017544031,7.008202373981476e-05,4.104277119040489,0.5474237180314958,True,0.04147810362473276,False
capacity,09,130,4.065775079652667,0.34174416214227676,8.987262845039368e-05,4.065864952281117,0.5515168639831245,True,0.04147810362473276,False
capacity,09,131,4.051206866279244,0.33937999978661537,9.010545909404755e-05,4.0512969717383385,0.5555947008542717,True,0.04147810362473276,False
capacity,09,132,4.070664057508111,0.33889804035425186,0.00010104849934577942,4.070765106007457,0.5596921760588884,True,0.04147810362473276,False
capacity,09,133,4.440129967406392,0.3373660147190094,8.987262845039368e-05,4.4402198400348425,0.564166379859671,True,0.04147810362473276,False
capacity,09,134,4.045766079798341,0.3368139732629061,8.102506399154663e-05,4.045847104862332,0.5682388669811189,True,0.16869084648469143,False
capacity,09,135,4.034776007756591,0.3362030256539583,0.00011106021702289581,4.034887067973614,0.572300303960219,True,0.1650460161909271,False
capacity,09,136,4.040256142616272,0.3360230475664139,0.00010104849934577942,4.040357191115618,0.576366970082745,True,0.2922381728424531,False
capacity,09,137,4.66198893263936,0.3391290083527565,0.00010011717677116394,4.662089049816132,0.5810591359622777,True,0.33005013989928506,False
capacity,09,138,4.068169044330716,0.3426661714911461,0.00010989606380462646,4.068278940394521,0.5851652259007096,True,0.39519385723298045,False
capacity,09,139,4.07153507694602,0.3414340317249298,7.986091077327728e-05,4.071614937856793,0.5892669579479843,True,0.46261254192012524,False
capacity,09,140,4.054823890328407,0.3368349280208349,9.103678166866302e-05,4.054914927110076,0.5933510179165751,True,0.5460681125622849,False
capacity,09,141,4.6544738579541445,0.3408829215914011,9.010545909404755e-05,4.6545639634132385,0.5980348968878388,True,0.5454706533458024,False
capacity,09,142,4.072888987138867,0.34634280018508434,0.00010011717677116394,4.0729891043156385,0.6021433330606669,True,0.46170644263446436,False
capacity,09,143,4.069893155246973,0.3390801139175892,8.987262845039368e-05,4.069983027875423,0.6062450350727886,True,0.5943674135640826,False
capacity,09,144,4.028583876788616,0.33802702091634274,0.00010011717677116394,4.028683993965387,0.6103006498888135,True,0.5920652994710245,False
capacity,09,145,4.500314127653837,0.340151134878397,9.988434612751007e-05,4.500414011999965,0.6148278750479221,True,0.5572245906799734,False
capacity,09,146,4.109166096895933,0.34562195651233196,9.010545909404755e-05,4.109256202355027,0.6189642620738596,True,1.030600393457188,False
capacity,09,147,4.053812008351088,0.34614279866218567,9.010545909404755e-05,4.053902113810182,0.6230449450667948,True,0.9952969604107667,False
capacity,09,148,4.061416024342179,0.3444189205765724,8.009374141693115e-05,4.061496118083596,0.6271374600473791,True,0.9731165957271822,True
capacity,09,149,4.096553195267916,0.3386491443961859,6.984919309616089e-05,4.096623044461012,0.6312605030834675,True,0.8564982561438315,True
capacity,09,150,4.072197014465928,0.3367648459970951,8.009374141693115e-05,4.072277108207345,0.6353594700340182,True,0.884362348484373,True
capacity,09,151,4.328550072386861,0.4126979038119316,0.00011012889444828033,4.328660201281309,0.639720241073519,True,0.8222324857128939,True
capacity,09,152,4.051868105307221,0.34462008625268936,7.986091077327728e-05,4.051947966217995,0.6438035180326551,True,0.7409869876790268,True
capacity,09,153,4.703927086666226,0.3807570319622755,6.100162863731384e-05,4.703988088294864,0.6485398770309985,True,0.733493411592466,True
capacity,09,154,4.057699115946889,0.34020119346678257,8.987262845039368e-05,4.057788988575339,0.6526254490017891,True,0.6930169248177123,True
capacity,09,155,4.064131062477827,0.3391189966350794,0.00010104849934577942,4.064232110977173,0.6567168920300901,True,0.6782388326455099,True
capacity,09,156,4.043443128466606,0.34574209712445736,8.987262845039368e-05,4.0435330010950565,0.6607868950814009,True,0.6456351456725371,True
capacity,09,157,4.2278210166841745,0.35118195228278637,8.009374141693115e-05,4.2279011104255915,0.6650416359771043,True,0.6084552700919075,False
capacity,09,158,4.066165070980787,0.34632300958037376,8.987262845039368e-05,4.066254943609238,0.6691345709841698,True,0.5864395431028071,False
capacity,09,159,4.0353769436478615,0.3383380826562643,9.010545909404755e-05,4.0354670491069555,0.6731963779311627,True,0.5144430229130464,False
capacity,09,160,4.4167558662593365,0.33968989737331867,8.009374141693115e-05,4.416835960000753,0.6776441729161888,True,0.5151808632763096,False
capacity,09,161,4.110648995265365,0.34016091376543045,8.009374141693115e-05,4.110729089006782,0.6817810819484293,True,0.4835391951774983,False
capacity,09,162,4.041730193421245,0.34734513610601425,8.987262845039368e-05,4.041820066049695,0.6858542910777032,True,0.4991788990642484,False
capacity,09,163,4.057518905028701,0.3455309197306633,8.009374141693115e-05,4.057598998770118,0.6899421769194305,True,0.42664619625241745,False
capacity,09,164,4.046377958729863,0.34658308140933514,9.010545909404755e-05,4.046468064188957,0.6940150249283761,True,0.45069326482304434,False
capacity,09,165,4.2999060824513435,0.3469542134553194,7.986091077327728e-05,4.299985943362117,0.6983410399407148,True,0.42639675507012076,False
capacity,09,166,4.049554001539946,0.34126313403248787,9.988434612751007e-05,4.049653885886073,0.7024176348932087,True,0.3946881689235369,False
capacity,09,167,4.043773049488664,0.34172413870692253,0.00010989606380462646,4.043882945552468,0.7064878479577601,True,0.37181896771483053,False
capacity,09,168,4.369886824861169,0.3409918863326311,9.103678166866302e-05,4.3699778616428375,0.7108844958711416,True,0.3648891556941327,False
capacity,09,169,4.105428932234645,0.34988997504115105,7.986091077327728e-05,4.105508793145418,0.7150168558582664,True,0.34473105938934523,False
capacity,09,170,4.066816996783018,0.3453309182077646,9.010545909404755e-05,4.066907102242112,0.7191102330107242,True,0.3739282822683026,False
capacity,09,171,4.039224935695529,0.34165498800575733,8.987262845039368e-05,4.039314808323979,0.7231793438550085,True,0.3159277605016415,False
capacity,09,172,4.055013880133629,0.3401809372007847,8.009374141693115e-05,4.055093973875046,0.7272649959195405,True,0.3320020032675942,False
capacity,09,173,4.09841607324779,0.3406321629881859,7.986091077327728e-05,4.098495934158564,0.7313945509959012,True,0.32931737801920036,False
capacity,09,174,4.047491122037172,0.3407930489629507,7.986091077327728e-05,4.047570982947946,0.7354682909790426,True,0.40653678155072387,False
capacity,09,175,4.051298135891557,0.3376970998942852,8.987262845039368e-05,4.051388008520007,0.7395460580009967,True,0.4019230718302932,False
capacity,09,176,4.369347123429179,0.33590407110750675,7.986091077327728e-05,4.3694269843399525,0.7439416740089655,True,0.4241750424631864,False
capacity,09,177,4.0974849835038185,0.34704385325312614,6.0070306062698364e-05,4.097545053809881,0.7480660700239241,True,0.4298160811214923,False
capacity,09,178,4.05821087770164,0.3398309927433729,9.010545909404755e-05,4.058300983160734,0.7521571419201791,True,0.32688217033205974,False
capacity,09,179,4.05001500621438,0.3406321629881859,9.080395102500916e-05,4.050105810165405,0.756233736872673,True,0.2948225171982881,False
capacity,09,180,4.363946849480271,0.33593294210731983,8.009374141693115e-05,4.364026943221688,0.7606239928863943,True,0.26129301458350024,False
capacity,09,181,4.170371918007731,0.3520639147609472,9.010545909404755e-05,4.1704620234668255,0.764826294966042,True,0.2669152067573845,False
capacity,09,182,4.04121819883585,0.339520163834095,8.987262845039368e-05,4.0413080714643,0.7688951750751585,True,0.2693912000785307,False
capacity,09,183,4.043332999572158,0.3374158404767513,9.010545909404755e-05,4.043423105031252,0.7729725120589137,True,0.23057754944483932,False
capacity,09,184,4.354448989033699,0.34044194035232067,0.00010011717677116394,4.35454910621047,0.7773537710309029,True,0.2176993072327608,False
capacity,09,185,4.089489113539457,0.33493107184767723,0.00011082738637924194,4.089599940925837,0.7814700009766966,True,0.19219123482560158,False
capacity,09,186,4.050504881888628,0.33333804458379745,9.103678166866302e-05,4.050595918670297,0.785547386854887,True,0.27280590870405325,False
capacity,09,187,4.044715082272887,0.3349119797348976,9.988434612751007e-05,4.044814966619015,0.7896185819990933,True,0.24283453202845548,False
capacity,09,188,4.05059615150094,0.3336281515657902,9.103678166866302e-05,4.050687188282609,0.7936959790531546,True,0.22206082838887428,False
capacity,09,189,4.138822201639414,0.33777719363570213,8.987262845039368e-05,4.138912074267864,0.797861471073702,True,0.1954053618440535,False
capacity,09,190,4.061315907165408,0.3399709239602089,0.00011012889444828033,4.061426036059856,0.801949166925624,True,0.21992047494112402,False
capacity,09,191,4.069330869242549,0.3425849135965109,8.102506399154663e-05,4.0694118943065405,0.8060520219150931,True,0.3846426670812071,False
capacity,09,192,4.057660000398755,0.3317960072308779,9.988434612751007e-05,4.057759884744883,0.810144075891003,True,0.550826862663289,False
capacity,09,193,4.65726014226675,0.3361941780894995,7.986091077327728e-05,4.657340003177524,0.8148360010236502,True,0.2957757551815238,False
capacity,09,194,4.068400012329221,0.34236605279147625,9.988434612751007e-05,4.068499896675348,0.8189322729595006,True,0.2410133796043954,False
capacity,09,195,4.050676012411714,0.3400309942662716,8.009374141693115e-05,4.0507561061531305,0.8230093789752573,True,0.361847305939151,False
capacity,09,196,4.376088967546821,0.33669499680399895,9.988434612751007e-05,4.376188851892948,0.8274167268536985,True,0.5047357194983544,False
capacity,09,197,4.118704004213214,0.3399909473955631,9.103678166866302e-05,4.118795040994883,0.8315625430550426,True,0.4156676902910092,False
capacity,09,198,4.0651538874953985,0.3396598622202873,8.009374141693115e-05,4.0652339812368155,0.8356543069239706,True,0.4103257605243719,False
capacity,09,199,4.05183807015419,0.3414431121200323,7.986091077327728e-05,4.051917931064963,0.8397327149286866,True,0.3287532539888821,False
capacity,09,200,4.38782200217247,0.3489579539746046,6.0070306062698364e-05,4.387882072478533,0.8441468770615757,True,0.3788652045196118,False
capacity,09,201,4.099797923117876,0.3456610720604658,9.103678166866302e-05,4.099888959899545,0.8482774728909135,True,0.27355497118784117,False
capacity,09,202,4.053831798955798,0.3415839746594429,8.009374141693115e-05,4.053911892697215,0.8523578748572618,True,0.25782672530200446,False
capacity,09,203,4.046899965032935,0.33978093415498734,9.010545909404755e-05,4.046990070492029,0.8564414139837027,True,0.21146803795610114,False
capacity,09,204,4.436664050444961,0.33761700615286827,7.986091077327728e-05,4.436743911355734,0.8609039559960365,True,0.2185448723516178,False
capacity,09,205,4.090972011908889,0.3433369565755129,0.00010011717677116394,4.09107212908566,0.8650213379878551,True,0.27267129479835417,False
capacity,09,206,4.0596830658614635,0.3441090229898691,9.010545909404755e-05,4.059773171320558,0.8691071700304747,True,0.17734505822747834,False
capacity,09,207,4.035067046061158,0.340412138029933,9.988434612751007e-05,4.035166930407286,0.8731690479908139,True,0.20732783767280277,False
capacity,09,208,4.036108963191509,0.33937999978661537,9.010545909404755e-05,4.036199068650603,0.8772317669354379,True,0.2345157906052611,False
capacity,09,209,4.174318863078952,0.33763586543500423,9.103678166866302e-05,4.1744098998606205,0.8814368639141321,True,0.21857828838614418,False
capacity,09,210,4.0387241169810295,0.3379271365702152,7.986091077327728e-05,4.038803977891803,0.8855026790406555,True,0.17374161303472954,False
capacity,09,211,4.059501923620701,0.340611906722188,9.010545909404755e-05,4.059592029079795,0.8895930589642376,True,0.29381225264198024,False
capacity,09,212,4.381881095468998,0.34379796124994755,8.987262845039368e-05,4.381970968097448,0.8940013500396162,True,0.33502041847588826,False
capacity,09,213,4.10043983720243,0.3507009241729975,0.00010011717677116394,4.100539954379201,0.8981322068721056,True,0.390748276304906,False
capacity,09,214,4.066515015438199,0.34505012445151806,0.00010104849934577942,4.066616063937545,0.9022254729643464,True,0.3570030420217243,False
capacity,09,215,4.053741926327348,0.3457418642938137,9.010545909404755e-05,4.053832031786442,0.9063056749291718,True,0.2995992798867762,False
capacity,09,216,4.35876683332026,0.3454210236668587,8.009374141693115e-05,4.358846927061677,0.9106907518580556,True,0.22432959692119708,False
capacity,09,217,4.107302986085415,0.3478860016912222,9.988434612751007e-05,4.107402870431542,0.9148249048739672,True,0.2567329012234613,False
capacity,09,218,4.064522217959166,0.3545780200511217,8.987262845039368e-05,4.064612090587616,0.9189160980749875,True,0.23997611020255016,False
capacity,09,219,4.072346957400441,0.35132188349962234,0.00010011717677116394,4.072447074577212,0.9230149849317968,True,0.24512243272474915,False
capacity,09,220,4.395305877551436,0.3541968762874603,7.008202373981476e-05,4.395375959575176,0.9274410088546574,True,0.24539510432566214,False
capacity,09,221,4.105169093236327,0.3536071162670851,8.987262845039368e-05,4.105258965864778,0.9315770859830081,True,0.24518924224133548,False
capacity,09,222,4.0608050767332315,0.3468440845608711,9.010545909404755e-05,4.060895182192326,0.9356645210646093,True,0.2550647295825124,False
capacity,09,223,4.06620604917407,0.3475658595561981,0.00010011717677116394,4.0663061663508415,0.9397615450434387,True,0.2512980656685815,False
capacity,09,224,4.052991047501564,0.3526650834828615,8.009374141693115e-05,4.053071141242981,0.9438412860035896,True,0.2455591817638764,False
capacity,09,225,4.112001974135637,0.35415799356997013,8.987262845039368e-05,4.112091846764088,0.947980027878657,True,0.24280208387836086,False
capacity,09,226,4.052629927173257,0.352214090526104,9.010545909404755e-05,4.052720032632351,0.9520589169114828,True,0.2514311490011629,False
capacity,09,227,4.052711185067892,0.34732511267066,7.986091077327728e-05,4.052791045978665,0.9561440590769053,True,0.25010253500636914,False
capacity,09,228,4.057369194924831,0.3475751727819443,7.986091077327728e-05,4.057449055835605,0.9602278070524335,True,0.2666877487807895,False
capacity,09,229,4.636540077626705,0.3458121791481972,9.988434612751007e-05,4.636639961972833,0.9648908369708806,True,0.29614408760229116,False
capacity,09,230,4.0718859527260065,0.35837595351040363,0.00010011717677116394,4.071986069902778,0.9689934409689158,True,0.2815738181125456,False
capacity,09,231,4.054201999679208,0.35022012889385223,8.102506399154663e-05,4.054283024743199,0.9730742538813502,True,0.35161665649245827,False
capacity,09,232,4.3639871291816235,0.3472741227596998,9.988434612751007e-05,4.364087013527751,0.977470793062821,True,0.3001682593404417,False
capacity,09,233,4.120337078347802,0.3487272188067436,9.988434612751007e-05,4.12043696269393,0.9816247129347175,True,0.3663374717658047,False
capacity,09,234,4.0598728228360415,0.3306330181658268,9.010545909404755e-05,4.0599629282951355,0.9857118378859013,True,0.32112066849433935,False
capacity,09,235,4.033904988318682,0.3324470017105341,8.009374141693115e-05,4.033985082060099,0.9897723030298948,True,0.33219757920423165,False
capacity,09,236,4.060204140841961,0.33553200773894787,7.986091077327728e-05,4.060284001752734,0.9938590370584279,True,0.3592427296648113,False
capacity,09,237,4.2871718760579824,0.3408319316804409,9.010545909404755e-05,4.2872619815170765,0.9981790708843619,True,0.32795345300624346,False
capacity,09,238,4.025829024612904,0.330301932990551,0.00010104849934577942,4.025930073112249,1.0022312100045383,True,0.3455623906104176,False
capacity,09,239,4.043633118271828,0.331545015797019,0.00011082738637924194,4.043743945658207,1.0063013629987836,True,0.33447497931344117,False
capacity,09,240,4.349338822066784,0.33118389546871185,9.010545909404755e-05,4.349428927525878,1.0106820708606392,True,0.3502135666540994,False
capacity,09,241,4.091742914170027,0.33336784690618515,0.00010011717677116394,4.091843031346798,1.0148008449468762,True,0.44412177659188906,False
capacity,09,242,4.050086019560695,0.335663091391325,8.987262845039368e-05,4.050175892189145,1.018877490889281,True,0.3869784361605332,False
capacity,09,243,4.027602961286902,0.3352018538862467,9.010545909404755e-05,4.0276930667459965,1.0229356710333377,True,0.362381475957218,False
capacity,09,244,4.04311204329133,0.33522211015224457,9.010545909404755e-05,4.043202148750424,1.0270055530127138,True,0.36796378223198534,False
capacity,09,245,4.20398497954011,0.3396999090909958,9.010545909404755e-05,4.204075084999204,1.0312363889534026,True,0.377988576980791,False
capacity,09,246,4.02596895582974,0.33027189783751965,9.010545909404755e-05,4.026059061288834,1.0352924750186503,True,0.4092936185424709,False
capacity,09,247,4.043622873723507,0.33198599703609943,0.00010011717677116394,4.043722990900278,1.0393627579323947,True,0.4006960554837668,False
capacity,09,248,4.022793844342232,0.33306796103715897,9.010545909404755e-05,4.022883949801326,1.0434118518605828,True,0.4320426798477175,False
capacity,09,249,4.599940963089466,0.3329669125378132,9.010545909404755e-05,4.60003106854856,1.0480378719512373,True,0.4170842357114131,False
capacity,09,250,4.052800126373768,0.34092296846210957,9.988434612751007e-05,4.052900010719895,1.0521217710338533,True,0.3983142818688301,False
capacity,09,251,4.035597899928689,0.3338288515806198,0.00010011717677116394,4.03569801710546,1.05618382897228,True,0.4044163707743584,False
capacity,09,252,4.034255165606737,0.3321859985589981,8.987262845039368e-05,4.0343450382351875,1.0602441530209035,True,0.3851158437605349,False
capacity,09,253,4.188525956124067,0.3401818685233593,7.008202373981476e-05,4.188596038147807,1.0644646489527076,True,0.3806902681194469,False
capacity,09,254,4.053420852869749,0.33293687738478184,8.009374141693115e-05,4.053500946611166,1.0685448308940977,True,0.3828067446265615,False
capacity,09,255,4.057598998770118,0.33424003049731255,6.0070306062698364e-05,4.0576590690761805,1.0726292510516942,True,0.38658618882602497,False
capacity,09,256,4.051747964695096,0.3342600539326668,7.101334631443024e-05,4.0518189780414104,1.0767073389142752,True,0.4010540077494601,False
capacity,09,257,4.63857501745224,0.33212616108357906,8.987262845039368e-05,4.63866489008069,1.0813722528982908,True,0.3796998342550024,False
capacity,09,258,4.046738846227527,0.335001852363348,9.010545909404755e-05,4.046828951686621,1.085449979873374,True,0.3714466778899002,False
capacity,09,259,4.043652908876538,0.33171498216688633,0.00010011717677116394,4.043753026053309,1.0895248618908226,True,0.3390357972507035,False
capacity,09,260,4.05414286069572,0.3336688969284296,7.008202373981476e-05,4.0542129427194595,1.093605063855648,True,0.33994503421125555,False
capacity,09,261,4.182745004072785,0.3335189539939165,7.986091077327728e-05,4.182824864983559,1.0978146989364177,True,0.33581421996453614,False
capacity,09,262,4.052068805322051,0.34044100902974606,6.0070306062698364e-05,4.052128875628114,1.101893558865413,True,0.3674146891260211,False
capacity,09,263,4.045455949380994,0.33925985917449,0.00010011717677116394,4.045556066557765,1.1059700129553676,True,0.37578916907575843,False
capacity,09,264,4.046098096296191,0.33948011696338654,8.987262845039368e-05,4.046187968924642,1.1100424509495497,True,0.35495687219247263,False
capacity,09,265,4.648091970011592,0.34070201218128204,0.00010104849934577942,4.648193018510938,1.1147170329932123,True,0.3733441557895253,False
capacity,09,266,4.043822875246406,0.33364887349307537,0.00011012889444828033,4.043933004140854,1.1187875459436327,True,0.3858591157315354,False
capacity,09,267,4.05670702457428,0.340350903570652,9.103678166866302e-05,4.0567980613559484,1.122870994033292,True,0.3992038628406558,False
capacity,09,268,4.029375966638327,0.33748592250049114,9.010545909404755e-05,4.029466072097421,1.1269266300369054,True,0.39868552268690066,False
capacity,09,269,4.101672908291221,0.3448100760579109,9.010545909404755e-05,4.101763013750315,1.1310619958676398,True,0.4004271286163085,False
capacity,09,270,4.0466689970344305,0.3320658579468727,0.00010011717677116394,4.046769114211202,1.1351407750044018,True,0.37547446797236256,False
capacity,09,271,4.0392649825662374,0.3319159150123596,8.009374141693115e-05,4.039345076307654,1.139206700026989,True,0.36317130538805936,False
capacity,09,272,4.0432719979435205,0.332175986841321,0.00010104849934577942,4.043373046442866,1.143276521936059,True,0.3771062985880441,False
capacity,09,273,4.59243799559772,0.33327890560030937,0.00010011717677116394,4.592538112774491,1.1478994169738144,True,0.37316534570347715,False
capacity,09,274,4.037772072479129,0.3383180592209101,0.00010011717677116394,4.0378721896559,1.1519640190526843,True,0.39837779873982493,False
capacity,09,275,4.0553349535912275,0.33823796547949314,8.009374141693115e-05,4.0554150473326445,1.1560457239393145,True,0.3787112351649106,False
capacity,09,276,4.396267933771014,0.3380170091986656,9.010545909404755e-05,4.396358039230108,1.1604677399154752,True,0.38469309755204584,False
capacity,09,277,4.1153880301862955,0.3333180211484432,0.00010989606380462646,4.1154979262501,1.164609577972442,True,0.3827156736126716,False
capacity,09,278,4.043373046442866,0.3342600539326668,6.984919309616089e-05,4.0434428956359625,1.1686790599487722,True,0.4035070553717619,False
capacity,09,279,4.060504958033562,0.3329380415380001,8.987262845039368e-05,4.060594830662012,1.1727706328965724,True,0.3905915437042681,False
capacity,09,280,4.825787153095007,0.3670922014862299,0.00014994293451309204,4.82593709602952,1.1776326480321586,True,0.39787997983330264,False
capacity,09,281,4.088817862793803,0.3464228939265013,0.00011012889444828033,4.0889279916882515,1.1817540179472417,True,0.39446335799138293,False
capacity,09,282,4.05195914208889,0.34109316766262054,9.988434612751007e-05,4.052059026435018,1.18583607301116,True,0.4111510436360313,False
capacity,09,283,4.087997134774923,0.3861580044031143,8.987262845039368e-05,4.088087007403374,1.189956451067701,True,0.3985385746189696,False
capacity,09,284,4.030467942357063,0.338998856022954,9.103678166866302e-05,4.030558979138732,1.1940144510008395,True,0.3925745434086552,False
capacity,09,285,4.136076895520091,0.3407429903745651,8.009374141693115e-05,4.136156989261508,1.1981778489425778,True,0.40126918276268275,False
capacity,09,286,4.05518407933414,0.33482094295322895,0.00010104849934577942,4.055285127833486,1.2022597340401262,True,0.41819799937515345,False
capacity,09,287,4.057168960571289,0.33563305623829365,8.987262845039368e-05,4.0572588331997395,1.206343422876671,True,0.38185260360417184,False
capacity,09,288,4.175450885668397,0.34342706203460693,0.00011106021702289581,4.17556194588542,1.2105474178679287,True,0.41300534231377684,False
capacity,09,289,4.310405813157558,0.37252181209623814,0.00011106021702289581,4.310516873374581,1.214900123886764,True,0.41891586916676204,False
capacity,09,290,4.116629948839545,0.3488878719508648,0.00010011717677116394,4.116730066016316,1.2190546549391001,True,0.40321554541345617,False
capacity,09,291,4.189127124845982,0.342715997248888,0.00010989606380462646,4.189237020909786,1.2232829260174185,True,0.41938757014789474,False
capacity,09,292,4.43192501552403,0.3387180622667074,0.00010989606380462646,4.432034911587834,1.2277470119297504,True,0.4396300775601218,False
capacity,09,293,4.405645187944174,0.3604691009968519,0.0001708976924419403,4.405816085636616,1.2322029820643365,True,0.4346999376639271,False
capacity,09,294,4.381780046969652,0.35310606472194195,0.00018998980522155762,4.381970036774874,1.236624056007713,True,0.6556157334766055,False
capacity,09,295,4.242398077622056,0.34159398637712,0.00016996636986732483,4.242568043991923,1.2409007290843874,True,0.5711393666598468,False
capacity,09,296,4.703636979684234,0.3447900526225567,0.00014994293451309204,4.703786922618747,1.245639270870015,True,0.7274990059331801,False
capacity,09,297,4.128372995182872,0.34590205177664757,0.00015995465219020844,4.128532949835062,1.2498040630016476,True,0.628732841184816,False
capacity,09,298,4.104747902601957,0.34233578480780125,0.00010011717677116394,4.1048480197787285,1.253948915982619,True,0.6537484820240506,False
capacity,09,299,4.110498819500208,0.34037185832858086,0.00013015232980251312,4.11062897183001,1.2580906338989735,True,0.5869308642270815,False
capacity,09,300,4.369097063317895,0.3355529624968767,0.00011012889444828033,4.369207192212343,1.262491611065343,True,0.5137255264835575,False
capacity,09,301,4.104056861251593,0.3343508578836918,9.010545909404755e-05,4.104146966710687,1.2666315948590636,True,0.45669268791681017,False
capacity,09,302,4.054953809827566,0.330792972818017,9.103678166866302e-05,4.055044846609235,1.2707138508558273,True,0.8916623230485348,False
capacity,09,303,4.051286960020661,0.33189612440764904,8.987262845039368e-05,4.051376832649112,1.2747974388767034,True,0.7752522715142406,False
capacity,09,304,4.549326840788126,0.33832783810794353,8.009374141693115e-05,4.549406934529543,1.2793735458981246,True,0.7650826673383062,True
capacity,09,305,4.048041068017483,0.334420008584857,0.00010104849934577942,4.0481421165168285,1.2834496300201863,True,0.767636397668112,True
capacity,09,306,4.049353068694472,0.3333680797368288,9.080395102500916e-05,4.049443872645497,1.2875259439460933,True,0.8207700245606844,True
capacity,09,307,4.039615858346224,0.3325568977743387,9.010545909404755e-05,4.039705963805318,1.2915922498796135,True,0.7923455277332829,True
capacity,09,308,4.059301922097802,0.3314749337732792,0.00010011717677116394,4.059402039274573,1.2956839229445904,True,0.7220549429049634,True
capacity,09,309,4.664332838729024,0.3309529274702072,9.103678166866302e-05,4.664423875510693,1.3003755079116672,True,0.8622827473700964,True
capacity,09,310,4.04718890786171,0.3317550290375948,8.009374141693115e-05,4.0472690016031265,1.3044498478993773,True,0.7327487189044647,True
capacity,09,311,4.036930855363607,0.33049285411834717,8.009374141693115e-05,4.037010949105024,1.308513328898698,True,0.5927995429129583,False
capacity,09,312,4.62199398316443,0.32954104244709015,8.987262845039368e-05,4.62208385579288,1.3131663908716291,True,0.5134490253377184,False
capacity,09,313,4.0426000487059355,0.3333878703415394,9.103678166866302e-05,4.042691085487604,1.3172397990711033,True,0.5122204811179119,False
capacity,09,314,4.038684070110321,0.330053037032485,7.986091077327728e-05,4.038763931021094,1.3213049529585987,True,0.47680933220296945,False
capacity,09,315,4.029015079140663,0.3304420970380306,9.103678166866302e-05,4.029106115922332,1.3253608690574765,True,0.44998681720291306,False
capacity,09,316,4.6346469316631556,0.3299219533801079,9.010545909404755e-05,4.63473703712225,1.3300220759119838,True,0.40515506028169934,False
capacity,09,317,4.05691796913743,0.33844797872006893,0.00010104849934577942,4.057019017636776,1.3341052439063787,True,0.46069567127460775,False
capacity,09,318,4.033253062516451,0.3310639876872301,0.00010989606380462646,4.0333629585802555,1.3381695849820971,True,0.42150412275049914,False
capacity,09,319,4.0440340526402,0.33193593844771385,9.988434612751007e-05,4.044133936986327,1.342239998979494,True,0.3732293834877856,False
capacity,09,320,4.633905133232474,0.33093406818807125,8.987262845039368e-05,4.633995005860925,1.3468999830074608,True,0.36048727722327933,False
capacity,09,321,4.056127043440938,0.33514201641082764,8.009374141693115e-05,4.056207137182355,1.350983140990138,True,0.33488151949444483,False
capacity,09,322,4.031228832900524,0.3322858829051256,9.010545909404755e-05,4.031318938359618,1.3550455688964576,True,0.30094936290503754,False
capacity,09,323,4.046909045428038,0.33487100154161453,8.987262845039368e-05,4.046998918056488,1.3591231359168887,True,0.27612796078224566,False
capacity,09,324,4.626631969586015,0.3309939056634903,0.00010011717677116394,4.626732086762786,1.3637763080187142,True,0.21923048174616744,False
capacity,09,325,4.046939080581069,0.33520208671689034,9.988434612751007e-05,4.0470389649271965,1.3678497769869864,True,0.17925261150403093,False
capacity,09,326,4.048401955515146,0.33460999839007854,0.00010104849934577942,4.048503004014492,1.3719250198919326,True,0.21087409905778914,False
capacity,09,327,4.048452014103532,0.33780583180487156,9.103678166866302e-05,4.0485430508852005,1.3760000220499933,True,0.2158725682168212,False
capacity,09,328,4.6431629452854395,0.3462929744273424,7.986091077327728e-05,4.643242806196213,1.3806746038608253,True,0.19160755858282116,False
capacity,09,329,4.0420591831207275,0.3324660938233137,9.080395102500916e-05,4.0421499870717525,1.3847435540519655,True,0.20797639337990084,False
capacity,09,330,4.0349760092794895,0.33686496317386627,0.00010104849934577942,4.035077057778835,1.3888057719450444,True,0.20305097204828954,False
capacity,09,331,4.054623888805509,0.33524190075695515,8.009374141693115e-05,4.0547039825469255,1.3928875068668276,True,0.2073196083293044,False
capacity,09,332,4.581046057865024,0.3381771966814995,9.988434612751007e-05,4.581145942211151,1.3974954339209944,True,0.2109276275989994,False
capacity,09,333,4.593529971316457,0.34310691989958286,0.00010011717677116394,4.593630088493228,1.4021230679936707,True,0.2288559185435861,False
capacity,10,0,3.786227898672223,0.32338988967239857,7.008202373981476e-05,3.786297980695963,0.003805663902312517,False,,
capacity,10,1,3.790335962548852,0.3265261184424162,0.00014994293451309204,3.790485905483365,0.00761840189807117,False,,
capacity,10,2,4.238809924572706,0.3287089057266712,0.00012107193470001221,4.238930996507406,0.011878982884809375,False,,
capacity,10,3,3.838946809992194,0.323308864608407,0.00013015232980251312,3.8390769623219967,0.015740512870252132,False,,
capacity,10,4,3.7936209701001644,0.33003208227455616,0.00012991949915885925,3.7937508895993233,0.019555874867364764,False,,
capacity,10,5,3.791778814047575,0.33006281591951847,0.00012014061212539673,3.7918989546597004,0.023369334870949388,False,,
capacity,10,6,4.175741923972964,0.3241610247641802,0.00014086253941059113,4.175882786512375,0.027566857868805528,False,,
capacity,10,7,3.8406611420214176,0.3294721245765686,0.00013993121683597565,3.8408010732382536,0.03142921905964613,False,,
capacity,10,8,3.792589996010065,0.3250930458307266,0.00010989606380462646,3.7926998920738697,0.035243759863078594,False,,
capacity,10,9,3.7881508469581604,0.3258639480918646,0.00011012889444828033,3.7882609758526087,0.039059121860191226,False,,
capacity,10,10,4.254760919138789,0.32628513872623444,0.00012107193470001221,4.254881991073489,0.043335934868082404,False,,
capacity,10,11,3.8408408872783184,0.3271468449383974,0.00012014061212539673,3.840961027890444,0.04719882691279054,False,,
capacity,10,12,3.7895641289651394,0.32783811911940575,0.00011990778148174286,3.789684036746621,0.05101028201170266,False,,
capacity,10,13,3.813348012045026,0.32745697535574436,0.0001310836523771286,3.813479095697403,0.054845120990648866,False,,
capacity,10,14,3.7977290339767933,0.3307040315121412,9.988434612751007e-05,3.797828918322921,0.05866454099304974,False,,
capacity,10,15,4.075642907992005,0.3323969431221485,0.00012014061212539673,4.075763048604131,0.06276222597807646,False,,
capacity,10,16,3.9964138995856047,0.33250683918595314,0.00012014061212539673,3.99653404019773,0.06678086193278432,False,,
capacity,10,17,3.9975959807634354,0.33477088436484337,0.00011106021702289581,3.9977070409804583,0.07080066995695233,False,,
capacity,10,18,4.3205751571804285,0.33393013291060925,0.00011990778148174286,4.32069506496191,0.07514375704340637,False,,
capacity,10,19,4.062898922711611,0.32851891592144966,0.000141095370054245,4.063040018081665,0.07923393789678812,False,,
capacity,10,20,4.00547101162374,0.32857898622751236,0.00013015232980251312,4.005601163953543,0.08326219208538532,False,,
capacity,10,21,4.021300934255123,0.3297820221632719,0.00013015232980251312,4.021431086584926,0.08730558399111032,False,,
capacity,10,22,4.321336047723889,0.32921996898949146,0.00013993121683597565,4.321475978940725,0.09164907201193273,False,,
capacity,10,23,4.0669068694114685,0.336754834279418,0.00014016404747962952,4.067047033458948,0.09574181796051562,False,,
capacity,10,24,4.0063029155135155,0.33515202812850475,0.00013993121683597565,4.0064428467303514,0.09977097390219569,False,,
capacity,10,25,3.9947598706930876,0.3335378132760525,0.0001310836523771286,3.9948909543454647,0.10378803592175245,False,,
capacity,10,26,4.022303037345409,0.33731618896126747,0.00012991949915885925,4.022432956844568,0.10783267091028392,False,,
capacity,10,27,4.156806971877813,0.3310039173811674,0.00013015232980251312,4.156937124207616,0.11201782105490565,False,,
capacity,10,28,4.008636111393571,0.3312239423394203,0.00011106021702289581,4.008747171610594,0.11604871903546154,False,,
capacity,10,29,4.001392982900143,0.3304830752313137,0.00012991949915885925,4.0015229023993015,0.12007689289748669,False,,
capacity,10,30,4.000702174380422,0.32993219792842865,0.00011990778148174286,4.000822082161903,0.12409974704496562,False,,
capacity,10,31,4.659894155338407,0.3663599491119385,0.00012991949915885925,4.660024074837565,0.12878190306946635,False,,
capacity,10,32,3.997416002675891,0.33790688030421734,0.00013015232980251312,3.9975461550056934,0.1328028440475464,False,,
capacity,10,33,4.017062019556761,0.3380069974809885,0.00011990778148174286,4.0171819273382425,0.13684222800657153,False,,
capacity,10,34,4.064452834427357,0.3297820221632719,0.00013015232980251312,4.064582986757159,0.140929072862491,False,,
capacity,10,35,4.288074094802141,0.3366048913449049,0.00013993121683597565,4.288214026018977,0.145242314087227,True,0.03377154130725585,False
capacity,10,36,4.047741182148457,0.33045304007828236,9.988434612751007e-05,4.047841066494584,0.14931825804524124,True,0.031188552180286093,False
capacity,10,37,4.03235200792551,0.3318560775369406,9.010545909404755e-05,4.0324421133846045,0.1533769490197301,True,0.02964857882405701,False
capacity,10,38,4.0495439898222685,0.32771797850728035,9.010545909404755e-05,4.0496340952813625,0.1574584930203855,True,0.028703764252844002,False
capacity,10,39,4.501436138525605,0.3276381175965071,7.986091077327728e-05,4.5015159994363785,0.16199135803617537,True,0.028354108466647043,False
capacity,10,40,4.023825051262975,0.32436102628707886,0.00010104849934577942,4.0239260997623205,0.1660417839884758,True,0.028354108466647043,False
capacity,10,41,4.02320409193635,0.3208550624549389,8.009374141693115e-05,4.023284185677767,0.17009140807203948,True,0.009904186131148749,False
capacity,10,42,4.02117008343339,0.32184598967432976,8.987262845039368e-05,4.02125995606184,0.17414358700625598,True,0.004742237744933636,False
capacity,10,43,4.626440815627575,0.3217458724975586,0.00010011717677116394,4.626540932804346,0.1787963279057294,True,0.00109955585531719,False
capacity,10,44,4.066636087372899,0.3311040345579386,9.988434612751007e-05,4.066735971719027,0.18288989504799247,True,0.02234240283919076,False
capacity,10,45,4.020970081910491,0.3245419356971979,9.010545909404755e-05,4.021060187369585,0.18693725508637726,True,0.000842149680797737,False
capacity,10,46,4.032803000882268,0.323370099067688,0.00010989606380462646,4.032912896946073,0.19099650788120925,True,0.0,False
capacity,10,47,4.2992751114070415,0.3299219533801079,9.988434612751007e-05,4.299374995753169,0.1953220320865512,True,0.0,False
capacity,10,48,4.046277143061161,0.34215510822832584,9.103678166866302e-05,4.04636817984283,0.199399498058483,True,0.0,False
capacity,10,49,4.044764908030629,0.32696686685085297,9.010545909404755e-05,4.044855013489723,0.20347918896004558,True,0.0,False
capacity,10,50,4.036228870972991,0.3270059823989868,8.009374141693115e-05,4.036308964714408,0.20754216890782118,True,0.0,False
capacity,10,51,4.629658069461584,0.33499207347631454,9.010545909404755e-05,4.629748174920678,0.21219854708760977,True,0.0,False
capacity,10,52,4.0364800952374935,0.3293710760772228,9.988434612751007e-05,4.036579979583621,0.21626237803138793,True,0.0,False
capacity,10,53,4.0393241215497255,0.3293100744485855,8.102506399154663e-05,4.039405146613717,0.22032821201719344,True,0.0,False
capacity,10,54,4.053681856021285,0.3345808945596218,8.009374141693115e-05,4.053761949762702,0.2244083438999951,True,0.0,False
capacity,10,55,4.172074841335416,0.3302020486444235,9.103678166866302e-05,4.1721658781170845,0.2286114578600973,True,0.0,False
capacity,10,56,4.03350405395031,0.33392012119293213,8.987262845039368e-05,4.03359392657876,0.23267137096263468,True,0.0,False
capacity,10,57,4.040776984766126,0.336123863235116,0.00010011717677116394,4.040877101942897,0.2367386780679226,True,0.0,False
capacity,10,58,4.034636076539755,0.3340591210871935,8.102506399154663e-05,4.034717101603746,0.2408041530288756,True,0.0,False
capacity,10,59,4.6440449077636,0.33128494396805763,0.00010011717677116394,4.6441450249403715,0.24548417492769659,True,0.0,False
capacity,10,60,4.029315896332264,0.3330379258841276,8.009374141693115e-05,4.029395990073681,0.2495404619257897,True,0.0,False
capacity,10,61,4.038162995129824,0.3329778555780649,0.00010011717677116394,4.038263112306595,0.25360491406172514,True,0.0,False
capacity,10,62,4.0469691157341,0.3350221086293459,8.987262845039368e-05,4.047058988362551,0.2576785529963672,True,0.0,False
capacity,10,63,4.6482631005346775,0.33408007584512234,0.00010989606380462646,4.648372996598482,0.26235338603146374,True,0.0,False
capacity,10,64,4.033464007079601,0.32890005968511105,7.008202373981476e-05,4.033534089103341,0.26641387096606195,True,0.0,False
capacity,10,65,4.05277987010777,0.3291310276836157,0.00010011717677116394,4.052879987284541,0.27049335092306137,True,0.0,False
capacity,10,66,4.038704093545675,0.33499207347631454,9.988434612751007e-05,4.038803977891803,0.2745579939801246,True,0.0,False
capacity,10,67,4.095191136002541,0.34135417081415653,0.00010989606380462646,4.095301032066345,0.2786801550537348,True,0.0,False
capacity,10,68,4.052209202200174,0.3369350451976061,0.00010989606380462646,4.052319098263979,0.28277382208034396,True,0.0,False
capacity,10,69,4.031650954857469,0.33296807669103146,0.00010989606380462646,4.031760850921273,0.28684336389414966,True,0.0026767266356097844,False
capacity,10,70,4.0426000487059355,0.3311240579932928,9.080395102500916e-05,4.0426908526569605,0.2909123639110476,True,0.007812203001817235,False
capacity,10,71,4.63066017255187,0.3299920354038477,8.987262845039368e-05,4.630750045180321,0.29556899308227,True,0.011806462397756366,False
capacity,10,72,4.047441063448787,0.3462929744273424,8.987262845039368e-05,4.047530936077237,0.29964288300834596,True,0.0158007217936955,False
capacity,10,73,4.0474398992955685,0.3341599367558956,0.00010011717677116394,4.04754001647234,0.3037170129828155,True,0.019224372704500465,False
capacity,10,74,4.043261986225843,0.3357131499797106,9.988434612751007e-05,4.043361870571971,0.30778662487864494,True,0.022077415130171273,False
capacity,10,75,4.594660829752684,0.33807684667408466,0.00011012889444828033,4.594770958647132,0.3124076658859849,True,0.02493045755584208,False
capacity,10,76,4.042881075292826,0.3291410394012928,0.00011990778148174286,4.043000983074307,0.31647696695290506,True,0.027212891496378722,False
capacity,10,77,4.035127116367221,0.33691502176225185,0.00010104849934577942,4.035228164866567,0.3205430230591446,True,0.02949532543691537,False
capacity,10,78,4.411746980622411,0.3362540155649185,9.988434612751007e-05,4.411846864968538,0.32498102891258895,True,0.031777759377452024,False
capacity,10,79,4.101702943444252,0.33054291270673275,0.00011990778148174286,4.101822851225734,0.32911319890990853,True,0.03406019331798866,False
capacity,10,80,4.041608888655901,0.33193593844771385,9.010545909404755e-05,4.041698994114995,0.3331813078839332,True,0.03634262725852531,False
capacity,10,81,4.0353769436478615,0.32876012846827507,7.986091077327728e-05,4.035456804558635,0.3372429038863629,True,0.03862506119906196,False
capacity,10,82,4.051217110827565,0.3300819080322981,0.00010104849934577942,4.051318159326911,0.3413244590628892,True,0.03919566968419611,False
capacity,10,83,4.19474788941443,0.3360339906066656,0.00010011717677116394,4.194848006591201,0.3455464879516512,True,0.040336886654464436,False
capacity,10,84,4.033624194562435,0.33500115387141705,7.986091077327728e-05,4.033704055473208,0.3496064720675349,True,0.04147810362473276,False
capacity,10,85,4.052388947457075,0.3368849866092205,8.009374141693115e-05,4.052469041198492,0.3536860819440335,True,0.06615461565706166,False
capacity,10,86,4.042711108922958,0.33615296706557274,7.986091077327728e-05,4.042790969833732,0.3577550230547786,True,0.05866150464769677,False
capacity,10,87,4.6042799949646,0.34124311059713364,0.00010989606380462646,4.604389891028404,0.36238965997472405,True,0.09065896208915403,False
capacity,10,88,4.040997941046953,0.3296509385108948,0.00010011717677116394,4.041098058223724,0.3664566669613123,True,0.03183300224013327,False
capacity,10,89,4.028524039313197,0.3328269813209772,8.102506399154663e-05,4.028605064377189,0.37051528808660805,True,0.11404070744632294,False
capacity,10,90,4.412257811054587,0.333248870447278,0.00010011717677116394,4.4123579282313585,0.3749537148978561,True,0.10376001169910942,False
capacity,10,91,4.074121126905084,0.32996293157339096,9.988434612751007e-05,4.074221011251211,0.37905405508354306,True,0.4447351610124123,False
capacity,10,92,4.031650954857469,0.3276979550719261,9.010545909404755e-05,4.031741060316563,0.38311186502687633,True,0.41817661592948674,False
capacity,10,93,4.043031949549913,0.32686605118215084,8.009374141693115e-05,4.04311204329133,0.3871812759898603,True,0.4623377425765857,False
capacity,10,94,4.057107958942652,0.32771797850728035,0.00010989606380462646,4.057217855006456,0.3912688009440899,True,0.4643614260076604,False
capacity,10,95,4.1946780402213335,0.332757830619812,0.00010011717677116394,4.194778157398105,0.39548997906968,True,0.4041288182915249,False
capacity,10,96,4.06206795014441,0.3327170852571726,0.00010011717677116394,4.062168067321181,0.3995785969309509,True,0.4670871429827014,False
capacity,10,97,4.0404468309134245,0.3360239788889885,0.00010011717677116394,4.040546948090196,0.4036496009211987,True,0.8095112079390621,False
capacity,10,98,4.03541699051857,0.3363939467817545,0.00010011717677116394,4.035517107695341,0.4077113380189985,True,0.712381212602745,False
capacity,10,99,4.5960140414536,0.3338500391691923,9.988434612751007e-05,4.596113925799727,0.4123376589268446,True,0.7288419380012903,True
capacity,10,100,4.0364800952374935,0.3310141619294882,9.988434612751007e-05,4.036579979583621,0.4164005289785564,True,0.9654212396773644,True
capacity,10,101,4.051137017086148,0.33019203692674637,8.009374141693115e-05,4.051217110827565,0.4204778450075537,True,0.881819675702811,True
capacity,10,102,4.360059043392539,0.33755600452423096,0.00011106021702289581,4.360170103609562,0.424864144064486,True,0.838090629637293,True
capacity,10,103,4.093526862561703,0.33214595168828964,9.010545909404755e-05,4.093616968020797,0.42898406088352203,True,0.7806553824034823,True
capacity,10,104,4.022652981802821,0.3294008783996105,0.00010011717677116394,4.022753098979592,0.43303281301632524,True,0.6923107642303625,True
capacity,10,105,4.031429998576641,0.328670023009181,0.00010011717677116394,4.031530115753412,0.43709042202681303,True,0.647044635350968,True
capacity,10,106,4.030687967315316,0.33129402436316013,0.00010989606380462646,4.030797863379121,0.4411515078973025,True,0.5799140769520742,False
capacity,10,107,4.201681120321155,0.3391001373529434,6.984919309616089e-05,4.201750969514251,0.44538362603634596,True,0.5268752665180241,False
capacity,10,108,4.0318709798157215,0.33014314249157906,8.987262845039368e-05,4.031960852444172,0.4494420269038528,True,0.4806164769828708,False
capacity,10,109,4.039856139570475,0.3314451314508915,8.987262845039368e-05,4.039946012198925,0.45351209002546966,True,0.41697647961763346,False
capacity,10,110,4.043973982334137,0.33558299764990807,9.988434612751007e-05,4.0440738666802645,0.457581901922822,True,0.37813895952305415,False
capacity,10,111,4.628114867955446,0.3403918817639351,8.009374141693115e-05,4.628194961696863,0.4622367469128221,True,0.28810506513224654,False
capacity,10,112,4.055193858221173,0.3314849454909563,0.00011106021702289581,4.055304918438196,0.4663183009251952,True,0.2668806393816802,False
capacity,10,113,4.038862884044647,0.3330979961901903,0.00010104849934577942,4.038963932543993,0.4703837048728019,True,0.24811870148774584,False
capacity,10,114,4.0243270341306925,0.32990192994475365,9.010545909404755e-05,4.0244171395897865,0.47443414106965065,True,0.20471472604439267,False
capacity,10,115,4.639626014977694,0.3314339555799961,9.103678166866302e-05,4.639717051759362,0.47909999708645046,True,0.16208123289414988,False
capacity,10,116,4.034455167129636,0.33386913128197193,8.987262845039368e-05,4.034545039758086,0.483165190089494,True,0.10645307608190016,False
capacity,10,117,4.049443872645497,0.3331380430608988,9.010545909404755e-05,4.049533978104591,0.48724479088559747,True,0.09514320631209157,False
capacity,10,118,4.456461174413562,0.33226702362298965,9.988434612751007e-05,4.456561058759689,0.4917272310703993,True,0.07138484512464371,False
capacity,10,119,4.087164998054504,0.3352619241923094,9.010545909404755e-05,4.087255103513598,0.49584475299343467,True,0.04751844881210816,False
capacity,10,120,4.056486999616027,0.340120866894722,0.00010011717677116394,4.056587116792798,0.49992749001830816,True,0.03223811616672752,False
capacity,10,121,4.036159021779895,0.32868003472685814,0.00010011717677116394,4.036259138956666,0.5039897980168462,True,0.053161443414838264,False
capacity,10,122,4.013897152617574,0.32811914570629597,8.987262845039368e-05,4.013987025246024,0.508029944030568,True,0.018653764219366285,False
capacity,10,123,4.263086011633277,0.33135502599179745,7.986091077327728e-05,4.26316587254405,0.5123193298932165,True,0.03610292007633293,False
capacity,10,124,4.047621041536331,0.3315950743854046,7.986091077327728e-05,4.0477009024471045,0.5163934009615332,True,0.03426670159334106,False
capacity,10,125,4.0283240377902985,0.32947096042335033,8.987262845039368e-05,4.028413910418749,0.5204478839877993,True,0.030636542407183682,False
capacity,10,126,4.032661905512214,0.3305128775537014,9.010545909404755e-05,4.032752010971308,0.5245112939737737,True,0.03291897634772032,False
capacity,10,127,4.598197992891073,0.33882795833051205,9.103678166866302e-05,4.598289029672742,0.5291363429278135,True,0.03770579972517848,False
capacity,10,128,4.037901991978288,0.33131404779851437,0.00012083910405635834,4.038022831082344,0.5332010858692229,True,0.036342627258525294,False
capacity,10,129,4.040977917611599,0.32990192994475365,0.00011012889444828033,4.041088046506047,0.5372724609915167,True,0.038054452713927774,False
capacity,10,130,4.041268024593592,0.33118389546871185,9.010545909404755e-05,4.041358130052686,0.5413439660333097,True,0.0502249138683396,False
capacity,10,131,4.079881124198437,0.3288800362497568,9.988434612751007e-05,4.079981008544564,0.5454508480615914,True,0.04147810362473274,False
capacity,10,132,4.039544844999909,0.3322360571473837,0.00010011717677116394,4.039644962176681,0.5495167828630656,True,0.04147810362473274,False
capacity,10,133,4.046978894621134,0.3363438881933689,8.009374141693115e-05,4.047058988362551,0.5535901619587094,True,0.04147810362473274,False
capacity,10,134,4.059582948684692,0.33743586391210556,0.00010011717677116394,4.0596830658614635,0.5576760850381106,True,0.04147810362473274,False
capacity,10,135,4.6277150977402925,0.3344411961734295,9.988434612751007e-05,4.62781498208642,0.5623306999914348,True,0.06636177872853832,False
capacity,10,136,4.060965031385422,0.33034314401447773,9.988434612751007e-05,4.061064915731549,0.5664231339469552,True,0.03539583303644461,False
capacity,10,137,4.031339893117547,0.3302129916846752,0.00011012889444828033,4.031450022011995,0.5704805529676378,True,0.1091457844685548,False
capacity,10,138,4.042340209707618,0.33458019606769085,9.080395102500916e-05,4.042431013658643,0.5745490330737084,True,0.062103130468296436,False
capacity,10,139,4.614417906850576,0.3360528498888016,9.010545909404755e-05,4.6145080123096704,0.5791940889321268,True,0.05783226114089082,False
capacity,10,140,4.041309002786875,0.3301429096609354,8.009374141693115e-05,4.041389096528292,0.5832613869570196,True,0.05825687945208434,False
capacity,10,141,4.055263940244913,0.33241603523492813,0.00010104849934577942,4.055364988744259,0.5873471489176154,True,0.0546482034404587,False
capacity,10,142,4.040817031636834,0.3288800362497568,9.103678166866302e-05,4.040908068418503,0.5914140960667282,True,0.034150872962044554,False
capacity,10,143,4.17738500982523,0.3313850611448288,8.987262845039368e-05,4.17747488245368,0.5956173299346119,True,0.09226172318885606,False
capacity,10,144,4.038793966174126,0.33161486499011517,0.00011012889444828033,4.038904095068574,0.5996821629814804,True,0.02339494789050063,False
capacity,10,145,4.038824001327157,0.328670023009181,0.00010011717677116394,4.038924118503928,0.60374741605483,True,0.01736375755284397,False
capacity,10,146,4.030639072880149,0.3280690871179104,8.009374141693115e-05,4.030719166621566,0.6078086730558425,True,0.012522884785219481,False
capacity,10,147,4.624548135325313,0.32629515044391155,9.988434612751007e-05,4.62464801967144,0.6124653110746294,True,0.03845218846093241,False
capacity,10,148,4.057489102706313,0.3260350786149502,0.00010989606380462646,4.057598998770118,0.6165488089900464,True,0.009418387772879379,False
capacity,10,149,4.038502927869558,0.33531198278069496,7.008202373981476e-05,4.038573009893298,0.620617588981986,True,0.49796489173206193,False
capacity,10,150,4.037471022456884,0.3339489921927452,7.986091077327728e-05,4.037550883367658,0.6246814399491996,True,0.46826870020520356,False
capacity,10,151,4.141658078879118,0.33787707798182964,9.988434612751007e-05,4.1417579632252455,0.6288492069579661,True,0.44946317049565826,False
capacity,10,152,4.045846872031689,0.3307338338345289,9.010545909404755e-05,4.045936977490783,0.6329215839505196,True,0.43120369897136507,False
capacity,10,153,4.033123143017292,0.32632495276629925,9.988434612751007e-05,4.0332230273634195,0.6369806660804898,True,0.4129442274470719,False
capacity,10,154,4.034897079691291,0.32306904904544353,8.987262845039368e-05,4.034986952319741,0.6410457999445498,True,0.4639371830077066,False
capacity,10,155,4.578521009534597,0.32237800769507885,0.00010989606380462646,4.578630905598402,0.6456549179274589,True,0.4099651396447774,False
capacity,10,156,4.04311204329133,0.32820808701217175,9.080395102500916e-05,4.043202847242355,0.6497246609069407,True,0.501632970831555,False
capacity,10,157,4.02704207226634,0.33441116102039814,9.988434612751007e-05,4.027141956612468,0.6537780719809234,True,0.4767508242737769,False
capacity,10,158,4.055946134030819,0.33007306046783924,8.987262845039368e-05,4.056036006659269,0.657860147068277,True,0.4309988492637601,False
capacity,10,159,4.119866993278265,0.3302928525954485,0.00010011717677116394,4.119967110455036,0.6620102210436016,True,0.40442257937384385,False
capacity,10,160,4.037411184981465,0.33079320564866066,0.00010081566870212555,4.0375120006501675,0.6660741220694035,True,0.32759839944692737,False
capacity,10,161,4.042299930006266,0.3275778144598007,7.008202373981476e-05,4.0423700120300055,0.6701425909996033,True,0.373322051928339,False
capacity,10,162,4.052429925650358,0.3293410409241915,9.010545909404755e-05,4.052520031109452,0.6742214309051633,True,0.40178672933629084,False
capacity,10,163,4.641749896109104,0.3303429111838341,8.009374141693115e-05,4.641829989850521,0.6788892799522728,True,0.47685602248778736,False
capacity,10,164,4.028314026072621,0.3261549863964319,8.009374141693115e-05,4.028394119814038,0.6829438940621912,True,0.3973513583032115,False
capacity,10,165,4.031340125948191,0.32574404031038284,9.988434612751007e-05,4.031440010294318,0.6870122940745205,True,0.44093903522284683,False
capacity,10,166,4.026971058920026,0.3266760613769293,0.00010011717677116394,4.027071176096797,0.6910655740648508,True,0.40413075259075576,False
capacity,10,167,4.63007902726531,0.32808887772262096,0.00010011717677116394,4.6301791444420815,0.695721582043916,True,0.34537033273522,False
capacity,10,168,4.033032106235623,0.3360430710017681,0.00011082738637924194,4.033142933622003,0.6997809039894491,True,0.32105022314362736,False
capacity,10,169,4.052039002999663,0.3365650773048401,7.986091077327728e-05,4.052118863910437,0.7038642419502139,True,0.4026515935939084,False
capacity,10,170,4.044495057314634,0.3326570149511099,0.00010011717677116394,4.0445951744914055,0.7079347560647875,True,0.3686442724115732,False
capacity,10,171,4.1833058930933475,0.3370959311723709,9.010545909404755e-05,4.183395998552442,0.7121448619291186,True,0.3786418968340406,False
capacity,10,172,4.032972967252135,0.33455085940659046,0.00010011717677116394,4.033073084428906,0.7162043449934572,True,0.3787519513432477,False
capacity,10,173,4.043061984702945,0.3377359826117754,0.00010081566870212555,4.043162800371647,0.7202732858713716,True,0.28409366869682506,False
capacity,10,174,4.058960825204849,0.33453991636633873,0.00010104849934577942,4.059061873704195,0.7243593179155141,True,0.21062380257056884,False
capacity,10,175,4.662249935790896,0.33599394373595715,0.00011012889444828033,4.662360064685345,0.7290523760020733,True,0.1875116956366675,False
capacity,10,176,4.041909007355571,0.3347410820424557,0.00010011717677116394,4.042009124532342,0.7331204540096223,True,0.17072527863991555,False
capacity,10,177,4.034935962408781,0.3345799632370472,0.00010104849934577942,4.035037010908127,0.7371857180260122,True,0.14273572375536464,False
capacity,10,178,4.040256142616272,0.3353420179337263,0.00010081566870212555,4.040356958284974,0.7412522740196437,True,0.11471412474176995,False
capacity,10,179,4.173608031123877,0.33764680847525597,7.008202373981476e-05,4.173678113147616,0.745456590084359,True,0.11637956257374085,False
capacity,10,180,4.0403068996965885,0.3333489876240492,0.00011012889444828033,4.040417028591037,0.7495234669186175,True,0.5993878456727407,False
capacity,10,181,4.04334207996726,0.33985101617872715,0.00010989606380462646,4.043451976031065,0.7535931279417127,True,0.5667044017012974,False
capacity,10,182,4.043302033096552,0.3389890771359205,9.010545909404755e-05,4.043392138555646,0.7576626800000668,True,0.1616425868039699,False
capacity,10,183,4.654553951695561,0.3448999486863613,9.988434612751007e-05,4.654653836041689,0.7623440749011934,True,0.15079137243894855,False
capacity,10,184,4.052730044350028,0.3343911375850439,7.986091077327728e-05,4.052809905260801,0.7664232349488884,True,0.15762814334932862,False
capacity,10,185,4.039183957502246,0.3341399133205414,9.010545909404755e-05,4.03927406296134,0.7704934680368751,True,0.11156559287496357,False
capacity,10,186,4.040025873109698,0.3435378894209862,9.010545909404755e-05,4.040115978568792,0.7745592729188502,True,0.11576811893475797,False
capacity,10,187,4.64411498978734,0.3414840903133154,9.010545909404755e-05,4.644205095246434,0.7792305189650506,True,0.21103024073198734,False
capacity,10,188,4.058761987835169,0.3346309531480074,9.010545909404755e-05,4.058852093294263,0.7833164620678872,True,0.22905433138655248,False
capacity,10,189,4.058690974488854,0.33317808993160725,7.986091077327728e-05,4.058770835399628,0.7874087959062308,True,0.2632095022748139,False
capacity,10,190,4.434159025549889,0.3307540901005268,7.986091077327728e-05,4.434238886460662,0.7918689039070159,True,0.12191381573473145,False
capacity,10,191,4.108855035156012,0.33275713212788105,9.988434612751007e-05,4.108954919502139,0.7960039789322764,True,0.05307817564045892,False
capacity,10,192,4.053701879456639,0.333127798512578,0.00010104849934577942,4.053802927955985,0.8000842919573188,True,0.11069991763913857,False
capacity,10,193,4.029846983030438,0.33071404322981834,8.987262845039368e-05,4.029936855658889,0.8041406378615648,True,0.0837726203671863,False
capacity,10,194,4.03410498984158,0.33258693292737007,0.00010011717677116394,4.0342051070183516,0.8082051810342818,True,0.10566586944994281,False
capacity,10,195,4.179609008133411,0.33316807821393013,0.00010081566870212555,4.1797098238021135,0.812411269871518,True,0.11258606367819782,False
capacity,10,196,4.056778037920594,0.33279694616794586,0.00010011717677116394,4.056878155097365,0.8164946280885488,True,0.1455202814302125,False
capacity,10,197,4.034035140648484,0.33599394373595715,7.986091077327728e-05,4.0341150015592575,0.8205551020801067,True,0.07968219822391441,False
capacity,10,198,4.045627079904079,0.3360840491950512,0.00010989606380462646,4.045736975967884,0.8246273689437658,True,0.10166386890363763,False
capacity,10,199,4.591024946421385,0.33492199145257473,9.988434612751007e-05,4.591124830767512,0.8292487908620387,True,0.0627031848795949,False
capacity,10,200,4.053051117807627,0.32949098385870457,8.987262845039368e-05,4.053140990436077,0.8333325400017202,True,0.04369804589284274,False
capacity,10,201,4.031078889966011,0.3291708417236805,0.00010011717677116394,4.031179007142782,0.8373902689199895,True,0.08025939400486147,False
capacity,10,202,4.369477974250913,0.33002207055687904,9.988434612751007e-05,4.36957785859704,0.8417859158944339,True,0.04205317580075455,False
capacity,10,203,4.091292154043913,0.3411530051380396,8.102506399154663e-05,4.091373179107904,0.8459042890463024,True,0.06448651625748032,False
capacity,10,204,4.05838992446661,0.33108401112258434,9.988434612751007e-05,4.0584898088127375,0.8499937378801405,True,0.04627748357459878,False
capacity,10,205,4.041858948767185,0.3300418611615896,9.103678166866302e-05,4.041949985548854,0.8540622380096465,True,0.04319801935765375,False
capacity,10,206,4.356582881882787,0.32942090183496475,9.010545909404755e-05,4.356672987341881,0.8584457018878311,True,0.027678511440429134,False
capacity,10,207,4.083739127963781,0.33225701190531254,9.988434612751007e-05,4.083839012309909,0.862556291045621,True,0.054078116739069766,False
capacity,10,208,4.045006120577455,0.3373159561306238,9.988434612751007e-05,4.045106004923582,0.8666280070319772,True,0.04628065799840228,False
capacity,10,209,4.03214106336236,0.3356530796736479,7.008202373981476e-05,4.0322111453861,0.8706912060733885,True,0.05281509871653076,False
capacity,10,210,4.0459479205310345,0.336294062435627,9.010545909404755e-05,4.0460380259901285,0.8747641949448735,True,0.0282060452937594,False
capacity,10,211,4.116639960557222,0.33797696232795715,8.009374141693115e-05,4.116720054298639,0.8789080060087144,True,0.041405063979219045,False
capacity,10,212,4.0292260237038136,0.3314649220556021,8.987262845039368e-05,4.029315896332264,0.8829683209769428,True,0.03822494811634537,False
capacity,10,213,4.025018075481057,0.3303119447082281,0.00011106021702289581,4.02512913569808,0.887019929010421,True,0.055121839243487875,False
capacity,10,214,4.032360855489969,0.33160485327243805,8.009374141693115e-05,4.032440949231386,0.8910831778775901,True,0.045055222809621785,False
capacity,10,215,4.582097986713052,0.3334479406476021,0.00010104849934577942,4.582199035212398,0.8956919270567596,True,0.06730901156713415,False
capacity,10,216,4.0268918965011835,0.33691502176225185,9.010545909404755e-05,4.026982001960278,0.8997451078612357,True,0.08540499845049494,False
capacity,10,217,4.043151857331395,0.33875880762934685,8.009374141693115e-05,4.043231951072812,0.903816191945225,True,0.08680471765288178,False
capacity,10,218,4.032923141494393,0.33295806497335434,8.987262845039368e-05,4.033013014122844,0.9078824780881405,True,0.08738098851796194,False
capacity,10,219,4.130627028644085,0.3357331734150648,7.986091077327728e-05,4.130706889554858,0.9120462369173765,True,0.07397676411340662,False
capacity,10,220,4.033103119581938,0.33158506266772747,0.00010081566870212555,4.03320393525064,0.9161066620144993,True,0.09046914788765084,False
capacity,10,221,4.0316099766641855,0.33113500103354454,8.009374141693115e-05,4.0316900704056025,0.920164129929617,True,0.08866207599568394,False
capacity,10,222,4.0348859038203955,0.3295009955763817,8.009374141693115e-05,4.034965997561812,0.9242251159157604,True,0.10175957280686879,False
capacity,11,0,4.371350863948464,0.32387999817728996,9.010545909404755e-05,4.371440969407558,0.004390947986394167,False,,
capacity,11,1,3.7789540365338326,0.32500317320227623,0.00011990778148174286,3.7790739443153143,0.008196512004360557,False,,
capacity,11,2,3.7834818940609694,0.3285389393568039,0.00013015232980251312,3.783612046390772,0.012001805007457733,False,,
capacity,11,3,3.791747847571969,0.3229188732802868,0.00012014061212539673,3.7918679881840944,0.015815794933587313,False,,
capacity,11,4,4.239772912114859,0.32377103343605995,0.00013015232980251312,4.239903064444661,0.02007740898989141,False,,
capacity,11,5,3.8369831163436174,0.3243910614401102,0.00012991949915885925,3.8371130358427763,0.02393655409105122,False,,
capacity,11,6,3.8023381493985653,0.3258839715272188,0.00011990778148174286,3.802458057180047,0.027765202103182673,False,,
capacity,11,7,3.7802159786224365,0.32475218176841736,0.00010989606380462646,3.780325874686241,0.031567218946292996,False,,
capacity,11,8,4.236466018483043,0.32441201619803905,9.988434612751007e-05,4.23656590282917,0.03582547605037689,False,,
capacity,11,9,3.8449279963970184,0.32510189339518547,0.00012107193470001221,3.8450490683317184,0.03969216602854431,False,,
capacity,11,10,3.793311072513461,0.32556289806962013,0.00012107193470001221,3.793432144448161,0.04350703814998269,False,,
capacity,11,11,3.7832320667803288,0.3258239012211561,0.00012014061212539673,3.783352207392454,0.04731212113983929,False,,
capacity,11,12,3.7987909745424986,0.33824797719717026,0.00012991949915885925,3.7989208940416574,0.05113274301402271,False,,
capacity,11,13,3.8671200163662434,0.32772799022495747,0.00012991949915885925,3.867249935865402,0.055021614069119096,False,,
capacity,11,14,3.785315901041031,0.32818899489939213,0.00013015232980251312,3.7854460533708334,0.05882869102060795,False,,
capacity,11,15,4.001324065029621,0.32820901833474636,0.00011990778148174286,4.001443972811103,0.06285190605558455,False,,
capacity,11,16,3.9902629796415567,0.3272669855505228,0.00011012889444828033,3.990373108536005,0.0668690491002053,False,,
capacity,11,17,4.60873800329864,0.3319559618830681,0.00010989606380462646,4.608847899362445,0.07149981800466776,False,,
capacity,11,18,4.006122006103396,0.32779714092612267,0.00010104849934577942,4.006223054602742,0.07552835298702121,False,,
capacity,11,19,3.989289980381727,0.3282490652054548,0.00011990778148174286,3.989409888163209,0.07954007503576577,False,,
capacity,11,20,3.9869460742920637,0.3262949176132679,0.00012107193470001221,3.9870671462267637,0.08354947413317859,False,,
capacity,11,21,4.091704031452537,0.32848911359906197,9.988434612751007e-05,4.091803915798664,0.08766317903064191,False,,
capacity,11,22,3.989851102232933,0.3274970222264528,0.00011990778148174286,3.989971010014415,0.0916755220387131,False,,
capacity,11,23,3.975444007664919,0.32939109951257706,0.00010989606380462646,3.9755539037287235,0.0956730479374528,False,,
capacity,11,24,3.9875481743365526,0.3283889964222908,0.00011990778148174286,3.9876680821180344,0.09968280815519392,False,,
capacity,11,25,4.570896970108151,0.3277580253779888,0.00014016404747962952,4.571037134155631,0.10427576606161892,False,,
capacity,11,26,3.997005056589842,0.3340102266520262,0.00010989606380462646,3.9971149526536465,0.10830216598697007,False,,
capacity,11,27,4.002103814855218,0.33331778831779957,0.0001310836523771286,4.002234898507595,0.1123266329523176,False,,
capacity,11,28,3.9918250404298306,0.3327371086925268,9.988434612751007e-05,3.991924924775958,0.11634066002443433,False,,
capacity,11,29,4.530089907348156,0.33492082729935646,0.00012014061212539673,4.530210047960281,0.1208934630267322,False,,
capacity,11,30,4.525150870904326,0.3288199659436941,0.00012014061212539673,4.525271011516452,0.1254415069706738,False,,
capacity,11,31,4.008617019280791,0.3342200070619583,0.00011990778148174286,4.008736927062273,0.12947248597629368,False,,
capacity,11,32,4.002223955467343,0.32681599259376526,0.00012014061212539673,4.002344096079469,0.13350390503183007,False,,
capacity,11,33,4.55638999119401,0.32886979170143604,0.00011012889444828033,4.556500120088458,0.13808413012884557,False,,
capacity,11,34,3.9938800036907196,0.32814894802868366,0.00010989606380462646,3.9939898997545242,0.14210066199302673,False,,
capacity,11,35,4.042049869894981,0.3281279932707548,0.00011012889444828033,4.04215999878943,0.1461651639547199,True,0.006731989807013038,False
capacity,11,36,4.365560133010149,0.335433054715395,8.987262845039368e-05,4.365650005638599,0.15056603006087244,True,0.00506926495137438,False
capacity,11,37,4.093416966497898,0.33032288774847984,0.00010989606380462646,4.093526862561703,0.1546860570088029,True,0.004001698880751799,False
capacity,11,38,4.060724982991815,0.3334579523652792,8.009374141693115e-05,4.0608050767332315,0.15877692913636565,True,0.0035292915951452963,False
capacity,11,39,4.074360942468047,0.3334090579301119,9.010545909404755e-05,4.074451047927141,0.16288182698190212,True,0.003652043094554865,False
capacity,11,40,4.143040161579847,0.387831125408411,9.103678166866302e-05,4.143131198361516,0.1670557961333543,True,0.004369953378980511,False
capacity,11,41,4.375888966023922,0.34188502468168736,8.987262845039368e-05,4.375978838652372,0.17146620992571115,True,0.00568302244842223,False
capacity,11,42,4.04826202429831,0.3342099953442812,0.00010011717677116394,4.048362141475081,0.1755520631559193,True,0.007591250302880026,False
capacity,11,43,4.0259400848299265,0.3303629346191883,9.010545909404755e-05,4.0260301902890205,0.17960585514083505,True,0.010094636942353883,False
capacity,11,44,4.34662401676178,0.32911007292568684,0.00010011717677116394,4.346724133938551,0.18398550106212497,True,0.01294767936802469,False
capacity,11,45,4.0819349233061075,0.33102394081652164,9.010545909404755e-05,4.082025028765202,0.1881008290220052,True,0.0158007217936955,False
capacity,11,46,4.059602972120047,0.3308439627289772,9.010545909404755e-05,4.059693077579141,0.19219434610567987,True,0.0186537642193663,False
capacity,11,47,4.029677016660571,0.33405981957912445,0.00010011717677116394,4.029777133837342,0.19625177513808012,True,0.021506806645037107,False
capacity,11,48,4.077187040820718,0.3321659751236439,8.987262845039368e-05,4.077276913449168,0.20035632303915918,True,0.024359849070707915,False
capacity,11,49,4.5711679849773645,0.34848693758249283,9.988434612751007e-05,4.571267869323492,0.2049560439772904,True,0.027212891496378722,False
capacity,11,50,4.032841883599758,0.32499199733138084,0.00011012889444828033,4.032952012494206,0.20901652798056602,True,0.03006593392204953,False
capacity,11,51,4.0120929479599,0.3202639054507017,0.00010011717677116394,4.012193065136671,0.2130554320756346,True,0.013370986053867374,False
capacity,11,52,4.013776080682874,0.3211849834769964,8.102506399154663e-05,4.013857105746865,0.2170958190690726,True,0.015677970294285935,False
capacity,11,53,4.2912401258945465,0.32394006848335266,9.988434612751007e-05,4.291340010240674,0.22141403006389737,True,0.010346091529023172,False
capacity,11,54,4.03904402628541,0.3272669855505228,9.010545909404755e-05,4.039134131744504,0.22548034507781267,True,0.012726726669087472,False
capacity,11,55,4.014026839286089,0.32325880602002144,0.00010011717677116394,4.01412695646286,0.22953719296492636,True,0.013395536353749286,False
capacity,11,56,4.032341996207833,0.3231191076338291,0.00010989606380462646,4.032451892271638,0.23360201600007713,True,0.0015719631409236775,False
capacity,11,57,4.616633057594299,0.3255039919167757,9.010545909404755e-05,4.616723163053393,0.23824580013751984,True,0.0,False
capacity,11,58,4.040065919980407,0.33326796256005764,8.009374141693115e-05,4.040146013721824,0.24231248605065048,True,0.0,False
capacity,11,59,4.024597117677331,0.33193500712513924,9.103678166866302e-05,4.024688154459,0.2463637141045183,True,0.0007439484812700968,False
capacity,11,60,4.025809001177549,0.3308630548417568,0.00010104849934577942,4.025910049676895,0.25041606300510466,True,0.0032473351207439544,False
capacity,11,61,4.615390906110406,0.33364887349307537,9.010545909404755e-05,4.6154810115695,0.2550581940449774,True,0.0,False
capacity,11,62,4.0276318322867155,0.32745697535574436,0.00010104849934577942,4.027732880786061,0.2591127569321543,True,0.0,False
capacity,11,63,4.026120062917471,0.32772799022495747,9.988434612751007e-05,4.026219947263598,0.2631656280718744,True,0.0,False
capacity,11,64,4.038352984935045,0.33369893208146095,0.00010989606380462646,4.03846288099885,0.2672307710163295,True,0.0,False
capacity,11,65,4.088046029210091,0.33673387952148914,0.00010104849934577942,4.088147077709436,0.27135137910954654,True,0.0,False
capacity,11,66,4.044804954901338,0.3353320062160492,9.988434612751007e-05,4.044904839247465,0.27542809396982193,True,0.0,False
capacity,11,67,4.013906931504607,0.33335783518850803,9.010545909404755e-05,4.013997036963701,0.2794683510437608,True,0.0,False
capacity,11,68,4.033203003928065,0.3276469651609659,9.103678166866302e-05,4.033294040709734,0.2835337750148028,True,0.0,False
capacity,11,69,4.539818037301302,0.3293710760772228,7.986091077327728e-05,4.539897898212075,0.28809974202886224,True,0.0,False
capacity,11,70,4.040046129375696,0.32988213934004307,9.103678166866302e-05,4.040137166157365,0.29217116814106703,True,0.0,False
capacity,11,71,4.038273124024272,0.33392920158803463,9.988434612751007e-05,4.0383730083703995,0.2962360910605639,True,0.0,False
capacity,11,72,4.0234948974102736,0.3337790258228779,9.010545909404755e-05,4.023585002869368,0.300286385929212,True,0.0,False
capacity,11,73,4.066064953804016,0.3339799586683512,0.00010011717677116394,4.066165070980787,0.3043789810035378,True,0.0,False
capacity,11,74,4.0456559509038925,0.3335690125823021,0.00010104849934577942,4.045756999403238,0.30845150793902576,True,0.0,False
capacity,11,75,4.040747880935669,0.33264700323343277,0.00010011717677116394,4.04084799811244,0.31252288399264216,True,0.0,False
capacity,11,76,4.0197179187089205,0.3258839715272188,9.010545909404755e-05,4.0198080241680145,0.31657308898866177,True,0.004959160576146427,False
capacity,11,77,4.624868044629693,0.3264548722654581,9.010545909404755e-05,4.624958150088787,0.3212249281350523,True,0.008953419972085559,False
capacity,11,78,4.046989139169455,0.33371918834745884,0.00010989606380462646,4.047099035233259,0.32529862807132304,True,0.01294767936802469,False
capacity,11,79,4.029355943202972,0.33370894379913807,9.103678166866302e-05,4.029446979984641,0.3293548950459808,True,0.016941938763963816,False
capacity,11,80,4.047210095450282,0.33410009928047657,7.986091077327728e-05,4.047289956361055,0.3334290450438857,True,0.020936198159902948,False
capacity,11,81,4.552281927317381,0.33187493681907654,9.010545909404755e-05,4.552372032776475,0.33800825802609324,True,0.02493045755584208,False
capacity,11,82,4.033764824271202,0.3311650361865759,8.009374141693115e-05,4.033844918012619,0.34206847194582224,True,0.027783499981512885,False
capacity,11,83,4.0260490495711565,0.32708607614040375,9.103678166866302e-05,4.026140086352825,0.34612098103389144,True,0.01108855211333072,False
capacity,11,84,4.028413910418749,0.32814801670610905,7.101334631443024e-05,4.028484923765063,0.3501819570083171,True,0.012254319383480957,False
capacity,11,85,4.0906120557338,0.338227953761816,9.010545909404755e-05,4.090702161192894,0.3542987781111151,True,0.014015245438647272,False
capacity,11,86,4.032822092995048,0.33360905945301056,9.080395102500916e-05,4.032912896946073,0.3583623480517417,True,0.016371330278829657,False
capacity,11,87,4.027473041787744,0.3322360571473837,8.987262845039368e-05,4.027562914416194,0.3624159099999815,True,0.0167274354591187,False
capacity,11,88,4.030046984553337,0.33383886329829693,0.00010011717677116394,4.030147101730108,0.3664727171417326,True,0.010094636942353883,False
capacity,11,89,4.605662077665329,0.32874918542802334,0.00010081566870212555,4.605762893334031,0.37111139204353094,True,0.002977281822042909,False
capacity,11,90,4.033013014122844,0.3280381206423044,5.9837475419044495e-05,4.033072851598263,0.37517077499069273,True,0.03206828899304473,False
capacity,11,91,4.030758980661631,0.3319461829960346,8.987262845039368e-05,4.030848853290081,0.37922786292620003,True,0.07166571897405653,False
capacity,11,92,4.014238016679883,0.3307738807052374,9.010545909404755e-05,4.014328122138977,0.3832684000954032,True,0.08492208927485556,False
capacity,11,93,4.569734912365675,0.33092405647039413,8.009374141693115e-05,4.569815006107092,0.3878649449907243,True,0.0,False
capacity,11,94,4.041058011353016,0.32392097637057304,9.010545909404755e-05,4.04114811681211,0.39193695108406246,True,0.003507078713174019,False
capacity,11,95,4.032642114907503,0.3237510100007057,9.988434612751007e-05,4.032741999253631,0.39599609305150807,True,0.0,False
capacity,11,96,4.040386062115431,0.32373005524277687,8.102506399154663e-05,4.040467087179422,0.40006941207684577,True,0.0,False
capacity,11,97,4.624949069693685,0.32455194741487503,0.00010011717677116394,4.625049186870456,0.4047201401554048,True,0.0,False
capacity,11,98,4.025527974590659,0.32450095750391483,8.102506399154663e-05,4.025608999654651,0.40877268905751407,True,0.0015154230563471792,False
capacity,11,99,4.028053022921085,0.32630516216158867,9.080395102500916e-05,4.02814382687211,0.41283536795526743,True,0.0,False
capacity,11,100,4.011692013591528,0.3236799966543913,8.009374141693115e-05,4.011772107332945,0.4168738310690969,True,0.0,False
capacity,11,101,4.182804841548204,0.3218569327145815,8.009374141693115e-05,4.182884935289621,0.42108622193336487,True,0.0,False
capacity,11,102,4.0232939645648,0.3218259662389755,9.103678166866302e-05,4.023385001346469,0.4251362569630146,True,0.010645158818493754,False
capacity,11,103,4.081063903868198,0.3221370279788971,9.010545909404755e-05,4.081154009327292,0.42924382095225155,True,0.017316311718560545,False
capacity,11,104,4.030598094686866,0.3295019268989563,9.988434612751007e-05,4.030697979032993,0.4333066490944475,True,0.003195607083728097,False
capacity,11,105,4.637281876057386,0.3292500041425228,0.00010011717677116394,4.637381993234158,0.4379706319887191,True,0.0,False
capacity,11,106,4.034264944493771,0.3229980356991291,0.00010104849934577942,4.034365992993116,0.44203648692928255,True,0.0,False
capacity,11,107,4.027012037113309,0.32532401382923126,0.00010011717677116394,4.02711215429008,0.44609045912511647,True,0.0,False
capacity,11,108,4.021219909191132,0.3224578686058521,9.010545909404755e-05,4.021310014650226,0.45013808901421726,True,0.0,False
capacity,11,109,4.582126857712865,0.32108486630022526,0.00010104849934577942,4.582227906212211,0.4547468170057982,True,0.0,False
capacity,11,110,4.016061080619693,0.31832000240683556,0.00010104849934577942,4.016162129119039,0.45879316609352827,True,0.0,False
capacity,11,111,4.012754885479808,0.3232099115848541,0.00011012889444828033,4.012865014374256,0.4628323200158775,True,0.0,False
capacity,11,112,4.390988033264875,0.3164559602737427,9.988434612751007e-05,4.391087917611003,0.4672497380524874,True,0.0,False
capacity,11,113,4.072257084771991,0.3262751270085573,8.987262845039368e-05,4.072346957400441,0.4713481040671468,True,0.0037978569968838195,False
capacity,11,114,4.023164045065641,0.324722146615386,0.00010081566870212555,4.0232648607343435,0.4754024869762361,True,0.0,False
capacity,11,115,4.021692089736462,0.325182918459177,8.009374141693115e-05,4.021772183477879,0.47945105913095176,True,0.0,False
capacity,11,116,4.033252829685807,0.32478198409080505,0.00010104849934577942,4.033353878185153,0.4835154509637505,True,0.0,False
capacity,11,117,4.250102210789919,0.3224180545657873,8.987262845039368e-05,4.250192083418369,0.4877984351478517,True,0.0,False
capacity,11,118,4.009218188002706,0.3200741484761238,9.988434612751007e-05,4.009318072348833,0.4918338521383703,True,0.0,False
capacity,11,119,4.017454106360674,0.3201640211045742,9.988434612751007e-05,4.017553990706801,0.4958773551043123,True,0.01863367761037201,False
capacity,11,120,4.04571695253253,0.31997309997677803,0.00010011717677116394,4.045817069709301,0.4999492010101676,True,0.01124031760350983,False
capacity,11,121,4.602555884048343,0.3236900083720684,9.103678166866302e-05,4.602646920830011,0.5045780669897795,True,0.054713101673644314,False
capacity,11,122,4.033313132822514,0.32077403739094734,8.102506399154663e-05,4.033394157886505,0.5086375901009887,True,0.06595961239512767,False
capacity,11,123,4.04442404396832,0.31980290077626705,0.00010011717677116394,4.044524161145091,0.512714876094833,True,0.013407133436176095,False
capacity,11,124,4.414591938257217,0.3265750128775835,0.00011106021702289581,4.41470299847424,0.5171599260065705,True,0.03993073942362305,False
capacity,11,125,4.087747074663639,0.33232709392905235,9.988434612751007e-05,4.087846959009767,0.5212766770273447,True,0.0,False
capacity,11,126,4.020709777250886,0.3279878292232752,0.00011012889444828033,4.020819906145334,0.5253294869326055,True,0.012927592759030403,False
capacity,11,127,4.011222161352634,0.3249230794608593,8.987262845039368e-05,4.011312033981085,0.5293680401518941,True,0.005160026666089363,False
capacity,11,128,4.032782046124339,0.3276979550719261,0.00010989606380462646,4.032891942188144,0.5334278030786663,True,0.0,False
capacity,11,129,4.201570991426706,0.3242921084165573,9.988434612751007e-05,4.201670875772834,0.5376559139695019,True,0.0,False
capacity,11,130,4.015158861875534,0.3169069532305002,0.00010011717677116394,4.015258979052305,0.5416974530089647,True,0.0,False
capacity,11,131,4.028102848678827,0.3184298984706402,0.00011012889444828033,4.028212977573276,0.545752506935969,True,0.014790616793951807,False
capacity,11,132,4.014719044789672,0.31815003603696823,0.00010989606380462646,4.0148289408534765,0.5497938960324973,True,0.028595697557435656,False
capacity,11,133,4.596194950863719,0.3177591133862734,9.988434612751007e-05,4.5962948352098465,0.5544211689848453,True,0.0,False
capacity,11,134,4.0232648607343435,0.3261349629610777,9.010545909404755e-05,4.023354966193438,0.5584704729262739,True,0.0,False
capacity,11,135,4.021270899102092,0.3209449350833893,9.010545909404755e-05,4.021361004561186,0.5625240239314735,True,0.0,False
capacity,11,136,4.02102991938591,0.3226078115403652,0.00010011717677116394,4.021130036562681,0.5665757020469755,True,0.0,False
capacity,11,137,4.263577051460743,0.32583391293883324,0.00010104849934577942,4.263678099960089,0.5708697370719165,True,0.0,False
capacity,11,138,4.0444741025567055,0.3244010731577873,0.00010104849934577942,4.044575151056051,0.5749410621356219,True,0.0,False
capacity,11,139,4.015189129859209,0.3234799951314926,9.988434612751007e-05,4.015289014205337,0.5789825511164963,True,0.0,False
capacity,11,140,4.019266925752163,0.32141595147550106,0.00010104849934577942,4.019367974251509,0.5830286990385503,True,0.055696866994122074,False
capacity,11,141,4.637592937797308,0.31858100555837154,8.009374141693115e-05,4.637673031538725,0.5876925510820001,True,0.3376027216406287,False
capacity,11,142,4.012192832306027,0.31674699857831,9.010545909404755e-05,4.0122829377651215,0.5917313839308918,True,0.38999821894859166,False
capacity,11,143,4.034826066344976,0.31981291249394417,0.00010011717677116394,4.034926183521748,0.5957972491160035,True,0.12263678841005955,False
capacity,11,144,4.023294895887375,0.32070488668978214,9.010545909404755e-05,4.023385001346469,0.5998469640035182,True,0.20417072450298407,False
capacity,11,145,4.626892041414976,0.3248120192438364,9.103678166866302e-05,4.626983078196645,0.6045003761537373,True,0.14766602101735557,False
capacity,11,146,4.0209610015153885,0.3267868887633085,9.010545909404755e-05,4.0210511069744825,0.6085519040934741,True,0.2868669778214675,False
capacity,11,147,4.006403032690287,0.32633519731462,0.00010989606380462646,4.006512928754091,0.6125854579731822,True,0.3690799526780465,False
capacity,11,148,4.033534089103341,0.32590492628514767,9.010545909404755e-05,4.033624194562435,0.616645421134308,True,0.40490760821647465,False
capacity,11,149,4.379415884613991,0.329300994053483,9.010545909404755e-05,4.379505990073085,0.6210511969402432,True,0.4016300389422953,False
capacity,11,150,4.046858986839652,0.32776803709566593,7.008202373981476e-05,4.046929068863392,0.6251366990618408,True,0.3498910809731571,False
capacity,11,151,4.026019014418125,0.3217761404812336,0.00010081566870212555,4.026119830086827,0.6291903599631041,True,0.4098747006265945,False
capacity,11,152,4.033895209431648,0.3271771129220724,0.00011990778148174286,4.03401511721313,0.6332517771515995,True,0.5066735781226368,False
capacity,11,153,4.613537108525634,0.3306330181658268,8.987262845039368e-05,4.613626981154084,0.637896693078801,True,0.447896509257859,False
capacity,11,154,4.042962100356817,0.3256842028349638,9.988434612751007e-05,4.043061984702945,0.6419666160363704,True,0.4659228341512219,False
capacity,11,155,4.01701289229095,0.326304929330945,8.009374141693115e-05,4.017092986032367,0.6460098880343139,True,0.3410165119222807,False
capacity,11,156,4.020289052277803,0.325213186442852,8.987262845039368e-05,4.020378924906254,0.6500607340130955,True,0.3043554872081089,False
capacity,11,157,4.179688869044185,0.33425004221498966,8.102506399154663e-05,4.179769894108176,0.6542676049284637,True,0.3183365174377462,False
capacity,11,158,4.007725045084953,0.33262697979807854,7.986091077327728e-05,4.007804905995727,0.6583017900120467,True,0.308499534096756,False
capacity,11,159,4.037281032651663,0.33269706182181835,9.988434612751007e-05,4.03738091699779,0.6623656509909779,True,0.2992893204474517,False
capacity,11,160,4.0524599608033895,0.33300789073109627,8.009374141693115e-05,4.0525400545448065,0.6664447910152376,True,0.3455501817768133,False
capacity,11,161,4.646039102226496,0.3357231616973877,8.987262845039368e-05,4.646128974854946,0.6711166680324823,True,0.22946636671842505,False
capacity,11,162,4.031999967992306,0.3283279947936535,9.103678166866302e-05,4.032091004773974,0.67518131993711,True,0.2015566035024485,False
capacity,11,163,4.033884033560753,0.3338889218866825,8.102506399154663e-05,4.033965058624744,0.6792417850811034,True,0.1646949206745321,False
capacity,11,164,4.0163209196180105,0.3335888031870127,0.00011106021702289581,4.016431979835033,0.6832848570775241,True,0.22043618920965374,False
capacity,11,165,4.61997021920979,0.3349620383232832,8.987262845039368e-05,4.620060091838241,0.6879310661461204,True,0.2634606469619971,False
capacity,11,166,4.044414032250643,0.3303219564259052,8.102506399154663e-05,4.044495057314634,0.692006248049438,True,0.2931037739453502,False
capacity,11,167,4.047099966555834,0.3304330166429281,9.988434612751007e-05,4.047199850901961,0.696079496992752,True,0.24014562117533217,False
capacity,11,168,4.029917065054178,0.3323869314044714,8.987262845039368e-05,4.030006937682629,0.7001356130931526,True,0.25097447430475234,False
capacity,11,169,4.361711908131838,0.3431360237300396,9.010545909404755e-05,4.361802013590932,0.7045237149577588,True,0.2263385561593006,False
capacity,11,170,4.025297937914729,0.33337785862386227,0.00010104849934577942,4.025398986414075,0.7085751730483025,True,0.1988883387825401,False
capacity,11,171,4.035837948322296,0.3329578321427107,0.00011012889444828033,4.035948077216744,0.7126374910585582,True,0.2614243197726819,False
capacity,11,172,4.048290895298123,0.332545954734087,9.103678166866302e-05,4.048381932079792,0.7167162599507719,True,0.2088217900562314,False
capacity,11,173,4.58686682395637,0.33797696232795715,7.008202373981476e-05,4.58693690598011,0.7213295069523156,True,0.22970154001854448,False
capacity,11,174,4.028894938528538,0.33788708969950676,8.102506399154663e-05,4.028975963592529,0.7253891499713063,True,0.2340413046420644,False
capacity,11,175,4.02837386354804,0.3385178279131651,9.010545909404755e-05,4.028463969007134,0.7294442839920521,True,0.21481410037729623,False
capacity,11,176,4.414151888340712,0.3385890740901232,8.009374141693115e-05,4.4142319820821285,0.7338891739491373,True,0.25488580558505675,False
capacity,11,177,4.08459990285337,0.33760699443519115,0.00010011717677116394,4.084700020030141,0.7380005540326238,True,0.27029875340865334,False
capacity,11,178,4.058251157402992,0.333189032971859,8.987262845039368e-05,4.058341030031443,0.742085395148024,True,0.26175203311958195,False
capacity,11,179,4.031500080600381,0.3326172009110451,7.986091077327728e-05,4.031579941511154,0.7461430740077049,True,0.2621821241656473,False
capacity,11,180,4.02844394557178,0.3355019725859165,9.010545909404755e-05,4.028534051030874,0.7501978480722755,True,0.17502608689689594,False
capacity,11,181,4.248438868671656,0.34204497933387756,0.00010011717677116394,4.248538985848427,0.7544729069340974,True,0.18795721041019,False
capacity,11,182,4.027100978419185,0.33130403608083725,0.00011012889444828033,4.027211107313633,0.758535766042769,True,0.3397065453072742,False
capacity,11,183,4.018956096842885,0.33140508458018303,9.988434612751007e-05,4.0190559811890125,0.7625811020843685,True,0.3468900505628152,False
capacity,11,184,4.025038098916411,0.3320260439068079,8.987262845039368e-05,4.025127971544862,0.7666325101163238,True,0.3364169408615666,False
capacity,11,185,4.058090038597584,0.3347010351717472,9.010545909404755e-05,4.058180144056678,0.770718292100355,True,0.3389523143178437,False
capacity,11,186,4.622444044798613,0.3354030195623636,8.987262845039368e-05,4.622533917427063,0.7753752910066396,True,0.34328320309845983,False
capacity,11,187,4.024076042696834,0.33851806074380875,0.00012014061212539673,4.024196183308959,0.7794267791323364,True,0.36627713518938976,False
capacity,11,188,4.068829817697406,0.36907591857016087,8.009374141693115e-05,4.068909911438823,0.7835220389533788,True,0.36373153076872566,False
capacity,11,189,4.58744796924293,0.33493200317025185,0.00011012889444828033,4.587558098137379,0.7881360270548612,True,0.33802621227534413,False
capacity,11,190,4.035718040540814,0.33821817487478256,0.00010989606380462646,4.035827936604619,0.7921996579971164,True,0.3333361218595121,False
capacity,11,191,4.024195950478315,0.33706589601933956,7.008202373981476e-05,4.024266032502055,0.7962501130532473,True,0.3876373040162759,False
capacity,11,192,4.363535903394222,0.3361129201948643,0.00010011717677116394,4.363636020570993,0.8006445879582316,True,0.3911628709241632,False
capacity,11,193,4.0852411184459925,0.33179507590830326,9.103678166866302e-05,4.085332155227661,0.8047567701432854,True,0.40936158313922105,False
capacity,11,194,4.04267106205225,0.3318861126899719,7.986091077327728e-05,4.042750922963023,0.8088259210344404,True,0.39178467930185146,False
capacity,11,195,4.02348511852324,0.3318251110613346,9.988434612751007e-05,4.023585002869368,0.8128764170687646,True,0.40931606163760503,False
capacity,11,196,4.0368500631302595,0.33360905945301056,8.009374141693115e-05,4.0369301568716764,0.8169436540920287,True,0.36469425931994615,False
capacity,11,197,4.647119902074337,0.3299219533801079,8.009374141693115e-05,4.647199995815754,0.821617143927142,True,0.3512304870160149,False
capacity,11,198,4.05268999747932,0.33251685090363026,0.00010011717677116394,4.052790114656091,0.8257005021441728,True,0.3607082455868773,False
capacity,11,199,4.035337129607797,0.3313750494271517,7.986091077327728e-05,4.03541699051857,0.8297623090911657,True,0.39373762147723673,False
capacity,11,200,4.027812974527478,0.32996200025081635,9.988434612751007e-05,4.027912858873606,0.8338164619635791,True,0.3391902055487972,False
capacity,11,201,4.343698034062982,0.33312803134322166,8.102506399154663e-05,4.343779059126973,0.8381902270484716,True,0.34212859047441285,False
capacity,11,202,4.036640049889684,0.3341499250382185,8.987262845039368e-05,4.036729922518134,0.8422534770797938,True,0.3010037650873513,False
capacity,11,203,4.041458945721388,0.33477088436484337,9.010545909404755e-05,4.041549051180482,0.8463210850022733,True,0.3292688066568312,False
capacity,11,204,4.053381038829684,0.33268705010414124,0.00011012889444828033,4.0534911677241325,0.8504007561132312,True,0.32336404184735995,False
capacity,11,205,4.227570025250316,0.3336588852107525,8.009374141693115e-05,4.227650118991733,0.8546544751152396,True,0.3068450585814682,False
capacity,11,206,4.042691085487604,0.33061299473047256,6.0070306062698364e-05,4.042751155793667,0.8587286351248622,True,0.28904934774947166,False
capacity,11,207,4.00734506547451,0.32770796678960323,9.988434612751007e-05,4.007444949820638,0.8627620490733534,True,0.25154559481107197,False
capacity,11,208,4.340772982686758,0.32810913398861885,9.988434612751007e-05,4.3408728670328856,0.867129391990602,True,0.26310260300051086,False
capacity,11,209,4.082986852154136,0.33930991776287556,8.009374141693115e-05,4.083066945895553,0.8712436479981989,True,0.25081412383185997,False
capacity,11,210,4.03389404527843,0.3351219929754734,9.010545909404755e-05,4.033984150737524,0.8753035510890186,True,0.2434149074302954,False
capacity,11,211,4.031980875879526,0.34245499409735203,9.103678166866302e-05,4.032071912661195,0.8793695769272745,True,0.24138448235358317,False
capacity,11,212,4.038452869281173,0.3324768040329218,8.009374141693115e-05,4.03853296302259,0.8834341790061444,True,0.24397485751911785,False
capacity,11,213,4.198244074359536,0.34089316613972187,9.988434612751007e-05,4.198343958705664,0.8876589830033481,True,0.2352641695416774,False
capacity,11,214,4.0260800160467625,0.3295110072940588,0.00010011717677116394,4.026180133223534,0.8917115330696106,True,0.24092877734270887,False
capacity,11,215,4.029656993225217,0.3291708417236805,9.010545909404755e-05,4.029747098684311,0.8957678601145744,True,0.21929507788949798,False
capacity,11,216,4.028823925182223,0.33277692273259163,0.00010104849934577942,4.028924973681569,0.8998277829959989,True,0.18810593393401506,False
capacity,11,217,4.558382788673043,0.3312039189040661,9.103678166866302e-05,4.558473825454712,0.9044123259373009,True,0.21414262298855102,False
capacity,11,218,4.031268879771233,0.33476087264716625,9.010545909404755e-05,4.031358985230327,0.9084701249375939,True,0.18500666634176702,False
capacity,11,219,4.0458268485963345,0.33123488537967205,9.010545909404755e-05,4.0459169540554285,0.912548613967374,True,0.2080265192527188,False
capacity,11,220,4.038824001327157,0.3313340712338686,7.008202373981476e-05,4.038894083350897,0.9166133070830256,True,0.16864980399022583,False
capacity,11,221,4.357113037258387,0.333528034389019,0.00010104849934577942,4.357214085757732,0.9210037630982697,True,0.1746117256193648,False
capacity,11,222,4.082607105374336,0.3370661288499832,9.988434612751007e-05,4.082706989720464,0.925113381119445,True,0.18323852810367966,False
capacity,11,223,4.034825833514333,0.3295009955763817,7.008202373981476e-05,4.034895915538073,0.9291748269461095,True,0.20010723724068183,False
capacity,11,224,4.034986952319741,0.33552199602127075,0.00010011717677116394,4.035087069496512,0.9332357230596244,True,0.2165465108683323,False
capacity,11,225,4.626502050086856,0.33731618896126747,9.988434612751007e-05,4.626601934432983,0.9378880229778588,True,0.2329009142166079,False
capacity,11,226,4.040437052026391,0.32991194166243076,0.00010011717677116394,4.040537169203162,0.9419589471071959,True,0.22718644295312967,False
capacity,11,227,4.034043988212943,0.3337389789521694,0.00010104849934577942,4.034145036712289,0.9460192110855132,True,0.20302550447548806,False
capacity,11,228,4.039835883304477,0.32891007140278816,9.010545909404755e-05,4.039925988763571,0.9500856469385326,True,0.2235394698570006,False
capacity,11,229,4.571707919239998,0.3380570560693741,9.988434612751007e-05,4.571807803586125,0.9546836449299008,True,0.18590076367708894,False
capacity,11,230,4.0366200264543295,0.32919994555413723,9.010545909404755e-05,4.0367101319134235,0.9587465850636363,True,0.1594748065712628,False
capacity,11,231,4.026330076158047,0.3307040315121412,0.00010011717677116394,4.026430193334818,0.9628035421483219,True,0.17107387230024834,False
capacity,11,232,4.029745934531093,0.33011194318532944,0.00010104849934577942,4.029846983030438,0.9668636959977448,True,0.1938578306725778,False
capacity,11,233,4.642992978915572,0.33226609230041504,7.986091077327728e-05,4.643072839826345,0.9715328989550471,True,0.20934103180227545,False
capacity,11,234,4.027501912787557,0.33061299473047256,8.009374141693115e-05,4.027582006528974,0.975586469983682,True,0.23088690957972136,False
capacity,11,235,4.02414589188993,0.33065304160118103,0.00010011717677116394,4.024246009066701,0.9796371259726584,True,0.18395823680479756,False
capacity,11,236,4.036157857626677,0.3304129932075739,9.010545909404755e-05,4.036247963085771,0.9837037019897252,True,0.18041603143857302,False
capacity,11,237,4.174889996647835,0.33765705302357674,8.987262845039368e-05,4.174979869276285,0.9879059640225023,True,0.18821361271520062,False
capacity,11,238,4.045846872031689,0.3303729463368654,9.010545909404755e-05,4.045936977490783,0.9919782909564674,True,0.22872352100655016,False
capacity,11,239,4.04493510723114,0.3296809736639261,9.010545909404755e-05,4.045025212690234,0.9960495261475444,True,0.16036001353386747,False
capacity,11,240,4.042912041768432,0.32722693867981434,0.00010011717677116394,4.043012158945203,1.0001228251494467,True,0.18032381440823336,False
capacity,11,241,4.604310030117631,0.326304929330945,8.009374141693115e-05,4.604390123859048,1.0047530340962112,True,0.1881723637696794,False
capacity,11,242,4.032202064990997,0.32496312633156776,9.988434612751007e-05,4.032301949337125,1.0088121660519391,True,0.15367645990093623,False
capacity,11,243,4.016922088339925,0.3240611404180527,8.987262845039368e-05,4.017011960968375,1.0128556680865586,True,0.09515285394444462,False
capacity,11,244,4.054283024743199,0.32554310746490955,9.988434612751007e-05,4.054382909089327,1.0169456589501351,True,0.06735573291115347,False
capacity,11,245,4.599350970238447,0.3299219533801079,9.010545909404755e-05,4.599441075697541,1.021574896061793,True,0.08485668858187599,False
capacity,11,246,4.048671806231141,0.32915989868342876,0.00010104849934577942,4.048772854730487,1.0256554279476404,True,0.6030548193863343,False
capacity,11,247,4.038493148982525,0.32778806053102016,0.00010989606380462646,4.0386030450463295,1.02972216415219,True,0.6309308644704996,False
capacity,11,248,4.416736075654626,0.32830890268087387,8.009374141693115e-05,4.416816169396043,1.0341652401257306,True,0.5945601034961342,False
capacity,11,249,4.063280066475272,0.3348509781062603,8.987262845039368e-05,4.063369939103723,1.038255461025983,True,0.5270065126517448,False
capacity,11,250,4.011902958154678,0.33108401112258434,8.987262845039368e-05,4.011992830783129,1.0422982119489461,True,0.4950542355645503,False
capacity,11,251,4.0245570708066225,0.3329480532556772,9.988434612751007e-05,4.02465695515275,1.046348808100447,True,0.5030124284319286,False
capacity,11,252,4.009908996522427,0.3278879448771477,0.00010011717677116394,4.010009113699198,1.0503851871471852,True,0.6019754801818175,False
capacity,11,253,4.276141989976168,0.3243819810450077,9.010545909404755e-05,4.276232095435262,1.0546878890600055,True,0.6938397508938944,False
capacity,11,254,4.013014025986195,0.32002292573451996,0.00010104849934577942,4.01311507448554,1.0587273831479251,True,0.723674322665252,False
capacity,11,255,4.019948188215494,0.3219170030206442,8.987262845039368e-05,4.0200380608439445,1.0627735911402851,True,0.6873034262815154,True
capacity,11,256,4.0370209608227015,0.32471190206706524,8.009374141693115e-05,4.037101054564118,1.0668441550806165,True,0.6757337099984139,True
capacity,11,257,4.588601179420948,0.3246520645916462,0.00010989606380462646,4.588711075484753,1.0714594761375338,True,0.5840308357158036,False
capacity,11,258,4.041909938678145,0.32990192994475365,9.010545909404755e-05,4.0420000441372395,1.075528406072408,True,0.6307278790808022,False
capacity,11,259,4.025338916108012,0.32296893186867237,9.010545909404755e-05,4.025429021567106,1.079580405028537,True,0.583205143134552,False
capacity,11,260,4.0032570250332355,0.3206450492143631,9.010545909404755e-05,4.00334713049233,1.0836141090840101,True,0.4958178322203381,False
capacity,11,261,4.0740210097283125,0.32199686393141747,9.010545909404755e-05,4.0741111151874065,1.087715000147,True,0.43665931855755935,False
capacity,11,262,4.0186860132962465,0.31944201327860355,9.010545909404755e-05,4.018776118755341,1.0917603061534464,True,0.4080351198936951,False
capacity,11,263,4.003556910902262,0.31911092810332775,0.00010104849934577942,4.0036579594016075,1.0957909440621734,True,0.3104432676344207,False
capacity,11,264,4.0084258653223515,0.31685689464211464,9.010545909404755e-05,4.0085159707814455,1.0998258399777114,True,0.267745444896811,False
capacity,11,265,4.57421294413507,0.32111513428390026,9.988434612751007e-05,4.574312828481197,1.104426773963496,True,0.2877319343092434,False
capacity,11,266,4.027812974527478,0.32551283948123455,9.010545909404755e-05,4.027903079986572,1.108489012112841,True,0.23237964623358442,False
capacity,11,267,4.025537986308336,0.31827017664909363,8.987262845039368e-05,4.025627858936787,1.1125473319552839,True,0.2761375837379423,False
capacity,11,268,4.038272891193628,0.3203940577805042,0.00010011717677116394,4.0383730083703995,1.1166123759467155,True,0.30699470307673593,False
capacity,11,269,4.613065859302878,0.3190308343619108,8.009374141693115e-05,4.613145953044295,1.1212515409570187,True,0.2596836166083622,False
capacity,11,270,4.03513596393168,0.3260239027440548,9.103678166866302e-05,4.035227000713348,1.1253176960162818,True,0.2226951582562647,False
capacity,11,271,4.0300770197063684,0.3286690916866064,8.987262845039368e-05,4.030166892334819,1.1293744440190494,True,0.20718556482656453,False
capacity,11,272,4.03331289999187,0.32666604965925217,0.00010011717677116394,4.033413017168641,1.1334342169575393,True,0.2924495068666624,False
capacity,11,273,4.298544023185968,0.3301030956208706,9.010545909404755e-05,4.2986341286450624,1.1377592710778117,True,0.3897429117964347,False
capacity,11,274,4.031228832900524,0.32416079193353653,9.103678166866302e-05,4.031319869682193,1.1418169899843633,True,0.3717798753608981,False
capacity,11,275,4.0338539984077215,0.33075292594730854,9.010545909404755e-05,4.033944103866816,1.1458777850493789,True,0.3587473596752773,False
capacity,11,276,4.025669069960713,0.32697594724595547,8.987262845039368e-05,4.025758942589164,1.1499345530755818,True,0.3838117189356239,False
capacity,11,277,4.674621857702732,0.32728700898587704,9.103678166866302e-05,4.674712894484401,1.1546396529302,True,0.37990997585566577,False
capacity,11,278,4.034696146845818,0.3285589627921581,0.00010104849934577942,4.034797195345163,1.158701280131936,True,0.3708110327241021,False
capacity,11,279,4.036559024825692,0.33165491186082363,9.010545909404755e-05,4.036649130284786,1.1627686670981348,True,0.40395299497952714,False
capacity,11,280,4.0407979395240545,0.3314048517495394,8.009374141693115e-05,4.0408780332654715,1.1668365360237658,True,0.434809096586844,False
capacity,11,281,4.876954015344381,0.3339389804750681,0.00010011717677116394,4.8770541325211525,1.1717399801127613,True,0.4226684552025776,False
capacity,11,282,4.042139975354075,0.33059297129511833,8.009374141693115e-05,4.042220069095492,1.1758098821155727,True,0.43062146617930463,False
capacity,11,283,4.0287848096340895,0.33272779546678066,6.0070306062698364e-05,4.028844879940152,1.1798653069417924,True,0.38840695860680563,False
capacity,11,284,4.04098816215992,0.330332200974226,9.988434612751007e-05,4.041088046506047,1.1839327150955796,True,0.3735509098120734,False
capacity,11,285,4.188185790553689,0.3322470001876354,8.009374141693115e-05,4.188265884295106,1.1881477609276772,True,0.4271867070459406,False
capacity,11,286,4.024716792628169,0.3354819491505623,9.103678166866302e-05,4.024807829409838,1.1922047089319676,True,0.978965152083574,False
capacity,11,287,4.046078072860837,0.33643515780568123,9.988434612751007e-05,4.0461779572069645,1.1962781080510467,True,0.9709590570575227,False
capacity,11,288,4.079451085999608,0.336294062435627,8.987262845039368e-05,4.079540958628058,1.2003881060518324,True,0.9276172326930625,True
capacity,11,289,4.388232016935945,0.33675506711006165,8.009374141693115e-05,4.3883121106773615,1.2048092500772327,True,1.0039992212665938,True
capacity,11,290,4.033733857795596,0.3317347727715969,0.00010011717677116394,4.033833974972367,1.2088699350133538,True,1.0165902989021702,True
capacity,11,291,4.031310090795159,0.3301529213786125,8.009374141693115e-05,4.031390184536576,1.2129272441379726,True,1.006469342335287,True
capacity,11,292,4.031350137665868,0.33009215258061886,0.00010989606380462646,4.031460033729672,1.2169852941296995,True,0.9601530144819915,True
capacity,11,293,4.3948551174253225,0.33373921178281307,8.987262845039368e-05,4.394944990053773,1.2214063580613583,True,0.900517333244105,True
capacity,11,294,4.0351168718189,0.3348509781062603,8.009374141693115e-05,4.035196965560317,1.2254688870161772,True,0.82811165505837,True
capacity,11,295,4.042570013552904,0.3298018127679825,8.009374141693115e-05,4.042650107294321,1.2295442691538483,True,0.8471581031638717,True
capacity,11,296,4.028463969007134,0.3303831908851862,9.988434612751007e-05,4.028563853353262,1.2336037019267678,True,0.7733702848394324,True
capacity,11,297,4.473953973501921,0.332436989992857,0.00010011717677116394,4.474054090678692,1.238104677060619,True,0.740316221124802,True
capacity,11,298,4.0385129395872355,0.330562936142087,9.010545909404755e-05,4.0386030450463295,1.242170511977747,True,0.6933406765610889,True
capacity,11,299,4.045256180688739,0.336524099111557,9.080395102500916e-05,4.045346984639764,1.2462495521176606,True,0.715002841644089,True
capacity,11,300,4.4196119997650385,0.3349620383232832,9.988434612751007e-05,4.419711884111166,1.25069541297853,True,0.6825545787694326,True
capacity,11,301,4.320294130593538,0.33416994847357273,0.00010989606380462646,4.320404026657343,1.2550434591248631,True,0.6724269271302136,True
capacity,11,302,4.0301671251654625,0.3306330181658268,8.987262845039368e-05,4.030256997793913,1.259100427152589,True,0.6215772902422416,False
capacity,11,303,4.003497073426843,0.3283391706645489,0.00011082738637924194,4.003607900813222,1.2631300040520728,True,0.6991815421988254,False
capacity,11,304,4.02484810911119,0.3292409237474203,9.010545909404755e-05,4.024938214570284,1.267181672155857,True,0.6725057007913494,False
capacity,11,305,4.3774128425866365,0.34281681291759014,9.010545909404755e-05,4.377502948045731,1.2715854439884424,True,0.635410023713397,True
capacity,11,306,4.039285006001592,0.3298618830740452,9.010545909404755e-05,4.039375111460686,1.2756569790653884,True,0.6317028043248974,True
capacity,11,307,4.043813096359372,0.33075292594730854,7.986091077327728e-05,4.043892957270145,1.2797271721065044,True,0.613610004752825,False
capacity,11,308,4.338678903877735,0.32935081981122494,9.010545909404755e-05,4.338769009336829,1.284092321060598,True,0.5706248012383863,False
capacity,11,309,4.184668883681297,0.3323368728160858,9.010545909404755e-05,4.184758989140391,1.288309440948069,True,0.6026930061362097,False
capacity,11,310,4.038223065435886,0.3346910234540701,9.010545909404755e-05,4.03831317089498,1.2923781911376864,True,0.5754467569310902,False
capacity,11,311,4.028845112770796,0.3353219944983721,8.009374141693115e-05,4.028925206512213,1.2964340271428227,True,0.5458031273535232,False
capacity,11,312,4.416095092892647,0.3355529624968767,7.986091077327728e-05,4.41617495380342,1.3008768120780587,True,0.5449759497083025,False
capacity,11,313,4.226868040859699,0.3318050876259804,8.009374141693115e-05,4.226948134601116,1.305131012108177,True,0.5314698013273438,False
capacity,11,314,4.019296960905194,0.33123488537967205,9.010545909404755e-05,4.019387066364288,1.309176879003644,True,0.5066531527011272,False
capacity,11,315,4.038403043523431,0.3360230475664139,9.103678166866302e-05,4.0384940803050995,1.3132415320724249,True,0.5042838053558609,False
capacity,11,316,4.038352984935045,0.335172051563859,0.00011990778148174286,4.038472892716527,1.317311513936147,True,0.5109709311047159,False
capacity,11,317,4.409882938489318,0.33915904350578785,0.00010011717677116394,4.409983055666089,1.3217477470170707,True,1.01286732238825,False
capacity,11,318,4.0307489689439535,0.3306330181658268,9.010545909404755e-05,4.030839074403048,1.3258097050711513,True,0.9641113336828432,False
capacity,11,319,4.029706120491028,0.33059297129511833,0.00010989606380462646,4.0298160165548325,1.3298660011496395,True,0.894994279278589,True
capacity,11,320,4.3544890359044075,0.33075292594730854,9.010545909404755e-05,4.3545791413635015,1.3342515991535038,True,0.8640508617870823,True
capacity,11,321,4.079360980540514,0.337907113134861,0.00011990778148174286,4.079480888321996,1.3383576800115407,True,0.8279095368875209,True
capacity,11,322,4.036619793623686,0.34037185832858086,0.00010011717677116394,4.036719910800457,1.3424201179295778,True,0.7722338413105658,True
capacity,11,323,4.042421001940966,0.33768615685403347,0.00010989606380462646,4.04253089800477,1.346489188959822,True,0.7342935806341706,True
capacity,11,324,4.420603858307004,0.3297820221632719,0.00011012889444828033,4.420713987201452,1.3509420929476619,True,0.7348531862225087,True
capacity,11,325,4.220015136525035,0.33081299625337124,8.987262845039368e-05,4.220105009153485,1.3551890491507947,True,0.7194005435112363,True
capacity,11,326,4.043622873723507,0.34161400981247425,9.010545909404755e-05,4.043712979182601,1.3592637809924781,True,0.7199149115203671,True
capacity,11,327,4.018295090645552,0.3386989701539278,9.010545909404755e-05,4.018385196104646,1.3633087361231446,True,0.6615992482630588,True
capacity,11,328,4.018955864012241,0.33878907561302185,9.010545909404755e-05,4.019045969471335,1.3673585299402475,True,0.6453785502459692,True
capacity,11,329,4.1891171131283045,0.33959001302719116,0.00010081566870212555,4.189217928797007,1.371573677053675,True,0.6549576473004769,True
capacity,11,330,4.03440510854125,0.3296509385108948,0.00010104849934577942,4.034506157040596,1.3756345021538436,True,0.6158940547024475,False
capacity,11,331,4.023475106805563,0.32990192994475365,8.987262845039368e-05,4.023564979434013,1.379693454131484,True,0.5859686129281005,False
capacity,11,332,4.347866168245673,0.33002207055687904,0.00011082738637924194,4.347976995632052,1.3840678101405501,True,0.5758842154922924,False
capacity,11,333,4.094287985935807,0.3301519900560379,8.987262845039368e-05,4.094377858564258,1.3881886180024594,True,0.5833600788637263,False
capacity,11,334,4.03359392657876,0.3359739203006029,9.010545909404755e-05,4.033684032037854,1.3922487020026892,True,0.5534864332740423,False
capacity,11,335,4.030336858704686,0.33629382960498333,0.00010104849934577942,4.030437907204032,1.39630516897887,True,0.5215805646555816,False
capacity,11,336,4.038303159177303,0.3329380415380001,8.987262845039368e-05,4.038393031805754,1.4003736791200936,True,0.4973401842819033,False
capacity,11,337,4.253037041053176,0.3342998679727316,9.010545909404755e-05,4.25312714651227,1.4046535971574485,True,0.49237813304005223,False
capacity,11,338,4.017774015665054,0.3248730208724737,0.00010011717677116394,4.0178741328418255,1.4087020091246814,True,0.4755686903038932,False
capacity,11,339,4.022112116217613,0.32644602470099926,9.988434612751007e-05,4.022212000563741,1.4127506110817194,True,0.4099335824707697,False
capacity,11,340,4.021591041237116,0.3232790622860193,8.987262845039368e-05,4.021680913865566,1.4167983119841665,True,0.3924295656538119,False
capacity,11,341,4.6333749778568745,0.3229090943932533,0.00010011717677116394,4.633475095033646,1.4214579060208052,True,0.38534436299162306,False
capacity,11,342,4.025398986414075,0.32792799174785614,8.009374141693115e-05,4.025479080155492,1.4255140230525285,True,0.31632665151605804,False
capacity,11,343,4.009158117696643,0.3204441163688898,8.987262845039368e-05,4.009247990325093,1.4295494500547647,True,0.2892774927883513,False
capacity,11,344,4.033282864838839,0.32172584906220436,0.00011106021702289581,4.0333939250558615,1.4336089929565787,True,0.3353035935914508,False
capacity,11,345,4.131157882511616,0.33251685090363026,9.010545909404755e-05,4.13124798797071,1.4377668909728527,True,0.3857887084864694,False
capacity,11,346,4.015519982203841,0.3247419372200966,9.010545909404755e-05,4.015610087662935,1.4418143210932612,True,0.3916758036142143,False
capacity,11,347,4.007444018498063,0.32345904037356377,9.080395102500916e-05,4.007534822449088,1.445848525967449,True,0.2872617126285147,False
capacity,11,348,4.028714960440993,0.3235300537198782,8.987262845039368e-05,4.028804833069444,1.4499079189263284,True,0.31854440782267657,False
capacity,11,349,4.592057084664702,0.32322900369763374,8.987262845039368e-05,4.592146957293153,1.4545340000186116,True,0.33794174358619267,False
capacity,11,350,4.0226338896900415,0.32252795062959194,8.009374141693115e-05,4.0227139834314585,1.4585830729920417,True,0.31202591676955843,False
capacity,11,351,4.045437090098858,0.3214860334992409,9.010545909404755e-05,4.045527195557952,1.46265473915264,True,0.3721186760172134,False
capacity,11,352,4.014407051727176,0.3162059001624584,9.010545909404755e-05,4.01449715718627,1.46669527515769,True,0.5259180861603535,False
capacity,11,353,4.0976249147206545,0.3200939390808344,9.010545909404755e-05,4.0977150201797485,1.4708235380239785,True,0.5609599454601698,False
capacity,11,354,4.02662088163197,0.32155588269233704,0.00010011717677116394,4.026720998808742,1.4748763679526746,True,0.4372933874565416,False
capacity,11,355,4.027442075312138,0.32423110678792,0.00011106021702289581,4.0275531355291605,1.478930100100115,True,0.48743764129437905,False
capacity,11,356,4.023856017738581,0.3243819810450077,7.008202373981476e-05,4.0239260997623205,1.4829844031482935,True,0.4329151830534455,False
capacity,11,357,4.595422884449363,0.32997201196849346,0.00010011717677116394,4.595523001626134,1.4876102129928768,True,0.41093990298783717,False
capacity,11,358,4.037712002173066,0.3271170426160097,9.988434612751007e-05,4.037811886519194,1.491674826014787,True,0.38690760918073575,False
capacity,11,359,4.022923996672034,0.32844883389770985,0.00010011717677116394,4.023024113848805,1.4957238391507417,True,0.38269822699251865,False
capacity,11,360,4.028273979201913,0.3255938645452261,6.0070306062698364e-05,4.028334049507976,1.4997777910903096,True,0.37641201014093467,False
capacity,11,361,4.628035007044673,0.32594497315585613,8.009374141693115e-05,4.62811510078609,1.5044319450389594,True,0.3419154175142885,False
capacity,11,362,4.025168949738145,0.328809954226017,8.009374141693115e-05,4.025249043479562,1.5084840040653944,True,0.3075186182549145,False
capacity,11,363,4.038704093545675,0.3236299380660057,8.987262845039368e-05,4.038793966174126,1.5125541870947927,True,0.4265858805685991,False
capacity,11,364,4.022483015432954,0.3223069943487644,9.988434612751007e-05,4.022582899779081,1.516606505960226,True,0.4014514975881191,False
capacity,11,365,4.151094937697053,0.32536289654672146,0.00011106021702289581,4.151205997914076,1.5207844420801848,True,0.3682351528457483,False
capacity,11,366,4.01969812810421,0.32356008887290955,7.986091077327728e-05,4.019777989014983,1.52483418607153,True,0.34460823132886187,False
capacity,11,367,4.022754030302167,0.32356008887290955,9.988434612751007e-05,4.0228539146482944,1.528887066990137,True,0.3317153721435096,False
capacity,11,368,4.020740045234561,0.32291910611093044,8.009374141693115e-05,4.020820138975978,1.5329340060707182,True,0.3184060440128392,False
capacity,11,369,4.614490084350109,0.32692705281078815,9.988434612751007e-05,4.614589968696237,1.5375749750528485,True,0.3659024063571069,False
capacity,11,370,4.012464080005884,0.32671610824763775,0.00010989606380462646,4.012573976069689,1.5416141690220684,True,0.38519376699218555,False
capacity,11,371,4.030268173664808,0.33226609230041504,0.00010989606380462646,4.030378069728613,1.545671007130295,True,0.5279773192328673,False
capacity,11,372,4.023986170068383,0.33312803134322166,8.987262845039368e-05,4.024076042696834,1.5497209921013564,True,0.54052158357513,False
capacity,11,373,4.610832082107663,0.3308439627289772,8.987262845039368e-05,4.6109219547361135,1.554357642075047,True,0.567985421571459,False
capacity,11,374,4.021642031148076,0.33796695061028004,0.00010011717677116394,4.021742148324847,1.5584057241212577,True,0.527413762210941,False
capacity,11,375,4.061596933752298,0.34192483872175217,0.00010011717677116394,4.0616970509290695,1.5624977280385792,True,0.49404390098486795,False
capacity,11,376,4.038422834128141,0.3340288531035185,8.102506399154663e-05,4.038503859192133,1.566566918976605,True,0.49941246272375267,False
capacity,11,377,4.268987802788615,0.3354819491505623,0.00010011717677116394,4.269087919965386,1.5708667349535972,True,0.48047540536787975,False
capacity,11,378,4.048541886731982,0.3350719343870878,0.00010011717677116394,4.048642003908753,1.574941396014765,True,0.46550827842230086,False
capacity,11,379,4.036919912323356,0.33409008756279945,9.010545909404755e-05,4.03701001778245,1.5790043249726295,True,0.5322767756490593,False
capacity,11,380,4.036338999867439,0.33376901410520077,0.00011106021702289581,4.036450060084462,1.5830674250610173,True,0.47752351125582726,False
capacity,11,381,4.613257013261318,0.34103309735655785,9.988434612751007e-05,4.613356897607446,1.5877069709822536,True,0.5726056403019061,False
capacity,11,382,4.033493809401989,0.3332879859954119,7.008202373981476e-05,4.033563891425729,1.5917674859520048,True,0.47994372131919105,False
capacity,11,383,4.032432101666927,0.33537205308675766,9.988434612751007e-05,4.032531986013055,1.5958261371124536,True,0.433531711800739,False
capacity,11,384,4.03853296302259,0.3342099953442812,9.010545909404755e-05,4.038623068481684,1.5998913100920618,True,0.5030154387425787,False
capacity,11,385,4.635307937860489,0.33346889540553093,9.010545909404755e-05,4.635398043319583,1.6045525569934398,True,0.5510851467810599,False
capacity,11,386,4.022262990474701,0.3330779727548361,0.00010989606380462646,4.0223728865385056,1.6086081529501826,True,0.5822257104387134,False
capacity,11,387,4.023004090413451,0.332788098603487,8.009374141693115e-05,4.023084184154868,1.6126621051225811,True,0.6076355022291856,False
capacity,11,388,4.0345159359276295,0.3343711141496897,9.988434612751007e-05,4.034615820273757,1.616723621962592,True,0.540431768713885,False
capacity,11,389,4.59913001395762,0.33905007876455784,9.988434612751007e-05,4.599229898303747,1.6213491009548306,True,0.6805234247212926,False
capacity,11,390,4.0198881179094315,0.3344800788909197,9.988434612751007e-05,4.019988002255559,1.6253952390979975,True,0.5918354161684409,False
capacity,11,391,4.026259994134307,0.3384179435670376,0.00010011717677116394,4.026360111311078,1.6294484201353043,True,0.6027840973316723,False
capacity,11,392,4.0443039033561945,0.33868802711367607,9.010545909404755e-05,4.0443940088152885,1.6335195649880916,True,0.7499075472607569,False
capacity,11,393,4.124465864151716,0.3367150202393532,0.00010011717677116394,4.124565981328487,1.6376703099813312,True,0.6858295147972594,False
capacity,11,394,4.025338916108012,0.33194595016539097,9.988434612751007e-05,4.02543880045414,1.6417224989272654,True,0.7015595246733821,True
capacity,11,395,4.03654994443059,0.3346509765833616,0.00010011717677116394,4.036650061607361,1.6457855280023068,True,0.7194642934118026,True
capacity,11,396,4.051588010042906,0.3288898151367903,0.00010011717677116394,4.051688127219677,1.6498701181262732,True,0.6792058257102566,True
capacity,11,397,4.553853999823332,0.32932101748883724,0.00010081566870212555,4.553954815492034,1.6544545199722052,True,0.6301801912354684,False
capacity,11,398,4.032861907035112,0.334880780428648,9.010545909404755e-05,4.032952012494206,1.658514223061502,True,0.5169278057817813,False
capacity,11,399,4.025529138743877,0.3301419783383608,7.986091077327728e-05,4.025608999654651,1.662568116094917,True,0.4653417520670983,False
capacity,11,400,4.030588082969189,0.3302220720797777,0.00011106021702289581,4.030699143186212,1.6666246231179684,True,0.5370485669293643,False
capacity,11,401,4.216799046844244,0.33022300340235233,9.010545909404755e-05,4.216889152303338,1.6708733721170574,True,0.4962850426724168,False
capacity,11,402,4.045316018164158,0.32975198701024055,0.00010989606380462646,4.0454259142279625,1.674945177976042,True,0.48326342982071047,False
capacity,11,403,4.051618045195937,0.3289699088782072,0.00011012889444828033,4.051728174090385,1.6790231161285192,True,0.5367546980221346,False
capacity,11,404,4.049883922562003,0.33114408142864704,9.010545909404755e-05,4.049974028021097,1.6830993799958378,True,0.5929926977346843,False
capacity,11,405,4.6360299456864595,0.3307338338345289,9.010545909404755e-05,4.636120051145554,1.687761469045654,True,0.5230511696536452,False
capacity,11,406,4.028403898701072,0.33029308542609215,8.009374141693115e-05,4.028483992442489,1.6918232259340584,True,1.6088580931985415,False
capacity,11,407,4.033464007079601,0.33093406818807125,0.00011990778148174286,4.033583914861083,1.6958832100499421,True,1.5324304941584392,False
capacity,11,408,4.04458399862051,0.3311841282993555,0.00011082738637924194,4.044694826006889,1.6999579509720206,True,1.439938683861382,True
capacity,11,409,4.53600101172924,0.33039203844964504,0.00012107193470001221,4.53612208366394,1.7045200620777905,True,1.4028983851158938,True
capacity,11,410,4.042710876092315,0.3314649220556021,8.009374141693115e-05,4.042790969833732,1.7085891619790345,True,1.3284589103116193,True
capacity,11,411,4.038203042000532,0.3318560775369406,0.00010989606380462646,4.038312938064337,1.7126536550931633,True,1.2786573941790516,True
capacity,11,412,4.027130780741572,0.3306628204882145,9.103678166866302e-05,4.027221817523241,1.7167068049311638,True,1.2139496984103582,True
capacity,11,413,4.536241060122848,0.3346400335431099,8.987262845039368e-05,4.536330932751298,1.7212702380493283,True,1.1360859568369388,True
capacity,11,414,4.022062057629228,0.33637392334640026,9.010545909404755e-05,4.022152163088322,1.7253185401204973,True,1.111580591548019,True
capacity,11,415,4.021550994366407,0.3362440038472414,0.00010989606380462646,4.021660890430212,1.7293660000432283,True,1.0271397385584222,True
capacity,11,416,4.023585002869368,0.33530197106301785,0.00011012889444828033,4.023695131763816,1.7334221061319113,True,0.9753410312343123,True
capacity,11,417,4.578690975904465,0.3365539014339447,8.009374141693115e-05,4.578771069645882,1.7380270271096379,True,0.9505433452451469,True
capacity,11,418,4.027531947940588,0.3304427955299616,0.00010011717677116394,4.027632065117359,1.742081480100751,True,0.9014338016971477,True
capacity,11,419,4.024737048894167,0.33094407990574837,0.00010081566870212555,4.024837864562869,1.746137036010623,True,0.8645885063832834,True
capacity,11,420,4.041638923808932,0.3343599382787943,0.00011106021702289581,4.041749984025955,1.7502050250768661,True,0.8687311236004939,True
capacity,11,421,4.177524941042066,0.3393900115042925,9.010545909404755e-05,4.17761504650116,1.7544091700110584,True,0.8591356288831951,True
capacity,11,422,4.03597904369235,0.3349720500409603,8.987262845039368e-05,4.036068916320801,1.7584712880197912,True,0.8309473395898936,True
capacity,11,423,4.030347103253007,0.3309231251478195,7.986091077327728e-05,4.03042696416378,1.7625338360667229,True,0.7539562186478909,True
capacity,12,0,3.7791139911860228,0.32285810448229313,0.00010104849934577942,3.7792150396853685,0.0037988920230418444,False,,
capacity,12,1,4.254691069945693,0.3301429096609354,0.00014994293451309204,4.254841012880206,0.008075975114479661,False,,
capacity,12,2,3.829999826848507,0.32310886308550835,0.00011012889444828033,3.830109955742955,0.011936652939766645,False,,
capacity,12,3,3.7783028092235327,0.3246418200433254,0.00010011717677116394,3.778402926400304,0.015737317968159914,False,,
capacity,12,4,3.7737241946160793,0.3279692027717829,0.00012991949915885925,3.773854114115238,0.019533133134245872,False,,
capacity,12,5,4.247476812452078,0.32866885885596275,0.00013015232980251312,4.24760696478188,0.023802601965144277,False,,
capacity,12,6,3.8248798809945583,0.3308539744466543,0.00013015232980251312,3.825010033324361,0.027649824041873217,False,,
capacity,12,7,3.7939720787107944,0.330914044752717,0.00013993121683597565,3.7941120099276304,0.031465728068724275,False,,
capacity,12,8,3.7872500251978636,0.3253431059420109,0.00011990778148174286,3.7873699329793453,0.03527462901547551,False,,
capacity,12,9,4.247326869517565,0.3260348457843065,0.00012014061212539673,4.24744701012969,0.03954350599087775,False,,
capacity,12,10,4.066456109285355,0.33123395405709743,0.00015087425708770752,4.066606983542442,0.04363214410841465,False,,
capacity,12,11,3.798210062086582,0.3329380415380001,0.00012991949915885925,3.798339981585741,0.04745235503651202,False,,
capacity,12,12,3.7832020316272974,0.3263251855969429,0.00013085082173347473,3.783332882449031,0.05126171698793769,False,,
capacity,12,13,3.794012125581503,0.327106099575758,0.00015087425708770752,3.7941629998385906,0.055081718135625124,False,,
capacity,12,14,3.863703925162554,0.33136503770947456,0.00012991949915885925,3.8638338446617126,0.05896726297214627,False,,
capacity,12,15,4.003356909379363,0.326935900375247,0.00014994293451309204,4.003506852313876,0.06299244100227952,False,,
capacity,12,16,3.9958329871296883,0.32786792144179344,0.00010011717677116394,3.9959331043064594,0.06701077613979578,False,,
capacity,12,17,3.979631932452321,0.3278879448771477,0.00013015232980251312,3.9797620847821236,0.07101276004686952,False,,
capacity,12,18,4.088948015123606,0.33136410638689995,0.00011082738637924194,4.089058842509985,0.07512408099137247,False,,
capacity,12,19,3.9866052102297544,0.32965117134153843,0.00010989606380462646,3.986715106293559,0.07913302816450596,False,,
capacity,12,20,3.979241009801626,0.3289598971605301,0.00012107193470001221,3.979362081736326,0.08313463209196925,False,,
capacity,12,21,3.968321019783616,0.3289699088782072,0.00012014061212539673,3.9684411603957415,0.08712516515515745,False,,
capacity,12,22,4.64071799069643,0.3289200831204653,0.00010989606380462646,4.640827886760235,0.09179234295152128,False,,
capacity,12,23,3.993378020823002,0.3386479802429676,0.00012014061212539673,3.9934981614351273,0.09580891509540379,False,,
capacity,12,24,4.004920134320855,0.3390391357243061,0.00011990778148174286,4.005040042102337,0.09983630711212754,False,,
capacity,12,25,3.9966541808098555,0.32853917218744755,0.00012083910405635834,3.996775019913912,0.10386126511730254,False,,
capacity,12,26,4.402168095111847,0.3346600569784641,0.00012083910405635834,4.402288934215903,0.1082854950800538,False,,
capacity,12,27,3.9900520350784063,0.32989191822707653,0.00012014061212539673,3.9901721756905317,0.11229795916005969,False,,
capacity,12,28,4.010770935565233,0.329792033880949,0.00012014061212539673,4.010891076177359,0.11633131303824484,False,,
capacity,12,29,4.017454106360674,0.32997201196849346,0.00012991949915885925,4.017584025859833,0.12037082808092237,False,,
capacity,12,30,4.594591213390231,0.3271771129220724,0.00010989606380462646,4.594701109454036,0.12498768116347492,False,,
capacity,12,31,3.9991980884224176,0.3282278776168823,0.0001511070877313614,3.999349195510149,0.12900922214612365,False,,
capacity,12,32,4.000612068921328,0.3285999409854412,0.00012014061212539673,4.000732209533453,0.13303666515275836,False,,
capacity,12,33,3.9941889699548483,0.3295210190117359,0.00010104849934577942,3.994290018454194,0.13705293601378798,False,,
capacity,12,34,4.581457003951073,0.3275980707257986,0.00011012889444828033,4.581567132845521,0.1416566150728613,False,,
capacity,12,35,4.050576128065586,0.3347010351717472,0.00012107193470001221,4.050697200000286,0.14572931313887239,True,0.00506926495137438,False
capacity,12,36,4.03927406296134,0.337475910782814,8.009374141693115e-05,4.039354156702757,0.14979579811915755,True,0.004001698880751799,False
capacity,12,37,4.05270978808403,0.33748592250049114,9.010545909404755e-05,4.052799893543124,0.15387966693378985,True,0.0035292915951452963,False
capacity,12,38,4.5733710285276175,0.3338789101690054,9.988434612751007e-05,4.573470912873745,0.15848517906852067,True,0.003652043094554865,False
capacity,12,39,4.028755007311702,0.3369960468262434,8.987262845039368e-05,4.028844879940152,0.16254048398695886,True,0.004369953378980511,False
capacity,12,40,4.023925866931677,0.3354030195623636,0.00010011717677116394,4.024025984108448,0.1665904689580202,True,0.00568302244842223,False
capacity,12,41,4.047780064865947,0.3345401491969824,9.080395102500916e-05,4.047870868816972,0.17066447902470827,True,0.007591250302880026,False
capacity,12,42,4.626802867278457,0.33256690949201584,8.009374141693115e-05,4.626882961019874,0.17532174894586205,True,0.010094636942353883,False
capacity,12,43,4.045756999403238,0.32698712311685085,8.987262845039368e-05,4.045846872031689,0.1793939049821347,True,0.01294767936802469,False
capacity,12,44,4.041427979245782,0.3249018918722868,9.010545909404755e-05,4.041518084704876,0.18346146307885647,True,0.0158007217936955,False
capacity,12,45,4.034877056255937,0.32441201619803905,9.988434612751007e-05,4.034976940602064,0.18752227909862995,True,0.0186537642193663,False
capacity,12,46,4.31480398401618,0.32797898165881634,0.00010989606380462646,4.314913880079985,0.19186766003258526,True,0.021506806645037107,False
capacity,12,47,4.022503038868308,0.32274890691041946,9.010545909404755e-05,4.022593144327402,0.19591618212871253,True,0.004811858776854951,False
capacity,12,48,4.016821971163154,0.32077403739094734,7.986091077327728e-05,4.016901832073927,0.19995913398452103,True,0.007118843017273512,False
capacity,12,49,4.027953138574958,0.32138614915311337,9.988434612751007e-05,4.028053022921085,0.204017274081707,True,0.001786964252010749,False
capacity,12,50,4.5792520977556705,0.325353117659688,9.988434612751007e-05,4.579351982101798,0.2086224250961095,True,0.004167599392075048,False
capacity,12,51,4.047940950840712,0.3295710776001215,8.102506399154663e-05,4.048021975904703,0.21269697695970535,True,0.007689451502407676,False
capacity,12,52,4.031098913401365,0.32842904329299927,8.009374141693115e-05,4.031179007142782,0.21675885398872197,True,0.0,False
capacity,12,53,4.041709937155247,0.3308539744466543,0.00010011717677116394,4.041810054332018,0.2208266130182892,True,0.0,False
capacity,12,54,4.184838850051165,0.32773707062005997,0.00010011717677116394,4.184938967227936,0.2250444139353931,True,0.0,False
capacity,12,55,4.025619011372328,0.3262448590248823,7.008202373981476e-05,4.025689093396068,0.22909698309376836,True,0.0007439484812700968,False
capacity,12,56,4.026149865239859,0.326043926179409,0.00011012889444828033,4.026259994134307,0.23315363097935915,True,0.0032473351207439544,False
capacity,12,57,4.010441014543176,0.32764789648354053,0.00011012889444828033,4.010551143437624,0.23718987009488046,True,0.0,False
capacity,12,58,4.669512854889035,0.32668584026396275,0.00010011717677116394,4.669612972065806,0.241885581985116,True,0.0,False
capacity,12,59,4.031841177493334,0.32820901833474636,8.987262845039368e-05,4.031931050121784,0.24594359216280282,True,0.0,False
capacity,12,60,4.022222012281418,0.3262150567024946,0.00010011717677116394,4.022322129458189,0.24999191309325397,True,0.0,False
capacity,12,61,4.040827043354511,0.32634520903229713,0.00010081566870212555,4.040927859023213,0.25405884999781847,True,0.0,False
capacity,12,62,4.186381120234728,0.3335180226713419,0.00011082738637924194,4.186491947621107,0.25827616010792553,True,0.0,False
capacity,12,63,4.0313201025128365,0.3276080824434757,0.00010989606380462646,4.031429998576641,0.2623376070987433,True,0.0,False
capacity,12,64,4.0314700454473495,0.32797898165881634,0.00010011717677116394,4.031570162624121,0.26639520609751344,True,0.0,False
capacity,12,65,4.0392039809376,0.32786792144179344,0.00010104849934577942,4.039305029436946,0.27046068012714386,True,0.0,False
capacity,12,66,4.6269630547612906,0.33055408857762814,9.988434612751007e-05,4.627062939107418,0.27511858101934195,True,0.0,False
capacity,12,67,4.031299147754908,0.3286190330982208,8.987262845039368e-05,4.031389020383358,0.2791762901470065,True,0.0,False
capacity,12,68,4.014007048681378,0.33045304007828236,9.010545909404755e-05,4.014097154140472,0.2832166370935738,True,0.0,False
capacity,12,69,4.02906583622098,0.32913987524807453,0.00010011717677116394,4.029165953397751,0.2872717019636184,True,0.0,False
capacity,12,70,4.17929794639349,0.3355520311743021,8.102506399154663e-05,4.179378971457481,0.291477550053969,True,0.0,False
capacity,12,71,4.02987701818347,0.32872986048460007,0.00011012889444828033,4.029987147077918,0.29553372715599835,True,0.0,False
capacity,12,72,4.035035846754909,0.3347308374941349,9.103678166866302e-05,4.035126883536577,0.2995998919941485,True,0.0,False
capacity,12,73,4.032472148537636,0.33349799923598766,8.102506399154663e-05,4.032553173601627,0.30365815316326916,True,0.0,False
capacity,12,74,4.601805005222559,0.33464981243014336,9.103678166866302e-05,4.601896042004228,0.3082859171554446,True,0.0,False
capacity,12,75,4.043782828375697,0.3301419783383608,5.005858838558197e-05,4.043832886964083,0.3123565099667758,True,0.0026767266356097844,False
capacity,12,76,4.051157971844077,0.3413839731365442,0.00011012889444828033,4.051268100738525,0.31643956806510687,True,0.007812203001817235,False
capacity,12,77,4.0220217779278755,0.3281279932707548,0.00010011717677116394,4.022121895104647,0.32049300894141197,True,0.01294767936802469,False
capacity,12,78,4.591596079990268,0.3363140858709812,8.987262845039368e-05,4.591685952618718,0.32511143502779305,True,0.016941938763963816,False
capacity,12,79,4.032241879031062,0.3290800377726555,8.009374141693115e-05,4.032321972772479,0.32917014695703983,True,0.020936198159902948,False
capacity,12,80,4.01736400090158,0.32938108779489994,8.987262845039368e-05,4.01745387353003,0.3332139300182462,True,0.023789240585573756,False
capacity,12,81,4.033643985167146,0.3297608345746994,0.00010011717677116394,4.033744102343917,0.3372736230958253,True,0.026642283011244564,False
capacity,12,82,4.620841005817056,0.3299920354038477,9.010545909404755e-05,4.62093111127615,0.3419248410500586,True,0.028924716951781212,False
capacity,12,83,4.044463858008385,0.3301519900560379,8.009374141693115e-05,4.044543951749802,0.3459956250153482,True,0.020341039374886873,False
capacity,12,84,4.028223920613527,0.33013313077390194,0.00010989606380462646,4.028333816677332,0.3500504889525473,True,0.02264802361530543,False
capacity,12,85,4.40548500046134,0.3292509354650974,8.009374141693115e-05,4.405565094202757,0.3544865921139717,True,0.02550106604097624,False
capacity,12,86,4.082847153767943,0.33528218045830727,0.00010989606380462646,4.082957049831748,0.35859594913199544,True,0.027212891496378722,False
capacity,12,87,4.038383020088077,0.33664400689303875,8.987262845039368e-05,4.038472892716527,0.3626604110468179,True,0.00514045031671622,False
capacity,12,88,4.028844879940152,0.33442978747189045,0.00011012889444828033,4.0289550088346004,0.3667153250426054,True,0.05972271691416074,False
capacity,12,89,4.040957894176245,0.3350519109517336,8.009374141693115e-05,4.041037987917662,0.37078228197060525,True,0.0016456140405694288,False
capacity,12,90,4.173428053036332,0.33206609077751637,9.988434612751007e-05,4.17352793738246,0.37498663808219135,True,0.0017192649402151697,False
capacity,12,91,4.01708297431469,0.3265049308538437,8.009374141693115e-05,4.017163068056107,0.37903031101450324,True,0.001443260053663976,False
capacity,12,92,4.029796924442053,0.32569398172199726,0.00010011717677116394,4.029897041618824,0.3830905850045383,True,0.002357572737144919,False
capacity,12,93,4.030287964269519,0.3289608284831047,9.010545909404755e-05,4.030378069728613,0.38714715209789574,True,0.004216699991838884,False
capacity,12,94,4.6080369502305984,0.326826935634017,9.988434612751007e-05,4.608136834576726,0.3917819589842111,True,0.0066709860315489105,False
capacity,12,95,4.017943982034922,0.3323869314044714,9.010545909404755e-05,4.018034087494016,0.39583053113892674,True,0.009524028457219719,False
capacity,12,96,4.0143372025340796,0.3250120207667351,8.079223334789276e-05,4.0144179947674274,0.3998783321585506,True,0.012377070882890527,False
capacity,12,97,4.02449700050056,0.32554403878748417,9.988434612751007e-05,4.024596884846687,0.4039286579936743,True,0.0,False
capacity,12,98,4.552020924165845,0.3245919942855835,8.987262845039368e-05,4.552110796794295,0.40850667795166373,True,0.0,False
capacity,12,99,4.030107986181974,0.3303131088614464,9.988434612751007e-05,4.030207870528102,0.41256297496147454,True,0.0,False
capacity,12,100,4.043433116748929,0.33883913420140743,8.987262845039368e-05,4.043522989377379,0.4166325971018523,True,0.0,False
capacity,12,101,4.020778927952051,0.32743695192039013,9.103678166866302e-05,4.02086996473372,0.42067933501675725,True,0.0,False
capacity,12,102,4.5410399325191975,0.3286988940089941,0.00010104849934577942,4.541140981018543,0.42525073303841054,True,0.0,False
capacity,12,103,4.055053927004337,0.32558408565819263,0.00012991949915885925,4.055183846503496,0.42933737696148455,True,0.000793049081033909,False
capacity,12,104,4.036699887365103,0.3260949160903692,0.00011990778148174286,4.0368197951465845,0.43340261094272137,True,0.004959160576146422,False
capacity,12,105,4.03913389891386,0.3253428731113672,9.010545909404755e-05,4.039224004372954,0.43747321399860084,True,0.009524028457219714,False
capacity,12,106,4.229953978210688,0.36590988747775555,9.010545909404755e-05,4.230044083669782,0.44173063011839986,True,0.0,False
capacity,12,107,4.0243868716061115,0.3335089422762394,0.00010011717677116394,4.024486988782883,0.44578161695972085,True,0.0,False
capacity,12,108,4.0174429304897785,0.33262697979807854,9.988434612751007e-05,4.017542814835906,0.44982552994042635,True,0.0,False
capacity,12,109,4.036239115521312,0.32706698402762413,8.987262845039368e-05,4.036328988149762,0.4538944910746068,True,0.0,False
capacity,12,110,5.141973961144686,0.32798899337649345,0.00010011717677116394,5.142074078321457,0.459062694106251,True,0.0,False
capacity,12,111,4.040146013721824,0.3292900510132313,9.080395102500916e-05,4.040236817672849,0.4631313639692962,True,0.0,False
capacity,12,112,4.0399059653282166,0.32751704566180706,8.987262845039368e-05,4.039995837956667,0.46720419195480645,True,0.0,False
capacity,12,113,4.046648973599076,0.32649608328938484,9.010545909404755e-05,4.04673907905817,0.4712775410152972,True,0.0026767266356097844,False
capacity,12,114,4.599140025675297,0.3260739613324404,9.103678166866302e-05,4.5992310624569654,0.47590312105603516,True,0.007241594516683075,False
capacity,12,115,4.021711880341172,0.32701692543923855,0.00011012889444828033,4.0218220092356205,0.479962453013286,True,0.011806462397756366,False
capacity,12,116,4.018314881250262,0.3258038777858019,0.00011012889444828033,4.0184250101447105,0.4840110749937594,True,0.016371330278829657,False
capacity,12,117,4.4085499830543995,0.32793800346553326,0.00010081566870212555,4.408650798723102,0.48844563495367765,True,0.020936198159902948,False
capacity,12,118,4.088618094101548,0.32803905196487904,8.987262845039368e-05,4.088707966729999,0.4925606930628419,True,0.023218632100439597,False
capacity,12,119,4.046628018841147,0.3341902047395706,0.00011082738637924194,4.046738846227527,0.4966338509693742,True,0.02550106604097624,False
capacity,12,120,4.028834868222475,0.3310949541628361,8.009374141693115e-05,4.028914961963892,0.5006888050120324,True,0.027783499981512885,False
capacity,12,121,4.342847038060427,0.3320451360195875,9.103678166866302e-05,4.342938074842095,0.505057682050392,True,0.03006593392204953,False
capacity,12,122,4.068308975547552,0.3262751270085573,8.987262845039368e-05,4.0683988481760025,0.5091527509503067,True,0.03234836786258618,False
capacity,12,123,4.051367985084653,0.3279391676187515,8.987262845039368e-05,4.051457857713103,0.513231229968369,True,0.03463080180312283,False
capacity,12,124,4.025287926197052,0.327917980030179,8.009374141693115e-05,4.025368019938469,0.5172879670280963,True,0.03691323574365946,False
capacity,12,125,4.354378907009959,0.3277580253779888,0.00011012889444828033,4.3544890359044075,0.5216688059736043,True,0.03919566968419611,False
capacity,12,126,4.083107924088836,0.3321659751236439,0.00010011717677116394,4.083208041265607,0.5257780430838466,True,0.04147810362473276,False
capacity,12,127,4.019516985863447,0.32982206903398037,9.988434612751007e-05,4.019616870209575,0.5298238589894027,True,0.04147810362473276,False
capacity,12,128,4.03583818115294,0.32603414729237556,0.00011082738637924194,4.035949008539319,0.5338921791408211,True,0.04147810362473276,False
capacity,12,129,4.009438911452889,0.32653589732944965,0.00010989606380462646,4.009548807516694,0.5379319549538195,True,0.04147810362473276,False
capacity,12,130,4.17973892763257,0.32702600583434105,0.00010011717677116394,4.179839044809341,0.5421382840722799,True,0.04147810362473276,False
capacity,12,131,4.023163812234998,0.32834894955158234,0.00010104849934577942,4.0232648607343435,0.5461877479683608,True,0.04147810362473276,False
capacity,12,132,4.039715975522995,0.3263549879193306,9.988434612751007e-05,4.0398158598691225,0.5502578909508884,True,0.04147810362473276,False
capacity,12,133,4.044693894684315,0.32738689333200455,8.102506399154663e-05,4.044774919748306,0.5543285040184855,True,0.04147810362473276,False
capacity,12,134,4.507417092099786,0.3295009955763817,8.987262845039368e-05,4.507506964728236,0.5588663490489125,True,0.04147810362473276,False
capacity,12,135,4.018455045297742,0.32798806205391884,8.987262845039368e-05,4.018544917926192,0.5629111640155315,True,0.04147810362473276,False
capacity,12,136,4.031209973618388,0.32916106283664703,9.010545909404755e-05,4.031300079077482,0.5669685930479318,True,0.04147810362473276,False
capacity,12,137,4.331476055085659,0.32820901833474636,9.988434612751007e-05,4.3315759394317865,0.5713265989907086,True,0.04147810362473276,False
capacity,12,138,4.067667992785573,0.33061299473047256,8.009374141693115e-05,4.06774808652699,0.5754209370352328,True,0.04147810362473276,False
capacity,12,139,4.031419986858964,0.3267158754169941,0.00011012889444828033,4.031530115753412,0.5794786061160266,True,0.04147810362473276,False
capacity,12,140,4.036650061607361,0.3257140051573515,0.00010011717677116394,4.036750178784132,0.5835483281407505,True,0.04147810362473276,False
capacity,12,141,4.370950162410736,0.33193500712513924,8.987262845039368e-05,4.3710400350391865,0.5879455280955881,True,0.011119054001062806,False
capacity,12,142,4.075243137776852,0.3274769987910986,9.988434612751007e-05,4.075343022122979,0.5920538131613284,True,0.009431778845542235,False
capacity,12,143,4.039636114612222,0.32553402706980705,0.00010989606380462646,4.039746010676026,0.5961199181620032,True,0.008339662475037741,False
capacity,12,144,4.018635954707861,0.3258748911321163,9.010545909404755e-05,4.018726060166955,0.6001691110432148,True,0.00784270488954932,False
capacity,12,145,4.037851933389902,0.3253428731113672,9.010545909404755e-05,4.037942038848996,0.6042334530502558,True,0.007940906089076976,False
capacity,12,146,4.150843946263194,0.3263449762016535,9.103678166866302e-05,4.150934983044863,0.6084105870686471,True,0.008634266073620694,False
capacity,12,147,4.021281143650413,0.3256241325289011,0.00011082738637924194,4.021391971036792,0.6124580081086606,True,0.0,False
capacity,12,148,4.053530981764197,0.32649608328938484,8.987262845039368e-05,4.053620854392648,0.6165377979632467,True,0.0,False
capacity,12,149,4.036800004541874,0.33182487823069096,9.010545909404755e-05,4.036890110000968,0.620600778143853,True,0.0,False
capacity,12,150,4.586014896631241,0.3295009955763817,9.010545909404755e-05,4.586105002090335,0.6252133829984814,True,0.029807605352007063,False
capacity,12,151,4.038363229483366,0.3248231951147318,8.987262845039368e-05,4.038453102111816,0.6292783161625266,True,0.01406880972929872,False
capacity,12,152,4.0296269580721855,0.3252739552408457,8.009374141693115e-05,4.0297070518136024,0.6333387610502541,True,0.017469619529439158,False
capacity,12,153,4.029185976833105,0.32558408565819263,8.987262845039368e-05,4.0292758494615555,0.637394716963172,True,0.004475155107272111,False
capacity,12,154,4.623946966603398,0.33003208227455616,9.010545909404755e-05,4.624037072062492,0.6420498830266297,True,0.014883446053538515,False
capacity,12,155,4.03070799075067,0.32692612148821354,0.00011106021702289581,4.030819050967693,0.6461108180228621,True,0.003506772598550485,False
capacity,12,156,4.023995948955417,0.32633496448397636,0.00011012889444828033,4.024106077849865,0.6501608230173588,True,0.00956416876904277,False
capacity,12,157,4.338679136708379,0.3256539348512888,9.988434612751007e-05,4.338779021054506,0.654525661142543,True,0.0,False
capacity,12,158,4.064150853082538,0.3396999090909958,0.00010011717677116394,4.064250970259309,0.658617113949731,True,0.005258227865617003,False
capacity,12,159,4.036400001496077,0.33086398616433144,9.010545909404755e-05,4.036490106955171,0.6626800240483135,True,0.0,False
capacity,12,160,4.03331289999187,0.33005187287926674,9.103678166866302e-05,4.033403936773539,0.666739335982129,True,0.0,False
capacity,12,161,4.018063889816403,0.3278478980064392,9.010545909404755e-05,4.018153995275497,0.670783770037815,True,0.008864696854267407,False
capacity,12,162,4.16538305580616,0.3354630898684263,8.009374141693115e-05,4.165463149547577,0.6749872451182455,True,0.014854594750270428,False
capacity,12,163,4.030467942357063,0.3208150155842304,9.010545909404755e-05,4.030558047816157,0.6790487510152161,True,0.0021874185711186194,False
capacity,12,164,4.015128826722503,0.3204238601028919,8.009374141693115e-05,4.01520892046392,0.6830904199741781,True,0.0,False
capacity,12,165,4.017123021185398,0.3216271288692951,9.988434612751007e-05,4.017222905531526,0.687134152976796,True,0.008203350556803627,False
capacity,12,166,4.606424132362008,0.32186717726290226,6.984919309616089e-05,4.606493981555104,0.69176697707735,True,0.05630344277472239,False
capacity,12,167,4.027732880786061,0.32896106131374836,9.010545909404755e-05,4.027822986245155,0.6958215499762446,True,0.04433114605040357,False
capacity,12,168,4.022813867777586,0.3211058210581541,0.00010011717677116394,4.022913984954357,0.6998803419992328,True,0.047184188476074376,False
capacity,12,169,4.01717284694314,0.3229088615626097,8.009374141693115e-05,4.017252940684557,0.7039247360080481,True,0.05003723090174519,False
capacity,12,170,4.618556005880237,0.32440084032714367,0.00010011717677116394,4.618656123057008,0.7085696021094918,True,0.05289027332741597,False
capacity,12,171,4.0338849648833275,0.33256690949201584,0.00010011717677116394,4.033985082060099,0.7126299170777202,True,0.13505789518673522,False
capacity,12,172,4.0485619101673365,0.3308539744466543,8.009374141693115e-05,4.048642003908753,0.7167093870230019,True,0.1310636357907961,False
capacity,12,173,4.402620019391179,0.33114408142864704,9.988434612751007e-05,4.402719903737307,0.7211422240361571,True,0.1274248520014359,False
capacity,12,174,4.066215129569173,0.32665603794157505,8.987262845039368e-05,4.066305002197623,0.7252349990885705,True,0.12307511699891786,False
capacity,12,175,4.033833974972367,0.3261549863964319,0.00010011717677116394,4.0339340921491385,0.7292952630668879,True,0.11908085760297873,False
capacity,12,176,4.026951035484672,0.3304730635136366,9.988434612751007e-05,4.027050919830799,0.7333483640104532,True,0.11917475900433717,False
capacity,12,177,4.030528012663126,0.32708700746297836,9.988434612751007e-05,4.0306278970092535,0.7374048109631985,True,0.1624376333743739,False
capacity,12,178,4.172085085883737,0.32816920429468155,8.987262845039368e-05,4.172174958512187,0.7416034960187972,True,0.11142768812177141,False
capacity,12,179,4.020159132778645,0.3321659751236439,8.987262845039368e-05,4.020249005407095,0.7456495941150934,True,0.11674257153287124,False
capacity,12,180,4.01962804608047,0.3319559618830681,9.988434612751007e-05,4.019727930426598,0.7496997490525246,True,0.12038568645619559,False
capacity,12,181,4.021711880341172,0.33317902125418186,8.009374141693115e-05,4.021791974082589,0.7537476399447769,True,0.11465289310395063,False
capacity,12,182,4.628655966371298,0.33239717595279217,0.00010989606380462646,4.6287658624351025,0.7584076549392194,True,0.11612749203415958,False
capacity,12,183,4.026590846478939,0.32818899489939213,0.00010011717677116394,4.02669096365571,0.7624648129567504,True,0.11322503449111068,False
capacity,12,184,4.039614927023649,0.3272059839218855,9.103678166866302e-05,4.039705963805318,0.7665307279676199,True,0.08939642822596063,False
capacity,12,185,4.011321812868118,0.33241696655750275,0.00010011717677116394,4.0114219300448895,0.7705679789651185,True,0.03696159239494202,False
capacity,12,186,4.365508910268545,0.33600302413105965,9.010545909404755e-05,4.365599015727639,0.7749610999599099,True,0.027856406932677356,False
capacity,12,187,4.0456869173794985,0.3261249512434006,9.010545909404755e-05,4.0457770228385925,0.7790335579775274,True,0.021058205710831248,False
capacity,12,188,4.01623104698956,0.3255039919167757,9.010545909404755e-05,4.016321152448654,0.7830758481286466,True,0.01485516327400121,False
capacity,12,189,4.027422051876783,0.3250720910727978,0.00010081566870212555,4.0275228675454855,0.7871295299846679,True,0.023014790216571598,False
capacity,12,190,4.588108975440264,0.3255631309002638,7.101334631443024e-05,4.588179988786578,0.791743909008801,True,0.014013757541684739,False
capacity,12,191,4.037820966914296,0.33101392909884453,0.00010011717677116394,4.037921084091067,0.7958087411243469,True,0.005651032663727629,False
capacity,12,192,4.02168114669621,0.32745697535574436,7.986091077327728e-05,4.021761007606983,0.7998693061526865,True,0.0203455030657745,False
capacity,12,193,4.024788038805127,0.32932101748883724,8.009374141693115e-05,4.024868132546544,0.8039248920977116,True,0.014191561228708295,False
capacity,12,194,4.628774942830205,0.33568195067346096,8.102506399154663e-05,4.6288559678941965,0.8085800369735807,True,0.009227936961674222,False
capacity,12,195,4.044343950226903,0.3477758727967739,8.009374141693115e-05,4.04442404396832,0.8126507611013949,True,0.005700133263491459,False
capacity,12,196,4.03401511721313,0.3357231616973877,7.986091077327728e-05,4.034094978123903,0.8167111161164939,True,0.003859604720829229,False
capacity,12,197,4.04520588926971,0.33471081405878067,9.010545909404755e-05,4.045295994728804,0.8207829820457846,True,0.003209393748199186,False
capacity,12,198,4.391227848827839,0.35795499570667744,9.010545909404755e-05,4.391317954286933,0.8252007199916989,True,0.00374950034560126,False
capacity,12,199,4.029986914247274,0.32813893631100655,8.009374141693115e-05,4.030067007988691,0.8292580279521644,True,0.018063069125237852,False
capacity,12,200,4.0325019508600235,0.32835896126925945,0.00010104849934577942,4.032602999359369,0.8333171010017395,True,0.00972489454716266,False
capacity,12,201,4.030557814985514,0.3277380019426346,9.010545909404755e-05,4.030647920444608,0.8373739279340953,True,0.002871641137702564,False
capacity,12,202,4.584833048284054,0.32897014170885086,9.080395102500916e-05,4.584923852235079,0.8419928660150617,True,0.0011037728038079924,False
capacity,12,203,4.056286998093128,0.3303131088614464,8.987262845039368e-05,4.056376870721579,0.8460759830195457,True,0.0,False
capacity,12,204,4.020127933472395,0.3280478995293379,9.010545909404755e-05,4.020218038931489,0.850123553071171,True,0.0,False
capacity,12,205,4.037430975586176,0.3304029814898968,9.010545909404755e-05,4.03752108104527,0.854191241087392,True,0.0,False
capacity,12,206,4.161865916103125,0.3314749337732792,0.00011012889444828033,4.161976044997573,0.8583795670419931,True,0.0,False
capacity,12,207,4.031330114230514,0.32835896126925945,6.0070306062698364e-05,4.031390184536576,0.8624370361212641,True,0.004959160576146427,False
capacity,12,208,4.022011999040842,0.3299219533801079,0.00010011717677116394,4.022112116217613,0.8664854681119323,True,0.010094636942353883,False
capacity,12,209,4.025517962872982,0.3361739218235016,8.987262845039368e-05,4.025607835501432,0.8705373359844089,True,0.03836408765563251,False
capacity,12,210,4.618485923856497,0.3371948841959238,8.102506399154663e-05,4.618566948920488,0.8751819720491767,True,0.06632877322411924,False
capacity,12,211,4.043092019855976,0.3300420939922333,0.00010989606380462646,4.043201915919781,0.8792516840621829,True,0.02257437271565969,False
capacity,12,212,4.037119913846254,0.33088400959968567,7.008202373981476e-05,4.037189995869994,0.8833220070227981,True,0.0571161148254012,False
capacity,12,213,4.0287349838763475,0.3314451314508915,8.987262845039368e-05,4.028824856504798,0.8873771519865841,True,0.07521628072811157,False
capacity,12,214,4.629658069461584,0.3319361712783575,8.987262845039368e-05,4.6297479420900345,0.8920329490210861,True,0.0864496788239155,False
capacity,12,215,4.029826959595084,0.3334579523652792,0.00010011717677116394,4.029927076771855,0.8960892360191792,True,0.0714184227146766,False
capacity,12,216,4.039043793454766,0.3455919213593006,0.00010011717677116394,4.039143910631537,0.9001545689534396,True,0.08233068706457414,False
capacity,12,217,4.041429143399,0.33225701190531254,9.988434612751007e-05,4.041529027745128,0.9042262451257557,True,0.1053082297150996,False
capacity,12,218,4.397660028189421,0.3325771540403366,0.00011082738637924194,4.3977708555758,0.9086501749698073,True,0.03691323574365946,False
capacity,12,219,4.037942970171571,0.33829803578555584,8.987262845039368e-05,4.038032842800021,0.9127149779815227,True,0.056018351877822996,False
capacity,12,220,4.04244102537632,0.33690501004457474,8.987262845039368e-05,4.04253089800477,0.9167837579734623,True,0.028329558166765134,False
capacity,12,221,4.042099928483367,0.33802702091634274,0.00010011717677116394,4.042200045660138,0.9208524280693382,True,0.028354108466647043,False
capacity,12,222,4.611463053151965,0.33311801962554455,9.010545909404755e-05,4.611553158611059,0.9254965931177139,True,0.028924716951781212,False
capacity,12,223,4.043302033096552,0.338137149810791,9.103678166866302e-05,4.043393069878221,0.929566215025261,True,0.02949532543691537,False
capacity,12,224,4.032111028209329,0.33855787478387356,8.009374141693115e-05,4.032191121950746,0.9336245351005346,True,0.03006593392204953,False
capacity,12,225,4.351804032921791,0.33851806074380875,0.00011990778148174286,4.351923940703273,0.9380028489977121,True,0.01977043088975271,False
capacity,12,226,4.085170803591609,0.33790688030421734,0.00011012889444828033,4.085280932486057,0.9421154819428921,True,0.02036558967476879,False
capacity,12,227,4.019146086648107,0.3306830767542124,0.00010104849934577942,4.019247135147452,0.9461609381251037,True,0.021506806645037107,False
capacity,12,228,4.023845074698329,0.3320961259305477,9.080395102500916e-05,4.023935878649354,0.9502108530141413,True,0.03357746360531018,False
capacity,12,229,4.044584929943085,0.3312740009278059,9.010545909404755e-05,4.044675035402179,0.9542819480411708,True,0.023789240585573756,False
capacity,12,230,4.169109044596553,0.3377960529178381,8.987262845039368e-05,4.169198917225003,0.9584886480588466,True,0.0260716745261104,False
capacity,12,231,4.031771095469594,0.33750711008906364,8.009374141693115e-05,4.031851189211011,0.9625470291357487,True,0.028354108466647043,False
capacity,12,232,4.0406170301139355,0.33792690373957157,8.009374141693115e-05,4.040697123855352,0.9666314581409097,True,0.02949532543691537,False
capacity,12,233,4.0474699344486,0.3383480943739414,9.010545909404755e-05,4.047560039907694,0.970705749001354,True,0.030636542407183692,False
capacity,12,234,4.64907381683588,0.3365548327565193,0.00011012889444828033,4.649183945730329,0.9753813629504293,True,0.031777759377452024,False
capacity,12,235,4.042700864374638,0.3313638735562563,9.010545909404755e-05,4.042790969833732,0.9794507250189781,True,0.03291897634772034,False
capacity,12,236,4.021991975605488,0.3307540901005268,9.988434612751007e-05,4.022091859951615,0.9834988859947771,True,0.03406019331798866,False
capacity,12,237,4.025369184091687,0.33922004513442516,9.988434612751007e-05,4.025469068437815,0.9875510351266712,True,0.03520141028825699,False
capacity,12,238,4.122141050174832,0.34269620664417744,9.988434612751007e-05,4.12224093452096,0.9916996560059488,True,0.03634262725852531,False
capacity,12,239,4.036409081891179,0.3349620383232832,0.00010011717677116394,4.03650919906795,0.9957622841466218,True,0.03748384422879364,False
capacity,12,240,4.039855906739831,0.33421977423131466,8.009374141693115e-05,4.039936000481248,0.9998285800684243,True,0.012579424869795994,False
capacity,12,241,4.02805395424366,0.32819900661706924,9.988434612751007e-05,4.0281538385897875,1.0038923509418964,True,0.012033366684543748,False
capacity,12,242,4.593598889186978,0.32933009788393974,9.103678166866302e-05,4.593689925968647,1.0085165279451758,True,0.012082467284307574,False
capacity,12,243,4.042221000418067,0.3389790654182434,0.00010989606380462646,4.042330896481872,1.0125896269455552,True,0.014347374014732761,False
capacity,12,244,4.034595098346472,0.3359129186719656,0.00010989606380462646,4.034704994410276,1.0166502511128783,True,0.03268543671127159,False
capacity,12,245,4.034535959362984,0.33510196954011917,9.010545909404755e-05,4.034626064822078,1.0207113870419562,True,0.020934570144985478,False
capacity,12,246,4.64372499845922,0.3367250319570303,8.009374141693115e-05,4.643805092200637,1.0253811511211097,True,0.01751254724909798,False
capacity,12,247,4.03200089931488,0.3301019314676523,0.00010104849934577942,4.032101947814226,1.0294397219549865,True,0.019224372704500465,False
capacity,12,248,4.0213109459728,0.32755802385509014,8.009374141693115e-05,4.021391039714217,1.0334868310019374,True,0.039550263130451235,False
capacity,12,249,4.0305680595338345,0.3239510115236044,7.986091077327728e-05,4.030647920444608,1.0375435480382293,True,0.14734848375991996,False
capacity,12,250,4.149693064391613,0.33638416789472103,8.987262845039368e-05,4.149782937020063,1.0417196310590953,True,0.13399797843848635,False
capacity,12,251,4.035037010908127,0.3257140051573515,0.00010011717677116394,4.035137128084898,1.0457849451340735,True,0.09560747182511824,False
capacity,12,252,4.015740007162094,0.3283889964222908,8.987262845039368e-05,4.0158298797905445,1.0498314430005848,True,0.15014757496437162,False
capacity,12,253,4.022422945126891,0.3247018903493881,0.00010011717677116394,4.022523062303662,1.053885726025328,True,0.1867896152375229,False
capacity,12,254,4.6382739674299955,0.32601412385702133,9.988434612751007e-05,4.638373851776123,1.0585546279326081,True,0.09697639328665059,False
capacity,12,255,4.039664985612035,0.33073313534259796,8.987262845039368e-05,4.039754858240485,1.0626204919535667,True,0.13975714054559413,False
capacity,12,256,4.0315811056643724,0.33080391585826874,8.987262845039368e-05,4.031670978292823,1.0666785631328821,True,0.12800824253525528,False
capacity,12,257,4.029195057228208,0.3332081250846386,9.988434612751007e-05,4.029294941574335,1.0707339870277792,True,0.09800879066981488,False
capacity,12,258,4.581596935167909,0.3320861142128706,8.987262845039368e-05,4.581686807796359,1.075342264957726,True,0.08068018835900871,False
capacity,12,259,4.034545971080661,0.32778806053102016,9.988434612751007e-05,4.034645855426788,1.0794029999524355,True,0.14134105130832375,False
capacity,12,260,4.036078928038478,0.33352896571159363,9.010545909404755e-05,4.036169033497572,1.083465188043192,True,0.15487688886175272,False
capacity,12,261,4.367482848465443,0.3268858417868614,8.102506399154663e-05,4.367563873529434,1.0878638699650764,True,0.1388581642757914,False
capacity,12,262,4.075012169778347,0.3293110057711601,6.984919309616089e-05,4.075082018971443,1.0919697701465338,True,0.14781701088261467,False
capacity,12,263,4.032671917229891,0.32871891744434834,9.103678166866302e-05,4.0327629540115595,1.0960296939592808,True,0.13696170119715753,False
capacity,12,264,4.023464862257242,0.32772799022495747,0.00011012889444828033,4.0235749911516905,1.1000797390006483,True,0.13988713543546585,False
capacity,12,265,4.006432136520743,0.32687606289982796,8.079223334789276e-05,4.006512928754091,1.104116799077019,True,0.10417596733815901,False
capacity,12,266,4.156424896791577,0.32380991615355015,9.988434612751007e-05,4.156524781137705,1.1083000749349594,True,0.05976655221313143,False
capacity,12,267,4.0468990337103605,0.3221470396965742,9.988434612751007e-05,4.046998918056488,1.1123736849986017,True,0.11880497726461813,False
capacity,12,268,4.028093069791794,0.32248813658952713,9.988434612751007e-05,4.028192954137921,1.116428829031065,True,0.10748448666991522,False
capacity,12,269,4.015109036117792,0.32339897006750107,0.00010011717677116394,4.015209153294563,1.1204701880924404,True,0.078282539927437,False
capacity,12,270,4.575354978442192,0.3239908255636692,0.00010011717677116394,4.575455095618963,1.1250717320945114,True,0.12558950467525964,False
capacity,12,271,4.019326996058226,0.32446114346385,8.079223334789276e-05,4.0194077882915735,1.1291218679398298,True,0.13381541683886733,False
capacity,12,272,4.023916088044643,0.3344810102134943,9.988434612751007e-05,4.024015972390771,1.1331764210481197,True,0.13519362140267363,False
capacity,12,273,4.033493110910058,0.3264250699430704,8.987262845039368e-05,4.033582983538508,1.1372367751318961,True,0.14813423446929724,False
capacity,12,274,4.6431629452854395,0.3298819065093994,0.00010011717677116394,4.643263062462211,1.1419061380438507,True,0.19562355617722368,False
capacity,12,275,4.025719128549099,0.32848911359906197,9.988434612751007e-05,4.0258190128952265,1.1459584070835263,True,0.2710437710089256,False
capacity,12,276,4.042841028422117,0.3301121760159731,9.080395102500916e-05,4.042931832373142,1.15003182599321,True,0.22375269100033746,False
capacity,12,277,4.030026961117983,0.33109402284026146,9.103678166866302e-05,4.0301179978996515,1.1540886040311307,True,0.17424664210451257,False
capacity,12,278,4.164109006524086,0.3296211361885071,9.080395102500916e-05,4.164199810475111,1.158284422941506,True,0.2104584578405179,False
capacity,12,279,4.0345750749111176,0.3295610658824444,8.102506399154663e-05,4.034656099975109,1.162345539079979,True,0.12873192943997835,False
capacity,12,280,4.037522012367845,0.32933102920651436,9.010545909404755e-05,4.037612117826939,1.1664139090571553,True,0.15368633652763944,False
capacity,12,281,4.045035922899842,0.3292909823358059,8.009374141693115e-05,4.045116016641259,1.1704847430810332,True,0.15868140305670916,False
capacity,12,282,4.584471927955747,0.33579301089048386,0.00010011717677116394,4.584572045132518,1.1750999430660158,True,0.15484804274261021,False
capacity,12,283,4.015909973531961,0.3296211361885071,8.987262845039368e-05,4.015999846160412,1.1791420129593462,True,0.18714033598115984,False
capacity,12,284,4.028534051030874,0.33052312210202217,8.987262845039368e-05,4.028623923659325,1.183196977013722,True,0.2391456509876825,False
capacity,12,285,4.04463498853147,0.32982113771140575,0.00010081566870212555,4.044735804200172,1.1872725009452552,True,0.2509352480629536,False
capacity,12,286,4.645196022465825,0.3319850657135248,6.100162863731384e-05,4.645257024094462,1.191944217076525,True,0.2225006866336193,False
capacity,12,287,4.027602961286902,0.33135502599179745,0.00010011717677116394,4.027703078463674,1.1960025380831212,True,0.14073024377282542,False
capacity,12,288,4.018324892967939,0.3291298635303974,0.00010104849934577942,4.018425941467285,1.2000471130013466,True,0.2175536548176183,False
capacity,12,289,4.027532180771232,0.3292111214250326,8.987262845039368e-05,4.027622053399682,1.204100794158876,True,0.1322198081529201,False
capacity,12,290,4.4754070695489645,0.328980153426528,8.987262845039368e-05,4.475496942177415,1.2086073800455779,True,0.06703656881159949,False
capacity,12,291,4.035488003864884,0.3361441195011139,9.988434612751007e-05,4.035587888211012,1.2126694079488516,True,0.08156772024091685,False
capacity,12,292,4.03948500752449,0.33711595460772514,8.009374141693115e-05,4.039565101265907,1.2167393900454044,True,0.11122300034652641,False
capacity,12,293,4.039244027808309,0.33654412254691124,0.00011082738637924194,4.039354855194688,1.2208050040062517,True,0.08430393588965347,False
capacity,12,294,4.6002420131117105,0.33599301241338253,9.103678166866302e-05,4.600333049893379,1.2254319270141423,True,0.10560817947928579,False
capacity,12,295,4.020259017124772,0.3300020471215248,9.988434612751007e-05,4.0203589014709,1.2294792770408094,True,0.0699889175237972,False
capacity,12,296,4.040457075461745,0.32922113314270973,8.987262845039368e-05,4.040546948090196,1.233545893104747,True,0.09955674066811675,False
capacity,12,297,4.410925088450313,0.3361930139362812,0.00010081566870212555,4.411025904119015,1.2379869050346315,True,0.031406824674004956,False
capacity,12,298,4.069671966135502,0.3297219518572092,6.0070306062698364e-05,4.069732036441565,1.2420827860478312,True,0.06309488885775466,False
capacity,12,299,4.014869220554829,0.3301231190562248,9.988434612751007e-05,4.014969104900956,1.2461241851560771,True,0.07845212712049522,False
capacity,12,300,4.019326996058226,0.32728700898587704,9.010545909404755e-05,4.01941710151732,1.2501781471073627,True,0.05550807080005744,False
capacity,12,301,4.022032022476196,0.3277480136603117,8.987262845039368e-05,4.022121895104647,1.2542260880582035,True,0.0,False
capacity,12,302,4.377352073788643,0.333279138430953,8.987262845039368e-05,4.377441946417093,1.258634268073365,True,0.0,False
capacity,12,303,4.037071019411087,0.3341101109981537,9.988434612751007e-05,4.0371709037572145,1.2626978990156204,True,0.0,False
capacity,12,304,4.017694154754281,0.3354521468281746,8.987262845039368e-05,4.017784027382731,1.2667417521588504,True,0.0297468831006957,False
capacity,12,305,4.032552009448409,0.3324868157505989,0.00010011717677116394,4.03265212662518,1.270800924161449,True,0.07271348379530829,False
capacity,12,306,4.593007965013385,0.33712503500282764,0.00010104849934577942,4.593109013512731,1.275420692982152,True,0.06431281798808398,False
capacity,12,307,4.027482122182846,0.33035315573215485,8.987262845039368e-05,4.0275719948112965,1.2794748761225492,True,0.045647506546777794,False
capacity,12,308,4.034865880385041,0.32928003929555416,8.009374141693115e-05,4.034945974126458,1.2835361419711262,True,0.011786375788762078,False
capacity,12,309,4.032410914078355,0.3370849881321192,9.103678166866302e-05,4.0325019508600235,1.2875989710446447,True,0.015868892028646255,False
capacity,12,310,4.296779865399003,0.3347808960825205,0.00012107193470001221,4.296900937333703,1.2919267199467868,True,0.00022095269893720912,False
capacity,12,311,4.040527157485485,0.3297720104455948,0.00010989606380462646,4.04063705354929,1.2959936461411417,True,0.008640697478496348,False
capacity,12,312,4.023906076326966,0.32832915894687176,7.986091077327728e-05,4.02398593723774,1.3000487110111862,True,0.0,False
capacity,12,313,4.019227111712098,0.32854010351002216,8.987262845039368e-05,4.0193169843405485,1.304094708058983,True,0.0933283029517248,False
capacity,12,314,4.62434790097177,0.33454992808401585,9.103678166866302e-05,4.624438937753439,1.3087453660555184,True,0.013787785287254176,False
capacity,12,315,4.054542863741517,0.34044100902974606,8.009374141693115e-05,4.054622957482934,1.3128297049552202,True,0.05998844095875804,False
capacity,12,316,4.041158128529787,0.330792972818017,8.987262845039368e-05,4.0412480011582375,1.3169047471601516,True,0.03649835267859135,False
capacity,12,317,4.402820020914078,0.328980153426528,6.984919309616089e-05,4.402889870107174,1.3213346779812127,True,0.035258588453278346,False
capacity,12,318,4.067618167027831,0.32923114486038685,9.988434612751007e-05,4.067718051373959,1.325429828139022,True,0.0,False
capacity,12,319,4.032162018120289,0.32805907540023327,8.987262845039368e-05,4.032251890748739,1.329492897959426,True,0.0029399248444212604,False
capacity,12,320,4.018795909360051,0.3338789101690054,8.009374141693115e-05,4.018876003101468,1.3335424319375306,True,0.0,False
capacity,12,321,4.019937943667173,0.3344810102134943,0.00010011717677116394,4.0200380608439445,1.337589180096984,True,0.0,False
capacity,12,322,4.6206810511648655,0.3338300157338381,0.00010989606380462646,4.62079094722867,1.3422410900238901,True,0.0,False
capacity,12,323,4.036047961562872,0.3280180972069502,9.010545909404755e-05,4.036138067021966,1.3463040390051901,True,0.0,False
capacity,12,324,4.029916832223535,0.33000181429088116,8.009374141693115e-05,4.0299969259649515,1.350360305979848,True,0.0,False
capacity,12,325,4.037040984258056,0.32971217297017574,9.988434612751007e-05,4.037140868604183,1.3544237059541047,True,0.002086031541481333,False
capacity,12,326,4.426154075190425,0.33024302683770657,9.988434612751007e-05,4.426253959536552,1.358876520069316,True,0.0,False
capacity,12,327,4.029316129162908,0.33145397901535034,0.00010081566870212555,4.02941694483161,1.3629335390869528,True,0.0,False
capacity,12,328,4.051206866279244,0.32999180257320404,0.00011012889444828033,4.051316995173693,1.3670111550018191,True,0.012356984273896237,False
capacity,12,329,4.404714098200202,0.3308940213173628,8.987262845039368e-05,4.404803970828652,1.3714483100920916,True,0.006104841237302375,False
capacity,12,330,4.066867055371404,0.3297210205346346,8.987262845039368e-05,4.066956927999854,1.3755417170468718,True,0.0004478569857245905,False
capacity,12,331,4.043603083118796,0.33558299764990807,9.988434612751007e-05,4.043702967464924,1.3796115990262479,True,0.037463757619799344,False
capacity,12,332,4.024135880172253,0.3360940609127283,0.00010011717677116394,4.024235997349024,1.3836666529532522,True,0.02892918064266883,False
capacity,12,333,4.024927970021963,0.334050040692091,8.987262845039368e-05,4.0250178426504135,1.3877218179404736,True,0.020989762450554405,False
capacity,12,334,4.333409946411848,0.33833784982562065,0.00011012889444828033,4.333520075306296,1.3920820180792361,True,0.013645503043456042,False
capacity,12,335,4.037240985780954,0.33012195490300655,0.00012014061212539673,4.03736112639308,1.396145448088646,True,0.0351813236792627,False
capacity,12,336,4.036399070173502,0.3273370675742626,0.00010989606380462646,4.036508966237307,1.400208367034793,True,0.026646746702132188,False
capacity,12,337,4.022293025627732,0.3277480136603117,0.00011012889444828033,4.022403154522181,1.4042571200989187,True,0.018854630309309242,False
capacity,12,338,4.570876946672797,0.32918108627200127,9.010545909404755e-05,4.570967052131891,1.4088547970168293,True,0.01225283148651844,False
capacity,12,339,4.031579941511154,0.3305829595774412,9.103678166866302e-05,4.031670978292823,1.4129175660200417,True,0.006841350233759794,False
capacity,12,340,4.023174988105893,0.3318761009722948,9.988434612751007e-05,4.023274872452021,1.4169673610012978,True,0.0037614035213016047,False
capacity,12,341,4.023774992674589,0.3291198518127203,8.102506399154663e-05,4.023856017738581,1.4210176761262119,True,0.0017244725795840864,False
capacity,12,342,4.178686998784542,0.3340090624988079,8.079223334789276e-05,4.17876779101789,1.4252286639530212,True,0.000626404621229418,False
capacity,12,343,4.543956136330962,0.3579349722713232,0.00010989606380462646,4.544066032394767,1.4298038091510534,True,0.0007186542329069019,False
capacity,12,344,4.119897028431296,0.3403010778129101,0.00010011717677116394,4.1199971456080675,1.433966166106984,True,0.0020012214146165356,False
capacity,12,345,4.042489919811487,0.3343799617141485,0.00011012889444828033,4.0426000487059355,1.4380368189886212,True,0.006333233421052289,False
capacity,12,346,4.5146208722144365,0.33525191247463226,9.103678166866302e-05,4.514711908996105,1.4425802549812943,True,0.04547236302067189,False
capacity,12,347,4.339098930358887,0.33922912552952766,0.00010104849934577942,4.3391999788582325,1.4469473869539797,True,0.049466622416611025,False
capacity,12,348,4.045627079904079,0.33296807669103146,9.988434612751007e-05,4.045726964250207,1.4510199350770563,True,0.05346088181255016,False
capacity,12,349,4.366651875898242,0.3298118244856596,0.00010011717677116394,4.366751993075013,1.4554181860294193,True,0.05574331575308681,False
capacity,12,350,4.102102946490049,0.3378167748451233,9.010545909404755e-05,4.102193051949143,1.4595506261102855,True,0.05802574969362346,False
capacity,12,351,4.039644962176681,0.33873808570206165,9.103678166866302e-05,4.039735998958349,1.4636180340312421,True,0.06030818363416011,False
capacity,12,352,4.028934985399246,0.3373159561306238,0.00011012889444828033,4.0290451142936945,1.4676783380564302,True,0.06030818363416011,False
capacity,12,353,4.351372830569744,0.338737852871418,9.010545909404755e-05,4.351462936028838,1.4720560309942812,True,0.06030818363416011,False
capacity,12,354,4.076255019754171,0.3312549088150263,0.00011012889444828033,4.07636514864862,1.476158986100927,True,0.06030818363416011,False
capacity,12,355,4.023835062980652,0.332527095451951,7.986091077327728e-05,4.023914923891425,1.480209511006251,True,0.06030818363416011,False
capacity,12,356,4.035747842863202,0.33198599703609943,7.008202373981476e-05,4.035817924886942,1.484275375958532,True,0.05859635817875762,False
capacity,12,357,4.033333854749799,0.3315950743854046,9.010545909404755e-05,4.033423960208893,1.488334788940847,True,0.05688453272335514,False
capacity,12,358,4.604520974680781,0.33130496740341187,0.00010011717677116394,4.6046210918575525,1.492970378138125,True,0.029127070938686665,False
capacity,12,359,4.050876945257187,0.3322658594697714,8.009374141693115e-05,4.050957038998604,1.4970485160592943,True,0.026298578812897766,False
capacity,12,360,4.030779004096985,0.32892986200749874,0.00011012889444828033,4.030889132991433,1.5011055241338909,True,0.06992534862494716,False
capacity,12,361,4.67963214032352,0.3264760598540306,9.988434612751007e-05,4.679732024669647,1.5058115751016885,True,0.06213335027078022,False
capacity,12,362,4.599981009960175,0.3311240579932928,0.00010104849934577942,4.60008205845952,1.510449527995661,True,0.038041058273427894,False
capacity,12,363,4.034284967929125,0.3306330181658268,0.00011106021702289581,4.034396028146148,1.5145105340052396,True,0.04886112994655677,False
capacity,12,364,4.035306861624122,0.3323860000818968,0.00010104849934577942,4.0354079101234674,1.518572130938992,True,0.056304901235836445,False
capacity,12,365,4.028834868222475,0.3340600524097681,0.00010011717677116394,4.028934985399246,1.5226275259628892,True,0.09862987409862364,False
capacity,12,366,4.020740045234561,0.3334691282361746,9.988434612751007e-05,4.0208399295806885,1.5266749060247093,True,0.08337360845170844,False
capacity,12,367,4.613587167114019,0.33570313826203346,8.987262845039368e-05,4.61367703974247,1.5313199521042407,True,0.04607989345251968,False
capacity,12,368,4.023365210741758,0.3286791034042835,9.988434612751007e-05,4.023465095087886,1.535373865161091,True,0.04058176869922415,False
capacity,12,369,4.648212110623717,0.3286090213805437,9.080395102500916e-05,4.648302914574742,1.5400485170539469,True,0.07038286911548111,False
capacity,12,370,4.080011043697596,0.34552114084362984,9.103678166866302e-05,4.080102080479264,1.5441585150547326,True,0.058747528803606786,False
capacity,12,371,4.059974104166031,0.3335392102599144,9.988434612751007e-05,4.060073988512158,1.548247043043375,True,0.0,False
capacity,12,372,4.028032999485731,0.32744696363806725,0.00010011717677116394,4.028133116662502,1.5523066350724548,True,0.0,False
capacity,12,373,4.620801191776991,0.32671610824763775,6.984919309616089e-05,4.620871040970087,1.556953966151923,True,0.02771645982998991,False
capacity,12,374,4.045546054840088,0.33059297129511833,6.984919309616089e-05,4.045615904033184,1.5610278260428458,True,0.024500036951861495,False
capacity,12,375,4.024317022413015,0.3289401065558195,8.987262845039368e-05,4.024406895041466,1.5650791840162128,True,0.06231414681105818,False
capacity,12,376,4.0154000744223595,0.32932101748883724,8.009374141693115e-05,4.015480168163776,1.569121725158766,True,0.035878853209214266,False
capacity,12,377,4.619088023900986,0.32946118153631687,8.987262845039368e-05,4.619177896529436,1.5737676629796624,True,0.06966847411280847,False
capacity,12,378,4.049554001539946,0.33352896571159363,0.00010011717677116394,4.049654118716717,1.5778496081475168,True,0.0779108399374311,False
capacity,12,379,4.028965020552278,0.32600504346191883,9.988434612751007e-05,4.029064904898405,1.5819088800344616,True,0.0,False
capacity,12,380,4.024736816063523,0.3266360145062208,0.00010011717677116394,4.0248369332402945,1.5859601369593292,True,0.05887127564017044,False
capacity,12,381,4.606795031577349,0.32740808092057705,8.009374141693115e-05,4.606875125318766,1.5905934320762753,True,0.08292732121742365,False
capacity,12,382,4.0308290626853704,0.33548311330378056,0.00010989606380462646,4.030938958749175,1.5946552590467036,True,0.07146041973655957,False
capacity,12,383,4.037791863083839,0.33726589754223824,0.00010011717677116394,4.037891980260611,1.5987195409834385,True,0.08057345133857963,False
capacity,12,384,4.023285117000341,0.33555319532752037,0.00010989606380462646,4.023395013064146,1.6027694260701537,True,0.044042842100774166,False
capacity,12,385,4.63794288225472,0.33482187427580357,0.00010011717677116394,4.638042999431491,1.6074337279424071,True,0.11318608390900797,False
capacity,12,386,4.041068023070693,0.32921996898949146,9.988434612751007e-05,4.0411679074168205,1.6115019579883665,True,0.04652795109031088,False
capacity,12,387,4.046357935294509,0.33579301089048386,0.00011012889444828033,4.046468064188957,1.6155746150761843,True,0.05805583360186873,False
capacity,12,388,4.032452125102282,0.33861794508993626,8.987262845039368e-05,4.032541997730732,1.6196376951411366,True,0.12913288258741323,False
capacity,12,389,4.6275039203464985,0.3385990858078003,8.987262845039368e-05,4.627593792974949,1.624295725952834,True,0.1595851429422604,False
capacity,12,390,4.03869291767478,0.331684947013855,7.008202373981476e-05,4.03876299969852,1.6283609089441597,True,0.17322796056094852,False
capacity,12,391,4.044654779136181,0.33113500103354454,0.00010011717677116394,4.044754896312952,1.6324319739360362,True,0.1248327006234481,False
capacity,12,392,4.046758869662881,0.3320658579468727,0.00012014061212539673,4.046879010275006,1.6365153919905424,True,0.03663077412354659,False
capacity,12,393,4.621623083949089,0.3366549499332905,0.00010011717677116394,4.62172320112586,1.641163244144991,True,0.01207267525888933,False
capacity,12,394,4.022262059152126,0.33075292594730854,8.987262845039368e-05,4.022351931780577,1.645212016068399,True,0.02627264099822863,False
capacity,12,395,4.039575112983584,0.3312251064926386,9.988434612751007e-05,4.039674997329712,1.6492781511042267,True,0.07465036147798418,False
capacity,12,396,4.038473125547171,0.33192592673003674,0.00010989606380462646,4.038583021610975,1.6533429941628128,True,0.04189048777363595,False
capacity,12,397,4.634095821529627,0.3320758696645498,9.010545909404755e-05,4.634185926988721,1.6580077479593456,True,0.03370802149224746,False
capacity,12,398,4.033283097669482,0.333528034389019,9.103678166866302e-05,4.033374134451151,1.6620672810822725,True,0.5066953746165007,False
capacity,12,399,4.020809894427657,0.3338390961289406,9.010545909404755e-05,4.020899999886751,1.6661151419393718,True,0.498159106885021,False
capacity,12,400,4.024376859888434,0.3319059032946825,9.010545909404755e-05,4.0244669653475285,1.6701698559336364,True,0.4713474746152767,False
capacity,12,401,4.6300990507006645,0.33135502599179745,8.987262845039368e-05,4.630188923329115,1.6748257130384445,True,0.4789345502495134,False
capacity,12,402,4.037109902128577,0.33854786306619644,9.103678166866302e-05,4.037200938910246,1.678900012979284,True,0.4617515147334858,False
capacity,12,403,4.016631981357932,0.3323769196867943,0.00010011717677116394,4.016732098534703,1.6829430051147938,True,0.4370559626122065,False
capacity,12,404,4.0408780332654715,0.3330779727548361,0.00010011717677116394,4.040978150442243,1.6870100020896643,True,0.46756522996772887,False
capacity,12,405,4.634616896510124,0.33279694616794586,9.010545909404755e-05,4.634707001969218,1.6916710790246725,True,0.4237098516616925,False
capacity,12,406,4.028755007311702,0.33766706474125385,0.00011012889444828033,4.02886513620615,1.6957262330688536,True,0.3246732015699546,False
capacity,12,407,4.039806080982089,0.3357231616973877,9.988434612751007e-05,4.0399059653282166,1.6997963760513812,True,0.2685742502770249,False
capacity,12,408,4.036729922518134,0.33844797872006893,0.00010011717677116394,4.036830039694905,1.7038596060592681,True,0.2402388193656635,False
capacity,12,409,4.73377387970686,0.3339299000799656,9.010545909404755e-05,4.733863985165954,1.7086195989977568,True,0.22444750198300317,False
capacity,12,410,4.030497977510095,0.33656484447419643,7.008202373981476e-05,4.0305680595338345,1.712676617084071,True,0.2270971200975493,False
capacity,12,411,4.047008929774165,0.3381569404155016,0.00010011717677116394,4.047109046950936,1.7167541540693492,True,0.20986181383970856,False
capacity,12,412,4.0319201070815325,0.33936905674636364,8.102506399154663e-05,4.032001132145524,1.720816532149911,True,0.18692677312778583,False
capacity,12,413,4.633353790268302,0.33460999839007854,0.00011012889444828033,4.63346391916275,1.72548238793388,True,0.13996410228498055,False
capacity,12,414,4.045285051688552,0.33811689354479313,0.00010104849934577942,4.045386100187898,1.729554464109242,True,0.10585196570903392,False
capacity,12,415,4.039285006001592,0.3372661303728819,7.986091077327728e-05,4.039364866912365,1.7336198890116066,True,0.0862980238273308,False
capacity,12,416,4.046658985316753,0.33766706474125385,8.987262845039368e-05,4.046748857945204,1.7376929270103574,True,0.06733924073064373,False
capacity,12,417,4.638815065845847,0.342715997248888,0.00010011717677116394,4.638915183022618,1.7423629311379045,True,0.05265587948041118,False
capacity,12,418,4.051717929542065,0.3337289672344923,0.00010011717677116394,4.051818046718836,1.746440957998857,True,0.03472058148393019,False
capacity,12,419,4.032121039927006,0.3338900860399008,0.00010989606380462646,4.03223093599081,1.750499479006976,True,0.04691238330646687,False
capacity,12,420,4.024907015264034,0.33483095467090607,9.103678166866302e-05,4.024998052045703,1.7545506360474974,True,0.04221691274981098,False
capacity,12,421,4.097173921763897,0.3457008861005306,9.010545909404755e-05,4.097264027222991,1.758674049982801,True,0.05043113768280176,False
capacity,12,422,4.026840906590223,0.3376870881766081,0.00010989606380462646,4.026950802654028,1.7627340429462492,True,0.05984563805466965,False
capacity,12,423,4.0324118454009295,0.33742585219442844,0.00010011717677116394,4.032511962577701,1.7667930349707603,True,0.06561385408831141,False
capacity,12,424,4.050496034324169,0.3396300598978996,9.988434612751007e-05,4.050595918670297,1.7708699910435826,True,0.07381070701641665,False
capacity,12,425,4.615630954504013,0.33172592520713806,9.010545909404755e-05,4.615721059963107,1.7755118710920215,True,0.044788908729888194,False
capacity,12,426,4.03761095367372,0.33291708678007126,8.102506399154663e-05,4.037691978737712,1.7795761430170387,True,0.24502923921531508,False
capacity,12,427,4.0292260237038136,0.32959110103547573,9.010545909404755e-05,4.029316129162908,1.783636077074334,True,0.8133291891008659,False
capacity,12,428,4.038934130221605,0.3285999409854412,0.00010989606380462646,4.03904402628541,1.7877013101242483,True,0.955886030831985,False
capacity,12,429,4.704077960923314,0.33849896863102913,8.009374141693115e-05,4.704158054664731,1.7924314870033413,True,0.7409674191486108,True
capacity,12,430,4.028404131531715,0.3253431059420109,0.00010104849934577942,4.028505180031061,1.796486572129652,True,0.6563579762708982,True
capacity,12,431,4.037611884996295,0.331053975969553,9.010545909404755e-05,4.037701990455389,1.800550312967971,True,0.6542687599762703,True
capacity,12,432,4.030849086120725,0.33121509477496147,8.987262845039368e-05,4.030938958749175,1.8046138430945575,True,0.6420735520289444,True
capacity,12,433,4.159071017056704,0.3331378102302551,9.010545909404755e-05,4.159161122515798,1.8087995741516352,True,0.5277355009383278,False
capacity,12,434,4.048643168061972,0.33232709392905235,9.988434612751007e-05,4.048743052408099,1.812875087140128,True,0.539081782302399,False
capacity,12,435,4.025798989459872,0.32645510509610176,9.988434612751007e-05,4.025898873806,1.81692697503604,True,0.4820300371981939,False
capacity,12,436,4.040156956762075,0.32785814255476,7.986091077327728e-05,4.040236817672849,1.8209979699458927,True,0.451179556494351,False
capacity,12,437,4.115908872336149,0.3293808549642563,8.009374141693115e-05,4.115988966077566,1.8251402180176228,True,0.39037061295193537,False
capacity,12,438,4.039624938741326,0.3275179769843817,0.00010011717677116394,4.0397250559180975,1.8292063530534506,True,0.4226747737809,False
capacity,12,439,4.038853803649545,0.3280679229646921,0.00010104849934577942,4.0389548521488905,1.8332717879675329,True,0.38118556594493463,False
capacity,12,440,4.046879010275006,0.32882997766137123,9.103678166866302e-05,4.046970047056675,1.8373452271334827,True,0.36948234512551936,False
capacity,12,441,4.633304895833135,0.32808887772262096,8.009374141693115e-05,4.633384989574552,1.8420053320005536,True,0.3161922500963469,False
capacity,12,442,4.020449006929994,0.3283990081399679,9.010545909404755e-05,4.020539112389088,1.8460563181433827,True,0.3082019416271409,False
capacity,12,443,4.051858093589544,0.3301519900560379,9.103678166866302e-05,4.051949130371213,1.8501389850862324,True,0.4684607312942437,False
capacity,12,444,4.02449700050056,0.3291310276836157,8.987262845039368e-05,4.02458687312901,1.854190381942317,True,0.5719859926961743,False
capacity,12,445,4.64282208122313,0.3365040756762028,9.988434612751007e-05,4.642921965569258,1.8588595141191036,True,0.4844205013441084,False
capacity,12,446,4.0432719979435205,0.33102394081652164,0.00011106021702289581,4.043383058160543,1.8629337551537901,True,0.5067218442380986,False
capacity,12,447,4.046327900141478,0.33065304160118103,9.103678166866302e-05,4.046418936923146,1.8670064129400998,True,0.29968056611239113,False
capacity,12,448,4.025888862088323,0.33013196662068367,9.103678166866302e-05,4.025979898869991,1.8710588519461453,True,0.3016382781391473,False
capacity,12,449,4.217981826514006,0.33304793760180473,8.009374141693115e-05,4.218061920255423,1.8753098759334534,True,0.25592345885579193,False
capacity,12,450,4.034054931253195,0.3314348869025707,9.010545909404755e-05,4.034145036712289,1.87937023001723,True,0.26337585184632895,False
capacity,12,451,4.030928947031498,0.3317061346024275,0.00010989606380462646,4.031038843095303,1.8834273079410195,True,0.3384410827239872,False
capacity,12,452,4.033192992210388,0.33081299625337124,0.00010104849934577942,4.033294040709734,1.8874908690340817,True,0.28078845523752494,False
capacity,12,453,4.644355038180947,0.34567201510071754,8.987262845039368e-05,4.644444910809398,1.8921613129787147,True,0.3188140092011378,False
capacity,12,454,4.0460568852722645,0.3308928571641445,0.00011106021702289581,4.046167945489287,1.8962377379648387,True,0.28747013681361155,False
capacity,12,455,4.046077840030193,0.3334989305585623,0.00010011717677116394,4.0461779572069645,1.9003108670003712,True,0.2509523870159782,False
capacity,12,456,4.052750067785382,0.33551198430359364,9.988434612751007e-05,4.05284995213151,1.9043945150915533,True,0.33985867123254804,False
capacity,12,457,4.6358490362763405,0.3365851007401943,9.988434612751007e-05,4.635948920622468,1.909056643024087,True,0.3506008776175781,False
capacity,12,458,4.024446941912174,0.34007104113698006,8.987262845039368e-05,4.024536814540625,1.9131077809724957,True,0.33872841830858735,False
capacity,12,459,4.024326801300049,0.3354228101670742,0.00010011717677116394,4.02442691847682,1.917158436961472,True,0.3194483862895894,False
capacity,12,460,4.038774175569415,0.33575319685041904,7.986091077327728e-05,4.038854036480188,1.9212242721114308,True,0.33830706214060957,False
capacity,12,461,4.229733953252435,0.3386889584362507,8.987262845039368e-05,4.229823825880885,1.9254809259437025,True,0.2594998230021813,False
capacity,12,462,4.048221046105027,0.3433569800108671,9.988434612751007e-05,4.048320930451155,1.9295600450132042,True,0.2746433274331859,False
capacity,12,463,4.046377958729863,0.34226500429213047,7.008202373981476e-05,4.046448040753603,1.9336325631011277,True,0.23565736812748567,False
capacity,12,464,4.044183995574713,0.3414738457649946,0.00010011717677116394,4.044284112751484,1.9377072141505778,True,0.19972354444343887,False
capacity,12,465,4.179548937827349,0.3435080870985985,0.00010989606380462646,4.179658833891153,1.9419132929760963,True,0.18009468417209107,False
capacity,12,466,4.019667860120535,0.3352819476276636,0.00010011717677116394,4.019767977297306,1.9459637489635497,True,0.15724884217366966,False
capacity,12,467,4.0424910839647055,0.3357729874551296,8.009374141693115e-05,4.042571177706122,1.9500332111492753,True,0.14637727845227713,False
capacity,12,468,4.0385539177805185,0.33472105860710144,9.988434612751007e-05,4.038653802126646,1.954098043963313,True,0.6774420504209205,False
capacity,12,469,4.553995095193386,0.33595296554267406,9.010545909404755e-05,4.55408520065248,1.9586782881524414,True,0.6145447349512216,False
capacity,12,470,4.050716059282422,0.34547108225524426,9.010545909404755e-05,4.050806164741516,1.9627553541213274,True,0.20532714368957444,False
capacity,12,471,4.029155010357499,0.3438279964029789,9.103678166866302e-05,4.029246047139168,1.966811039019376,True,0.18829906046831857,False
capacity,12,472,4.038122016936541,0.3348009195178747,0.00010104849934577942,4.038223065435886,1.970886382041499,True,0.16862602800630294,False
capacity,12,473,4.261603113263845,0.33621303737163544,0.00028102658689022064,4.261884139850736,1.9751784331165254,True,0.17136365253352437,False
capacity,12,474,4.024988040328026,0.33375900238752365,7.986091077327728e-05,4.025067901238799,1.9792305519804358,True,0.1478585969421806,False
capacity,12,475,4.058451158925891,0.3343210555613041,7.986091077327728e-05,4.058531019836664,1.9833221051376313,True,0.14840349105834855,False
capacity,12,476,4.046840127557516,0.3345310688018799,8.987262845039368e-05,4.0469300001859665,1.9873956150840968,True,0.18095863830016296,False
capacity,12,477,4.496467066928744,0.3368949983268976,9.988434612751007e-05,4.496566951274872,1.9919190621003509,True,0.18168077278335712,False
capacity,12,478,4.0368190966546535,0.33460999839007854,9.103678166866302e-05,4.036910133436322,1.9959822411183268,True,0.2201417129283586,False
capacity,12,479,4.039174877107143,0.33452105708420277,0.00010011717677116394,4.039274994283915,2.0000482769683003,True,0.23848418778545355,False
capacity,12,480,4.020950058475137,0.33165584318339825,0.00010011717677116394,4.021050175651908,2.0040955061558634,True,0.1903664777166115,False
capacity,12,481,4.590092925354838,0.33337902277708054,0.00010011717677116394,4.5901930425316095,2.008713250979781,True,0.16789298453374546,False
capacity,12,482,4.046779125928879,0.3405720926821232,9.988434612751007e-05,4.046879010275006,2.0127909490838647,True,0.20136958084045342,False
capacity,12,483,4.056817153468728,0.34054205752909184,8.987262845039368e-05,4.0569070260971785,2.0168743061367422,True,0.2079481147631898,False
capacity,12,484,4.021411063149571,0.334050040692091,9.988434612751007e-05,4.021510947495699,2.02092373999767,True,0.24191042762192377,False
capacity,12,485,4.0984260849654675,0.33813808113336563,9.988434612751007e-05,4.098525969311595,2.0250535251107067,True,0.2149925110948891,False
capacity,12,486,4.028765019029379,0.3352719359099865,8.009374141693115e-05,4.028845112770796,2.0291140300687402,True,0.22937603874700715,False
capacity,12,487,4.030928947031498,0.3334078937768936,0.00010011717677116394,4.031029064208269,2.033171439077705,True,0.19929182561144776,False
capacity,12,488,4.033003002405167,0.33416016958653927,9.988434612751007e-05,4.033102886751294,2.0372316429857165,True,0.20225786838125862,False
capacity,12,489,4.614668898284435,0.3386579919606447,9.010545909404755e-05,4.614759003743529,2.0418728219810873,True,0.21651097473414344,False
capacity,12,490,4.035196965560317,0.33412990160286427,0.00011012889444828033,4.035307094454765,2.045934369089082,True,0.1828227046087979,False
capacity,12,491,4.057378973811865,0.33724610693752766,0.00010989606380462646,4.0574888698756695,2.0500187689904124,True,0.1888285204652247,False
capacity,12,492,4.055205034092069,0.33635389991104603,0.00011012889444828033,4.055315162986517,2.05410561314784,True,0.15974602412771396,False
capacity,12,493,4.604349844157696,0.3357629757374525,9.010545909404755e-05,4.60443994961679,2.0587376749608666,True,0.1682150678310636,False
capacity,12,494,4.068729933351278,0.3409329801797867,9.010545909404755e-05,4.068820038810372,2.062834487995133,True,0.17237095648881806,False
capacity,12,495,4.035286838188767,0.3384980373084545,9.010545909404755e-05,4.0353769436478615,2.066908397944644,True,0.17373425918736088,False
capacity,12,496,4.0491928812116385,0.3344800788909197,9.010545909404755e-05,4.0492829866707325,2.0709881889633834,True,0.20184242132756186,False
capacity,12,497,4.6057431027293205,0.3343711141496897,9.988434612751007e-05,4.605842987075448,2.075620552059263,True,0.13903614280812596,False
capacity,12,498,4.028183873742819,0.33988081850111485,0.00010011717677116394,4.02828399091959,2.0796761070378125,True,0.13450023235107306,False
capacity,12,499,4.036389058455825,0.3386379685252905,9.010545909404755e-05,4.036479163914919,2.0837393871042877,True,0.16061000383465993,False
capacity,12,500,4.358205944299698,0.34154392778873444,0.00010989606380462646,4.3583158403635025,2.088123942958191,True,0.14455885685949973,False
capacity,12,501,4.089470021426678,0.3366048913449049,9.010545909404755e-05,4.089560126885772,2.0922403631266207,True,0.10887698337411199,False
capacity,12,502,4.036430036649108,0.33452105708420277,8.987262845039368e-05,4.036519909277558,2.0963079310022295,True,0.2017083761549774,False
capacity,12,503,4.039474995806813,0.3358230460435152,0.00010011717677116394,4.039575112983584,2.1003745670896024,True,0.24442971691093887,False
capacity,12,504,4.044363973662257,0.3342998679727316,9.010545909404755e-05,4.044454079121351,2.10444557107985,True,0.22311302087861679,False
capacity,12,505,4.177705151960254,0.34102308563888073,8.987262845039368e-05,4.177795024588704,2.108654776122421,True,0.2142282735165079,False
capacity,12,506,4.04251110740006,0.34097302705049515,8.009374141693115e-05,4.042591201141477,2.1127280951477587,True,0.2137159906940236,False
capacity,12,507,4.04368294402957,0.3411530051380396,9.988434612751007e-05,4.043782828375697,2.1168025659862906,True,0.18149666128050335,False
capacity,12,508,4.0509270038455725,0.34219492226839066,0.00010011717677116394,4.051027121022344,2.120880464091897,True,0.1930491975867117,False
capacity,12,509,4.5973570086061954,0.3362339921295643,8.009374141693115e-05,4.597437102347612,2.1255044410936534,True,0.23162316047017584,False
capacity,12,510,4.034446086734533,0.3468741197139025,6.0070306062698364e-05,4.034506157040596,2.1295656571164727,True,0.1912893446160143,False
capacity,12,511,4.032813012599945,0.34050201065838337,9.988434612751007e-05,4.032912896946073,2.133624779060483,True,0.22248349615531895,False
capacity,12,512,4.3400011491030455,0.33858814276754856,8.987262845039368e-05,4.340091021731496,2.1379955981392413,True,0.25640727179267697,False
capacity,12,513,4.083808045834303,0.338768120855093,9.103678166866302e-05,4.083899082615972,2.1421059870626777,True,0.2043308989797483,False
capacity,12,514,4.052729811519384,0.33599394373595715,0.00011012889444828033,4.052839940413833,2.146189644932747,True,0.31889173679816357,False
capacity,12,515,4.043512046337128,0.33579301089048386,8.102506399154663e-05,4.043593071401119,2.1502597380895168,True,0.2833144698448976,False
capacity,12,516,4.041197942569852,0.33423001877963543,9.988434612751007e-05,4.041297826915979,2.15432728594169,True,0.24381683164370738,False
capacity,12,517,4.179248819127679,0.3392198123037815,9.010545909404755e-05,4.179338924586773,2.158533595968038,True,0.25389100836255574,False
capacity,12,518,4.0388640481978655,0.34348806366324425,0.00010011717677116394,4.038964165374637,2.1626029671169817,True,0.24604568961986467,False
capacity,12,519,4.039245191961527,0.34040212631225586,8.987262845039368e-05,4.039335064589977,2.1666693531442434,True,0.22787886995771744,False
capacity,12,520,4.038262879475951,0.34197489731013775,0.00011012889444828033,4.0383730083703995,2.1707337349653244,True,0.22483840455795961,False
capacity,12,521,4.608617164194584,0.3398801200091839,9.080395102500916e-05,4.608707968145609,2.1753687721211463,True,0.22984002491858718,False
capacity,12,522,4.028924973681569,0.3354419022798538,9.103678166866302e-05,4.029016010463238,2.179428576026112,True,0.18309510640135404,False
capacity,12,523,4.042200045660138,0.33515202812850475,8.987262845039368e-05,4.0422899182885885,2.1834969050250947,True,0.21576726025486131,False
capacity,12,524,4.048031056299806,0.3411129582673311,7.986091077327728e-05,4.048110917210579,2.187575614079833,True,0.18778115656033864,False
capacity,12,525,4.104086896404624,0.3458019345998764,0.00010989606380462646,4.104196792468429,2.1917061009444296,True,0.21222528961175996,False
capacity,12,526,4.029506118968129,0.33997115679085255,9.988434612751007e-05,4.029606003314257,2.1957625180948526,True,0.29465252247179385,False
capacity,12,527,4.036118974909186,0.34006102941930294,9.988434612751007e-05,4.036218859255314,2.1998249259777367,True,0.26736289543626623,False
capacity,12,528,4.028985043987632,0.3342200070619583,8.987262845039368e-05,4.029074916616082,2.2038861520122737,True,0.2731104595596861,False
capacity,12,529,4.611382959410548,0.33539184369146824,9.010545909404755e-05,4.611473064869642,2.208527682116255,True,0.2740871507466715,False
capacity,12,530,4.033724078908563,0.3439788706600666,0.00010011717677116394,4.033824196085334,2.2125884571578354,True,0.2817111209836993,False
capacity,12,531,4.051116993650794,0.3407420590519905,9.010545909404755e-05,4.051207099109888,2.216666365042329,True,0.28647268990471597,False
capacity,12,532,4.080852959305048,0.3837540280073881,9.010545909404755e-05,4.080943064764142,2.2207778349984437,True,0.3177724069410839,False
capacity,12,533,4.559505032375455,0.34172413870692253,0.00012083910405635834,4.559625871479511,2.2253639709670097,True,0.32848147688274404,False
capacity,12,534,4.048312082886696,0.3359830006957054,8.009374141693115e-05,4.048392176628113,2.229443021118641,True,0.31016978103480186,False
capacity,12,535,4.046308109536767,0.33472105860710144,7.986091077327728e-05,4.04638797044754,2.2335155580658466,True,0.3057794451497407,False
capacity,12,536,4.032161086797714,0.3406719770282507,0.00010081566870212555,4.032261902466416,2.237574069062248,True,0.3335968828511614,False
capacity,12,537,4.106882028281689,0.3453311510384083,0.00010104849934577942,4.1069830767810345,2.241707311011851,True,0.32891971756384875,False
capacity,12,538,4.023704910650849,0.34295697696506977,0.00010011717677116394,4.0238050278276205,2.2457576759625226,True,0.3228323587345705,False
capacity,12,539,4.036949947476387,0.33873808570206165,0.00010104849934577942,4.037050995975733,2.2498206759337336,True,0.3822672279709876,False
capacity,12,540,4.040776984766126,0.3329471219331026,0.00011082738637924194,4.040887812152505,2.253897540969774,True,0.3868916616343814,False
capacity,12,541,4.599509993568063,0.33316807821393013,9.080395102500916e-05,4.599600797519088,2.2585232709534466,True,0.3717025201749087,False
capacity,12,542,4.034505924209952,0.33840793184936047,9.988434612751007e-05,4.03460580855608,2.2625883349683136,True,0.3657541373847149,False
capacity,12,543,4.046478075906634,0.33956021070480347,7.986091077327728e-05,4.046557936817408,2.2666614230256528,True,0.37832385263059154,False
capacity,12,544,4.042871063575149,0.3393890801817179,9.080395102500916e-05,4.042961867526174,2.2707349020056427,True,0.34023399900871404,False
capacity,12,545,4.637612961232662,0.33871899358928204,9.010545909404755e-05,4.637703066691756,2.275399526115507,True,0.3261900567228952,False
capacity,12,546,4.029186209663749,0.33495109528303146,0.00010989606380462646,4.029296105727553,2.279454931151122,True,0.34143428739612003,False
capacity,12,547,4.046058049425483,0.33263699151575565,9.988434612751007e-05,4.04615793377161,2.2835272380616516,True,0.3276605656463117,False
capacity,12,548,4.039925988763571,0.3398607950657606,8.009374141693115e-05,4.040006082504988,2.28759341314435,True,0.3678849186437431,False
capacity,12,549,4.08765603788197,0.3433171659708023,8.987262845039368e-05,4.087745910510421,2.291707538999617,True,0.31459736730040494,False
capacity,12,550,4.041719017550349,0.3475549165159464,0.00010104849934577942,4.041820066049695,2.2957793751265854,True,0.31058530734973455,False
capacity,12,551,4.027161048725247,0.34307618625462055,9.080395102500916e-05,4.027251852676272,2.2998334569856524,True,0.3495664249015978,False
capacity,12,552,4.036429105326533,0.33802702091634274,9.988434612751007e-05,4.036528989672661,2.3039068561047316,True,0.34694724472950306,False
capacity,12,553,4.598198924213648,0.33961096778512,8.009374141693115e-05,4.598279017955065,2.308536333963275,True,0.354319254082701,False
capacity,12,554,4.039735998958349,0.3462929744273424,0.00010011717677116394,4.03983611613512,2.3126023390796036,True,0.36453031436828565,False
capacity,12,555,4.0458980947732925,0.3425460308790207,8.009374141693115e-05,4.0459781885147095,2.31667457614094,True,0.35028372103722194,False
capacity,12,556,4.051457159221172,0.3471041563898325,8.987262845039368e-05,4.051547031849623,2.3207576021086425,True,0.3354943828360975,False
capacity,12,557,4.621331812813878,0.3497989382594824,0.00012014061212539673,4.6214519534260035,2.325405203970149,True,0.3785495352991543,False
capacity,12,558,4.0417390409857035,0.34055206924676895,9.988434612751007e-05,4.041838925331831,2.3294740240089595,True,0.45487690970885897,False
capacity,12,559,4.03315294533968,0.3373059444129467,0.00010989606380462646,4.033262841403484,2.333533416967839,True,0.44784867100982834,False
capacity,12,560,4.04849206097424,0.3424959722906351,9.010545909404755e-05,4.048582166433334,2.337608409114182,True,0.43064020786189267,False
capacity,12,561,4.630909068509936,0.3504001069813967,9.103678166866302e-05,4.631000105291605,2.3422699060756713,True,0.39005951056385085,False
capacity,12,562,4.050095099955797,0.3360239788889885,9.988434612751007e-05,4.050194984301925,2.3463510400615633,True,0.3032060979935608,False
capacity,12,563,4.037351114675403,0.33323816023766994,7.986091077327728e-05,4.037430975586176,2.350419650087133,True,0.2740759746065672,False
capacity,12,564,4.3470049276947975,0.3321359399706125,9.010545909404755e-05,4.347095033153892,2.354793244972825,True,0.23236116835967413,False
capacity,12,565,4.08721505664289,0.34478004090487957,8.987262845039368e-05,4.08730492927134,2.358907110057771,True,0.2504667598317052,False
capacity,12,566,4.017533035948873,0.33294688910245895,0.00010011717677116394,4.017633153125644,2.3629513741470873,True,0.2646291199442816,False
capacity,12,567,4.052099073305726,0.3331480547785759,8.987262845039368e-05,4.0521889459341764,2.3670297630596906,True,0.7973480738446144,False
capacity,12,568,4.016241990029812,0.33382000401616096,9.988434612751007e-05,4.016341874375939,2.3710729849990457,True,0.7684430634710897,False
capacity,12,569,4.191180923953652,0.33558299764990807,7.008202373981476e-05,4.191251005977392,2.3752908559981734,True,0.7458114131349607,True
capacity,12,570,4.030858865007758,0.3298618830740452,0.00011012889444828033,4.030968993902206,2.379347793990746,True,0.6247870229867032,False
capacity,12,571,4.040016094222665,0.33083418384194374,5.9837475419044495e-05,4.040075931698084,2.3834186480380595,True,0.5932742986639478,False
capacity,12,572,4.0171530563384295,0.33072312362492085,6.984919309616089e-05,4.017222905531526,2.3874702360481024,True,0.6101800304602005,False
capacity,12,573,4.607916111126542,0.3322360571473837,0.00010081566870212555,4.608016926795244,2.392108750063926,True,0.6407760500361118,False
capacity,12,574,4.034234909340739,0.3352118656039238,8.009374141693115e-05,4.034315003082156,2.396169234998524,True,0.6039416760405281,False
capacity,12,575,4.023995948955417,0.3331380430608988,0.00011012889444828033,4.024106077849865,2.4002197610680014,True,0.583237706017449,False
capacity,12,576,4.041939042508602,0.335050979629159,0.00011106021702289581,4.042050102725625,2.4042881100904197,True,0.5709843096484706,False
capacity,12,577,4.609148949384689,0.33788708969950676,8.009374141693115e-05,4.609229043126106,2.4089240999892354,True,0.5559457954967144,False
capacity,12,578,4.034043988212943,0.3357729874551296,9.103678166866302e-05,4.034135024994612,2.412985566072166,True,0.5088876871515038,False
capacity,12,579,4.036650061607361,0.3347222227603197,9.988434612751007e-05,4.036749945953488,2.417048925999552,True,0.5326298847735061,False
capacity,12,580,4.334551049396396,0.3358330577611923,6.984919309616089e-05,4.334620898589492,2.421409856993705,True,0.5917658158832871,False
capacity,12,581,4.109245957806706,0.3375359810888767,9.010545909404755e-05,4.1093360632658005,2.4255458440165967,True,0.5181479422320732,False
capacity,12,582,4.035908030346036,0.34517119638621807,7.986091077327728e-05,4.035987891256809,2.4296159569639713,True,0.46240694430077584,False
capacity,12,583,4.044694826006889,0.3470350056886673,9.010545909404755e-05,4.044784931465983,2.433692581951618,True,0.3049137299676421,False
capacity,12,584,4.041768843308091,0.34073181450366974,8.009374141693115e-05,4.041848937049508,2.4377607409842312,True,0.5982971923893863,False
capacity,12,585,4.151516128331423,0.34322706051170826,9.988434612751007e-05,4.15161601267755,2.44193867710419,True,0.6501591980615042,False
capacity,12,586,4.052750067785382,0.33691502176225185,8.987262845039368e-05,4.052839940413833,2.446017717011273,True,0.6482587507598244,False
capacity,12,587,4.0380931459367275,0.3355930093675852,6.984919309616089e-05,4.038162995129824,2.4500819290988147,True,0.6064045388671242,False
capacity,12,588,4.035247024148703,0.33499207347631454,6.0070306062698364e-05,4.035307094454765,2.454143946059048,True,0.6072379801254595,False
capacity,12,589,4.164039855822921,0.33840793184936047,6.0070306062698364e-05,4.1640999261289835,2.458335126983002,True,0.5927613189301257,False
capacity,12,590,4.052839940413833,0.33876788802444935,0.00011106021702289581,4.052951000630856,2.4624152090400457,True,0.5834286603197052,False
capacity,12,591,4.047509981319308,0.3356731031090021,9.010545909404755e-05,4.047600086778402,2.4664886880200356,True,0.5064299864926016,False
capacity,12,592,4.039495950564742,0.3430568613111973,8.009374141693115e-05,4.039576044306159,2.4705613860860467,True,0.43164423552543435,False
capacity,12,593,4.471489926800132,0.34374790266156197,9.010545909404755e-05,4.471580032259226,2.475063964026049,True,0.43515910659384627,False
capacity,12,594,4.02835407294333,0.33635389991104603,7.008202373981476e-05,4.02842415496707,2.479119178140536,True,0.4569234555443873,False
capacity,12,595,4.043943947181106,0.3358840476721525,8.987262845039368e-05,4.044033819809556,2.483189851976931,True,0.3709689719904209,False
capacity,12,596,4.049554001539946,0.3380670677870512,8.987262845039368e-05,4.049643874168396,2.487265835981816,True,0.36438066925103224,False
capacity,12,597,4.392249975353479,0.3371650818735361,0.00010011717677116394,4.3923500925302505,2.4916915090288967,True,0.3512328172100535,False
capacity,12,598,4.034755984321237,0.3382579889148474,9.988434612751007e-05,4.034855868667364,2.495753335999325,True,0.3712389506243565,False
capacity,12,599,4.038853105157614,0.3389590419828892,9.010545909404755e-05,4.038943210616708,2.4998184591531754,True,0.3477283836228764,False
capacity,12,600,4.049715120345354,0.3360740374773741,8.987262845039368e-05,4.0498049929738045,2.503899543080479,True,0.2880536862367815,False
capacity,12,601,4.618617007508874,0.3356528468430042,8.009374141693115e-05,4.618697101250291,2.5085448201280087,True,0.28906085138861515,False
capacity,12,602,4.045125795528293,0.34256582148373127,8.009374141693115e-05,4.04520588926971,2.512624901952222,True,0.273279666383737,False
capacity,12,603,4.047550028190017,0.34274603240191936,9.010545909404755e-05,4.047640133649111,2.516702799126506,True,0.22129355545709314,False
capacity,12,604,4.070763010531664,0.35180291160941124,9.103678166866302e-05,4.070854047313333,2.520799722056836,True,0.22673638674109717,False
capacity,12,605,4.173647845163941,0.34119305200874805,9.010545909404755e-05,4.173737950623035,2.524999629938975,True,0.21330423805609686,False
capacity,12,606,4.048120928928256,0.3317049704492092,9.103678166866302e-05,4.048211965709925,2.529074151068926,True,0.22836284663549672,False
capacity,12,607,4.02633985504508,0.33114408142864704,0.00011012889444828033,4.0264499839395285,2.5331273819319904,True,0.26530105280691724,False
capacity,12,608,4.016280872747302,0.3288199659436941,0.00010011717677116394,4.016380989924073,2.5371702830307186,True,0.2935263184486874,False
capacity,12,609,4.619508981704712,0.329931965097785,8.009374141693115e-05,4.619589075446129,2.5418162220157683,True,0.17630986845635638,False
capacity,12,610,4.0356379467993975,0.32828887924551964,9.010545909404755e-05,4.0357280522584915,2.5458839000202715,True,0.23827049618469925,False
capacity,12,611,4.018445964902639,0.331314979121089,8.009374141693115e-05,4.018526058644056,2.549928565043956,True,0.22968433041665856,False
capacity,12,612,4.694298841059208,0.33196480944752693,8.102506399154663e-05,4.6943798661231995,2.554656106978655,True,0.25034970196010864,False
capacity,12,613,4.089899128302932,0.34194416366517544,8.079223334789276e-05,4.08997992053628,2.5587739790789783,True,0.25721355233240356,False
capacity,12,614,4.030507989227772,0.33776694908738136,9.010545909404755e-05,4.030598094686866,2.562835426069796,True,0.2654414713230075,False
capacity,12,615,4.036820027977228,0.3351508639752865,0.00010011717677116394,4.036920145153999,2.5669049681164324,True,0.253668652323977,False
capacity,12,616,4.01943689212203,0.33076293766498566,0.00010104849934577942,4.019537940621376,2.570951296016574,True,0.2892780149146361,False
capacity,12,617,4.561649868264794,0.33166492357850075,9.010545909404755e-05,4.561739973723888,2.5755392250139266,True,0.3584332546399004,False
capacity,12,618,4.053502110764384,0.3339899703860283,7.986091077327728e-05,4.0535819716751575,2.5796190961264074,True,0.3271644848330178,False
capacity,12,619,4.0392039809376,0.3356721717864275,7.986091077327728e-05,4.039283841848373,2.5836847899481654,True,0.3229929905845397,False
capacity,12,620,4.347835900261998,0.3326770383864641,9.103678166866302e-05,4.347926937043667,2.5880592570174485,True,0.2489983556483564,False
capacity,12,621,4.090291215106845,0.33083418384194374,8.987262845039368e-05,4.090381087735295,2.592176759149879,True,0.2287362826611189,False
capacity,12,622,4.039024002850056,0.33096387051045895,9.010545909404755e-05,4.03911410830915,2.5962501980829984,True,0.2430090882822026,False
capacity,12,623,4.036640049889684,0.3315950743854046,8.987262845039368e-05,4.036729922518134,2.600314009003341,True,0.23804577779219344,False
capacity,12,624,4.0343450382351875,0.32897014170885086,0.00011082738637924194,4.034455865621567,2.6043747239746153,True,0.219817230968797,False
capacity,12,625,4.170713014900684,0.3365250304341316,0.00010989606380462646,4.170822910964489,2.608576385071501,True,0.1763149424825567,False
capacity,12,626,4.0367101319134235,0.33440999686717987,8.987262845039368e-05,4.036800004541874,2.6126396651379764,True,0.26504590626820157,False
capacity,12,627,4.025698872283101,0.3355718217790127,0.00010011717677116394,4.025798989459872,2.6166915229987353,True,0.2940809216178752,False
capacity,12,628,4.055636003613472,0.33520208671689034,8.987262845039368e-05,4.055725876241922,2.6207737689837813,True,0.29342817549065536,False
capacity,12,629,4.600822925567627,0.3401909489184618,8.009374141693115e-05,4.600903019309044,2.6254006510134786,True,0.2839924084491708,False
capacity,12,630,4.0408780332654715,0.3330379258841276,9.988434612751007e-05,4.040977917611599,2.629468159051612,True,0.8650794322253765,False
capacity,12,631,4.033213015645742,0.3337790258228779,8.987262845039368e-05,4.033302888274193,2.6335322100203484,True,0.8394051223674412,False
capacity,12,632,4.041849868372083,0.3369359765201807,9.010545909404755e-05,4.041939973831177,2.6376043669879436,True,0.7303278170539382,True
capacity,12,633,4.083147970959544,0.3437881823629141,8.987262845039368e-05,4.083237843587995,2.6417141349520534,True,0.729626873884504,True
capacity,12,634,4.039914812892675,0.34017092548310757,8.102506399154663e-05,4.039995837956667,2.645781110972166,True,0.6495521581649027,True
capacity,12,635,4.040776984766126,0.34127291291952133,0.00010011717677116394,4.040877101942897,2.649852927075699,True,0.34184684923945136,False
capacity,12,636,4.019266925752163,0.3341101109981537,8.987262845039368e-05,4.019356798380613,2.6538987739477307,True,0.2940453471737292,False
capacity,12,637,4.579222993925214,0.3369350451976061,9.010545909404755e-05,4.579313099384308,2.65850434708409,True,0.30835852380198464,False
capacity,12,638,4.034415818750858,0.34057185985147953,9.010545909404755e-05,4.034505924209952,2.6625651919748634,True,0.36669044207936174,False
capacity,12,639,4.029064904898405,0.3407520707696676,0.00010011717677116394,4.029165022075176,2.6666203159838915,True,0.35104552096575314,False
capacity,12,640,4.028524970635772,0.3420149441808462,8.987262845039368e-05,4.028614843264222,2.670674829976633,True,0.3700788977333814,False
capacity,12,641,4.628876922652125,0.3458720166236162,9.010545909404755e-05,4.628967028111219,2.6753337930422276,True,0.301979720702748,False
capacity,12,642,4.040686879307032,0.33603282645344734,8.102506399154663e-05,4.040767904371023,2.679405699018389,True,0.3037589358880115,False
capacity,12,643,4.041278036311269,0.33563212491571903,9.103678166866302e-05,4.0413690730929375,2.68347338703461,True,0.3347556439597643,False
capacity,12,644,4.056677920743823,0.34684385173022747,9.010545909404755e-05,4.056768026202917,2.6875563240610063,True,0.3361115026206801,False
capacity,12,645,4.41913097165525,0.34310691989958286,9.010545909404755e-05,4.419221077114344,2.6920019250828773,True,0.41095515102358326,False
capacity,12,646,4.037119913846254,0.33605308271944523,0.00010104849934577942,4.0372209623456,2.696069241967052,True,0.3779687753567701,False
capacity,12,647,4.048852948471904,0.33937999978661537,0.00010011717677116394,4.048953065648675,2.7001448650844395,True,0.4004940673368409,False
capacity,12,648,4.02867398224771,0.3360430710017681,0.00010104849934577942,4.028775030747056,2.704199719009921,True,0.36043998152902434,False
capacity,12,649,4.6211720909923315,0.337015138939023,8.987262845039368e-05,4.621261963620782,2.7088477620854974,True,0.41028490603280565,False
capacity,12,650,4.038854036480188,0.33529195934534073,8.987262845039368e-05,4.038943909108639,2.712913586059585,True,0.3849432971675632,False
capacity,12,651,4.055364988744259,0.3349818289279938,0.00011012889444828033,4.055475117638707,2.717000130098313,True,0.3941932789129641,False
capacity,12,652,4.420823883265257,0.3397108521312475,0.00010011717677116394,4.420924000442028,2.7214514210354537,True,0.4585655429161981,False
capacity,12,653,4.073048010468483,0.3364838194102049,0.00011012889444828033,4.073158139362931,2.7255514301359653,True,0.45792731265040143,False
capacity,12,654,4.036318976432085,0.33740606158971786,8.987262845039368e-05,4.036408849060535,2.7296147199813277,True,0.33072137455822387,False
capacity,12,655,4.045045934617519,0.3370561171323061,0.00010989606380462646,4.045155830681324,2.7336862459778786,True,0.41373939774871216,False
capacity,12,656,4.036378813907504,0.3361138515174389,7.008202373981476e-05,4.036448895931244,2.737753913970664,True,0.25822727934208617,False
capacity,12,657,4.2701298370957375,0.33972994424402714,9.010545909404755e-05,4.2702199425548315,2.7420506039634347,True,0.2903614896738485,False
capacity,12,658,4.045255947858095,0.33300789073109627,9.010545909404755e-05,4.045346053317189,2.746122370008379,True,0.22584203274742307,False
capacity,12,659,4.025537986308336,0.33168517984449863,9.103678166866302e-05,4.025629023090005,2.750174768967554,True,0.21343811514451055,False
capacity,12,660,4.024256020784378,0.32912101596593857,8.009374141693115e-05,4.024336114525795,2.7542255751322955,True,0.32284294589499796,False
capacity,12,661,4.592286888509989,0.330423004925251,9.988434612751007e-05,4.592386772856116,2.7588493819348514,True,0.24619528795158022,False
capacity,12,662,4.026259994134307,0.32933102920651436,8.102506399154663e-05,4.0263410191982985,2.762910929042846,True,0.1980139176084991,False
capacity,12,663,4.015690181404352,0.3292711917310953,9.988434612751007e-05,4.01579006575048,2.7669538201298565,True,0.11955980074295092,False
capacity,12,664,4.0423700120300055,0.3294509369879961,8.987262845039368e-05,4.042459884658456,2.771022320026532,True,0.13188963860696817,False
capacity,12,665,4.097704077139497,0.33980002626776695,0.00010104849934577942,4.097805125638843,2.775147376116365,True,0.13940215064042968,False
capacity,12,666,4.037651000544429,0.33253710716962814,8.987262845039368e-05,4.037740873172879,2.7792122790124267,True,0.1381121836168571,False
capacity,12,667,4.036559956148267,0.3298819065093994,9.010545909404755e-05,4.036650061607361,2.7832758200820535,True,0.13472900479755848,False
capacity,12,668,4.044324159622192,0.33280812203884125,9.988434612751007e-05,4.04442404396832,2.7873511421494186,True,0.17421694166253007,False
capacity,12,669,4.643564112484455,0.33290800638496876,9.988434612751007e-05,4.643663996830583,2.7920212261378765,True,0.15861646306080762,False
capacity,12,670,4.021942149847746,0.3300721291452646,8.987262845039368e-05,4.022032022476196,2.7960743471048772,True,0.16644951349076387,False
capacity,12,671,4.037791863083839,0.33192592673003674,9.010545909404755e-05,4.0378819685429335,2.8001392299775034,True,0.1460022363823904,False
capacity,12,672,4.016692051663995,0.32974197529256344,7.008202373981476e-05,4.016762133687735,2.804186850087717,True,0.146808339956886,False
capacity,12,673,4.551009042188525,0.3300630487501621,7.986091077327728e-05,4.5510889030992985,2.80876441905275,True,0.15790696342727767,False
capacity,12,674,4.037422128021717,0.333649106323719,6.0070306062698364e-05,4.03748219832778,2.8128282511606812,True,0.13766556716846068,False
capacity,12,675,4.03265212662518,0.332175986841321,9.988434612751007e-05,4.032752010971308,2.816893404116854,True,0.1474814846940086,False
capacity,12,676,4.041288048028946,0.333158066496253,9.103678166866302e-05,4.041379084810615,2.820961002027616,True,0.1531465598813003,False
capacity,12,677,4.153349902480841,0.3336588852107525,0.00010011717677116394,4.153450019657612,2.8251467030495405,True,0.15416389216768406,False
capacity,12,678,4.02980693615973,0.3313249908387661,8.009374141693115e-05,4.029887029901147,2.8292032300960273,True,0.1403979498392908,False
capacity,12,679,4.037922015413642,0.33152499236166477,9.988434612751007e-05,4.038021899759769,2.8332710380200297,True,0.143348054778969,False
capacity,12,680,4.038183018565178,0.3337699454277754,9.010545909404755e-05,4.038273124024272,2.8373401290737092,True,0.1273171904356738,False
capacity,12,681,4.601965891197324,0.33118482679128647,9.010545909404755e-05,4.602055996656418,2.841968765016645,True,0.12930245895913872,False
capacity,12,682,4.02964698150754,0.334541080519557,9.988434612751007e-05,4.029746865853667,2.8460288289934397,True,0.11234096704792366,False
capacity,12,683,4.01759403757751,0.32949098385870457,8.987262845039368e-05,4.01768391020596,2.8500732630491257,True,0.12286626789860203,False
capacity,12,684,4.023615038022399,0.32975198701024055,7.008202373981476e-05,4.023685120046139,2.8541233181022108,True,0.1325358375399403,False
capacity,12,685,4.617023980244994,0.329039990901947,8.987262845039368e-05,4.617113852873445,2.8587669120170176,True,0.12539319858664114,False
capacity,13,0,3.7873100955039263,0.32761809416115284,8.987262845039368e-05,3.7873999681323767,0.0038075679913163185,False,,
capacity,13,1,3.7714189384132624,0.3305128775537014,0.00012107193470001221,3.7715400103479624,0.0076010089833289385,False,,
capacity,13,2,3.768443828448653,0.3271568566560745,0.00013015232980251312,3.7685739807784557,0.011391484877094626,False,,
capacity,13,3,4.24204720184207,0.32389117404818535,0.00011990778148174286,4.242167109623551,0.015655433060601354,False,,
capacity,13,4,3.8510600570589304,0.3346409648656845,0.00011012889444828033,3.8511701859533787,0.019528625067323446,False,,
capacity,13,5,3.7772608920931816,0.3229789435863495,0.00011990778148174286,3.7773807998746634,0.023327726870775223,False,,
capacity,13,6,3.783782944083214,0.3218259662389755,0.00010011717677116394,3.783883061259985,0.027136967983096838,False,,
capacity,13,7,4.240834852680564,0.3226678818464279,0.00012014061212539673,4.240954993292689,0.031403350876644254,False,,
capacity,13,8,3.8295891135931015,0.32350909896194935,0.0001310836523771286,3.8297201972454786,0.03525472106412053,False,,
capacity,13,9,3.785806940868497,0.323370099067688,0.00014994293451309204,3.78595688380301,0.03906250884756446,False,,
capacity,13,10,3.781478153541684,0.3254630137234926,0.00015087425708770752,3.781629027798772,0.04286601906642318,False,,
capacity,13,11,4.246304044499993,0.33023208379745483,0.00010081566870212555,4.2464048601686954,0.047134144930168986,False,,
capacity,13,12,3.8343481719493866,0.3272171597927809,0.00013993121683597565,3.8344881031662226,0.05099060502834618,False,,
capacity,13,13,3.780046012252569,0.32731681130826473,0.00010011717677116394,3.7801461294293404,0.054792643059045076,False,,
capacity,13,14,3.7856369744986296,0.33088400959968567,0.00011012889444828033,3.785747103393078,0.058600181015208364,False,,
capacity,13,15,4.338216967880726,0.34358701668679714,0.00012107193470001221,4.338338039815426,0.06296052993275225,False,,
capacity,13,16,4.026210168376565,0.33125397749245167,0.00010989606380462646,4.02632006444037,0.06701338104903698,False,,
capacity,13,17,4.0170729625970125,0.32997201196849346,0.00013015232980251312,4.017203114926815,0.07105279597453773,False,,
capacity,13,18,3.9923961739987135,0.3269561566412449,0.00011082738637924194,3.9925070013850927,0.07506682304665446,False,,
capacity,13,19,4.3019799049943686,0.32840901985764503,0.00014016404747962952,4.302120069041848,0.07939116493798792,False,,
capacity,13,20,4.042180022224784,0.3286099527031183,0.00012014061212539673,4.042300162836909,0.0834553160239011,False,,
capacity,13,21,3.980733919888735,0.3293610643595457,0.00012991949915885925,3.9808638393878937,0.087458181893453,False,,
capacity,13,22,3.9911139756441116,0.32819900661706924,0.00012014061212539673,3.991234116256237,0.09147139801643789,False,,
capacity,13,23,4.011612851172686,0.33010286279022694,0.00012014061212539673,4.011732991784811,0.09550512186251581,False,,
capacity,13,24,4.532273858785629,0.33482094295322895,0.00010104849934577942,4.532374907284975,0.10005993884988129,False,,
capacity,13,25,3.994910977780819,0.3277570940554142,0.00013085082173347473,3.9950418286025524,0.10407709190621972,False,,
capacity,13,26,4.006832838058472,0.32919086515903473,0.00011012889444828033,4.00694296695292,0.10811066487804055,False,,
capacity,13,27,4.31538512930274,0.3283789847046137,0.00012991949915885925,4.315515048801899,0.11244822200387716,False,,
capacity,13,28,4.036960890516639,0.3290809690952301,0.00011012889444828033,4.037071019411087,0.11650753486901522,False,,
capacity,13,29,3.995812963694334,0.3323869314044714,0.00012014061212539673,3.9959331043064594,0.12052583997137845,False,,
capacity,13,30,4.009058000519872,0.3276779316365719,0.00011990778148174286,4.0091779083013535,0.12455722992308438,False,,
capacity,13,31,3.992185927927494,0.3271868918091059,0.00013015232980251312,3.9923160802572966,0.12857159692794085,False,,
capacity,13,32,4.309083102270961,0.3289699088782072,0.00012107193470001221,4.309204174205661,0.1329031230416149,False,,
capacity,13,33,4.049013135954738,0.3350821789354086,0.00011990778148174286,4.049133043736219,0.1369786059949547,False,,
capacity,13,34,3.9745820686221123,0.324862077832222,0.00011082738637924194,3.9746928960084915,0.1409752699546516,False,,
capacity,13,35,4.038593033328652,0.32296893186867237,9.988434612751007e-05,4.03869291767478,0.14503601496107876,True,0.03279622484831077,False
capacity,13,36,4.628585884347558,0.32038381323218346,9.010545909404755e-05,4.628675989806652,0.14969580993056297,True,0.019107572792941042,False
capacity,13,37,4.024126101285219,0.3283789847046137,7.986091077327728e-05,4.0242059621959925,0.15374697698280215,True,0.016279080667152147,False
capacity,13,38,4.0166121907532215,0.32735709100961685,7.986091077327728e-05,4.016692051663995,0.1577903290744871,True,0.010180191017699928,False
capacity,13,39,4.036669852212071,0.32786792144179344,0.00010011717677116394,4.036769969388843,0.16185830789618194,True,0.007425349791556777,False
capacity,13,40,4.619718994945288,0.32840995118021965,7.986091077327728e-05,4.619798855856061,0.16650485689751804,True,0.005959027334973431,False
capacity,13,41,4.037271020933986,0.3223980311304331,8.987262845039368e-05,4.037360893562436,0.17056902893818915,True,0.0056830224484222406,False
capacity,13,42,4.025057889521122,0.3222378436475992,0.00010011717677116394,4.025158006697893,0.17462081694975495,True,0.0,False
capacity,13,43,4.027632065117359,0.33086398616433144,9.010545909404755e-05,4.027722170576453,0.17867535003460944,True,0.0,False
capacity,13,44,4.588060081005096,0.3343911375850439,8.987262845039368e-05,4.588149953633547,0.18329041101969779,True,0.0,False
capacity,13,45,4.034184850752354,0.32505299896001816,9.010545909404755e-05,4.034274956211448,0.18735126592218876,True,0.0,False
capacity,13,46,4.03693993575871,0.327106099575758,8.987262845039368e-05,4.03702980838716,0.19141936488449574,True,0.0,False
capacity,13,47,4.036289872601628,0.3274679183959961,8.009374141693115e-05,4.036369966343045,0.19548665289767087,True,0.0,False
capacity,13,48,4.0967329405248165,0.32997201196849346,9.988434612751007e-05,4.096832824870944,0.19961003586649895,True,0.0,False
capacity,13,49,4.020750056952238,0.3353829961270094,9.988434612751007e-05,4.020849941298366,0.20366194401867688,True,0.0,False
capacity,13,50,4.013065947219729,0.3332889173179865,9.010545909404755e-05,4.0131560526788235,0.20770162995904684,True,0.0,False
capacity,13,51,4.033994162455201,0.3339990507811308,8.987262845039368e-05,4.0340840350836515,0.2117621840443462,True,0.0,False
capacity,13,52,4.599591018632054,0.3347110468894243,8.009374141693115e-05,4.599671112373471,0.21638812497258186,True,0.0,False
capacity,13,53,4.031399032101035,0.3286490682512522,0.00010081566870212555,4.031499847769737,0.2204469759017229,True,0.0,False
capacity,13,54,4.0378721896559,0.3275370690971613,8.987262845039368e-05,4.03796206228435,0.22451151907444,True,0.0,False
capacity,13,55,4.022503038868308,0.3283289261162281,8.987262845039368e-05,4.0225929114967585,0.22856028098613024,True,0.0,False
capacity,13,56,4.664703039452434,0.3467840142548084,8.987262845039368e-05,4.664792912080884,0.23325653397478163,True,0.0,False
capacity,13,57,4.033042816445231,0.33488101325929165,8.009374141693115e-05,4.033122910186648,0.2373163178563118,True,0.0,False
capacity,13,58,4.0257698856294155,0.3273880574852228,8.009374141693115e-05,4.025849979370832,0.24137325584888458,True,0.0,False
capacity,13,59,4.044555127620697,0.3292809706181288,8.987262845039368e-05,4.044645000249147,0.24544471106491983,True,0.0,False
capacity,13,60,4.168628016486764,0.3268560394644737,8.987262845039368e-05,4.168717889115214,0.24963980889879167,True,0.0,False
capacity,13,61,4.032452125102282,0.33284700475633144,8.987262845039368e-05,4.032541997730732,0.2537028989754617,True,0.0,False
capacity,13,62,4.04440495185554,0.35352702252566814,8.009374141693115e-05,4.044485045596957,0.25777398399077356,True,0.0,False
capacity,13,63,4.034135024994612,0.33339811488986015,8.102506399154663e-05,4.034216050058603,0.2618351399432868,True,0.0,False
capacity,13,64,4.638504004105926,0.3320148680359125,9.103678166866302e-05,4.638595040887594,0.2665001640561968,True,0.00039429269507313856,False
capacity,13,65,4.031500080600381,0.32805907540023327,9.010545909404755e-05,4.031590186059475,0.2705577830784023,True,0.005529769061280592,False
capacity,13,66,4.043021937832236,0.3292209003120661,9.010545909404755e-05,4.04311204329133,0.2746318730060011,True,0.010665245427488042,False
capacity,13,67,4.037652164697647,0.33643399365246296,7.986091077327728e-05,4.03773202560842,0.27869602502323687,True,0.014659504823427174,False
capacity,13,68,4.640077007934451,0.3363839350640774,8.987262845039368e-05,4.6401668805629015,0.2833668899256736,True,0.0186537642193663,False
capacity,13,69,4.023445071652532,0.33163605257868767,7.986091077327728e-05,4.023524932563305,0.2874165140092373,True,0.0424899143408489,False
capacity,13,70,4.021280910819769,0.32960204407572746,9.010545909404755e-05,4.021371016278863,0.29146423493511975,True,0.14071239477347194,False
capacity,13,71,4.047531168907881,0.33030309714376926,7.986091077327728e-05,4.047611029818654,0.29553807503543794,True,0.4463996445001145,False
capacity,13,72,4.219043999910355,0.33108401112258434,8.009374141693115e-05,4.2191240936517715,0.29978349804878235,True,0.4828147116067819,False
capacity,13,73,4.033865174278617,0.3344709984958172,7.986091077327728e-05,4.03394503518939,0.303844063077122,True,0.3585981197589962,False
capacity,13,74,4.038303159177303,0.3330879844725132,8.987262845039368e-05,4.038393031805754,0.3079125720541924,True,0.3189235758809485,False
capacity,13,75,4.0310590993613005,0.3326570149511099,7.986091077327728e-05,4.031138960272074,0.3119699410162866,True,0.14402715880603711,False
capacity,13,76,4.589251009747386,0.3286090213805437,8.009374141693115e-05,4.589331103488803,0.31659031100571156,True,0.06764211015722163,False
capacity,13,77,4.035918973386288,0.3426261246204376,0.00010989606380462646,4.036028869450092,0.3206527999136597,True,0.0005043970703011046,False
capacity,13,78,4.025788977742195,0.3325468860566616,0.00010011717677116394,4.025889094918966,0.32470936700701714,True,0.00020384188386799845,False
capacity,13,79,4.036840051412582,0.33445004373788834,9.080395102500916e-05,4.036930855363607,0.3287720459047705,True,0.0016642127526011851,False
capacity,13,80,4.149922868236899,0.33765705302357674,0.00010011717677116394,4.1500229854136705,0.33294865884818137,True,0.002928181222279078,False
capacity,13,81,4.041377920657396,0.3312039189040661,0.00010011717677116394,4.0414780378341675,0.33701636688783765,True,0.004787308476973048,False
capacity,13,82,4.009056836366653,0.3277480136603117,8.102506399154663e-05,4.009137861430645,0.34105157386511564,True,0.007241594516683075,False
capacity,13,83,4.00773505680263,0.3279580269008875,5.9837475419044495e-05,4.0077948942780495,0.3450855689588934,True,0.010094636942353883,False
capacity,13,84,4.59718587808311,0.3305228892713785,6.0070306062698364e-05,4.5972459483891726,0.349709034897387,True,0.01294767936802469,False
capacity,13,85,4.031880991533399,0.33440999686717987,8.009374141693115e-05,4.031961085274816,0.3537679370492697,True,0.0158007217936955,False
capacity,13,86,4.02821390889585,0.3322269767522812,0.00010011717677116394,4.028314026072621,0.35783038497902453,True,0.0186537642193663,False
capacity,13,87,4.023154033347964,0.3312139306217432,9.010545909404755e-05,4.023244138807058,0.36187998903915286,True,0.07818936272693891,False
capacity,13,88,4.655255936086178,0.330792972818017,0.00010011717677116394,4.655356053262949,0.3665706419851631,True,0.06586807367805794,False
capacity,13,89,4.017484141513705,0.3250630106776953,0.00010989606380462646,4.01759403757751,0.3706148760393262,True,0.11811492994197244,False
capacity,13,90,4.019587999209762,0.32789818942546844,9.988434612751007e-05,4.019687883555889,0.37466068286448717,True,0.36342162127576644,False
capacity,13,91,4.017623839899898,0.3277978394180536,8.009374141693115e-05,4.0177039336413145,0.3787046258803457,True,0.43096029089678106,False
capacity,13,92,4.420874174684286,0.33316807821393013,9.988434612751007e-05,4.420974059030414,0.38315190002322197,True,0.5743506513381343,False
capacity,13,93,4.014137899503112,0.32413098961114883,9.010545909404755e-05,4.014228004962206,0.3871926579158753,True,0.6614180592797925,False
capacity,13,94,4.0204389952123165,0.3246217966079712,8.009374141693115e-05,4.0205190889537334,0.3912394060753286,True,0.7009728762303455,False
capacity,13,95,4.016201011836529,0.32457197085022926,8.009374141693115e-05,4.016281105577946,0.3952819670084864,True,0.7110954563142101,True
capacity,13,96,4.622444044798613,0.3237600903958082,8.987262845039368e-05,4.622533917427063,0.39993473794311285,True,0.7567971555115925,True
capacity,13,97,4.031509859487414,0.32461201772093773,0.00010011717677116394,4.0316099766641855,0.40400214586406946,True,0.7383953102942583,True
capacity,13,98,4.023184068500996,0.3243109676986933,0.00010011717677116394,4.023284185677767,0.40805564704351127,True,0.7332295467007973,True
capacity,13,99,4.040277097374201,0.32526301220059395,7.986091077327728e-05,4.040356958284974,0.4121223839465529,True,0.7600482488686177,True
capacity,13,100,4.560657078400254,0.32778806053102016,8.987262845039368e-05,4.560746951028705,0.41671078302897513,True,0.7634874466640229,True
capacity,13,101,4.059802973642945,0.3397800028324127,0.00010011717677116394,4.0599030908197165,0.4208010439760983,True,0.768808484107604,True
capacity,13,102,4.05749911442399,0.33530197106301785,9.010545909404755e-05,4.057589219883084,0.424888099078089,True,0.733095009323754,True
capacity,13,103,4.062938969582319,0.33654412254691124,0.00010989606380462646,4.063048865646124,0.4289800329133868,True,0.7163144178908631,True
capacity,13,104,4.2290829587727785,0.3470350056886673,0.00013993121683597565,4.2292228899896145,0.43324064486660063,True,0.7607296600206045,True
capacity,13,105,4.088326822966337,0.33845799043774605,9.010545909404755e-05,4.088416928425431,0.43736515985801816,True,0.7685554803712531,True
capacity,13,106,4.076123936101794,0.3353820648044348,9.010545909404755e-05,4.076214041560888,0.4414797469507903,True,0.7512669520880352,True
capacity,13,107,4.369187168776989,0.33424003049731255,9.988434612751007e-05,4.3692870531231165,0.4458876170683652,True,0.717122095250107,True
capacity,13,108,4.375549033284187,0.43004099279642105,0.00014994293451309204,4.3756989762187,0.45030979299917817,True,0.6557645667238701,True
capacity,13,109,4.10531903617084,0.34624291583895683,0.00010989606380462646,4.105428932234645,0.45445332396775484,True,0.6685991211597164,True
capacity,13,110,4.1070119477808475,0.3375259693711996,0.00010989606380462646,4.107121843844652,0.458602154860273,True,0.7108930755632998,True
capacity,13,111,4.933619871735573,0.3421048168092966,0.00010011717677116394,4.933719988912344,0.46357002994045615,True,0.6708682159792173,True
capacity,13,112,4.204996861517429,0.3500189632177353,0.00018114224076271057,4.205178003758192,0.4678154739085585,True,0.690778719687899,True
capacity,13,113,4.1145270224660635,0.3474759869277477,0.00016996636986732483,4.114696988835931,0.4719659578986466,True,0.6914782349101408,True
capacity,13,114,4.054893972352147,0.3333080094307661,0.00018114224076271057,4.05507511459291,0.4760561790317297,True,0.7359385191970084,True
capacity,13,115,4.535610089078546,0.332036055624485,7.986091077327728e-05,4.535689949989319,0.4806238990277052,True,0.7240496827556585,True
capacity,13,116,4.058611113578081,0.34051109105348587,0.00010081566870212555,4.058711929246783,0.48472291696816683,True,0.7343002803467872,True
capacity,13,117,4.073630087077618,0.3426959738135338,9.988434612751007e-05,4.073729971423745,0.4888354199938476,True,0.7270043877169425,True
capacity,13,118,4.0653240866959095,0.3378670662641525,9.988434612751007e-05,4.065423971042037,0.49293191195465624,True,0.7250018291572493,True
capacity,13,119,4.496847046539187,0.3300521057099104,9.103678166866302e-05,4.496938083320856,0.4974663199391216,True,0.7284548021107137,True
capacity,13,120,4.574663937091827,0.3665611147880554,8.987262845039368e-05,4.574753809720278,0.5020882228855044,True,0.7299483353589364,True
capacity,13,121,4.13494510576129,0.35060103982686996,9.010545909404755e-05,4.135035211220384,0.5062617710791528,True,0.7152986078204662,True
capacity,13,122,4.1061509400606155,0.34314696677029133,9.010545909404755e-05,4.10624104551971,0.5104082180187106,True,0.7389225447197731,True
capacity,13,123,4.680513171479106,0.33788708969950676,9.988434612751007e-05,4.6806130558252335,0.5151228250470012,True,0.7064327630363605,True
capacity,13,124,4.081434104591608,0.33873901702463627,0.00010011717677116394,4.081534221768379,0.5192371010780334,True,0.7278918573180345,True
capacity,13,125,4.06534387730062,0.3343410789966583,0.00010989606380462646,4.065453773364425,0.5233343448489904,True,0.7446936984429748,True
capacity,13,126,4.073549062013626,0.33375900238752365,9.103678166866302e-05,4.073640098795295,0.5274447039701045,True,0.7266166644407498,True
capacity,13,127,4.775211913511157,0.33399881795048714,0.00010011717677116394,4.775312030687928,0.5322560139466077,True,0.8371014158726081,True
capacity,13,128,4.136959090828896,0.34354720264673233,0.00010081566870212555,4.137059906497598,0.5364257949404418,True,0.8888243230704193,True
capacity,13,129,4.079200094565749,0.336384866386652,0.00010011717677116394,4.07930021174252,0.5405367640778422,True,0.8294334401034145,True
capacity,13,130,4.060043022036552,0.3312740009278059,0.00010104849934577942,4.060144070535898,0.5446271749678999,True,0.8853168808699693,True
capacity,13,131,4.703527083620429,0.3638661000877619,9.010545909404755e-05,4.703617189079523,0.5493611800484359,True,0.8348631216220532,True
capacity,13,132,4.092073999345303,0.3364440053701401,9.010545909404755e-05,4.092164104804397,0.5534841020125896,True,0.83800971769675,True
capacity,13,133,4.07769693993032,0.33426983281970024,9.010545909404755e-05,4.077787045389414,0.5575915849767625,True,0.8492929843787144,True
capacity,13,134,4.095270065590739,0.33936998806893826,0.00011012889444828033,4.0953801944851875,0.5617202180437744,True,0.7963636487395379,True
capacity,13,135,4.878808045759797,0.3962868358939886,9.010545909404755e-05,4.878898151218891,0.566630806075409,True,0.7956433167936404,True
capacity,13,136,4.062197869643569,0.33880886621773243,0.00010011717677116394,4.06229798682034,0.5707294319290668,True,0.7644300608105089,True
capacity,13,137,4.068590002134442,0.33628405071794987,9.010545909404755e-05,4.068680107593536,0.5748267460148782,True,0.7091192275050173,True
capacity,13,138,4.043031018227339,0.33664400689303875,0.00011106021702289581,4.043142078444362,0.5788975900504738,True,0.6605382808904559,True
capacity,13,139,4.401498008519411,0.36142091266810894,0.00011012889444828033,4.401608137413859,0.5833281530067325,True,0.6440193944130704,True
capacity,13,140,4.0450559463351965,0.32759783789515495,0.0001701992005109787,4.0452261455357075,0.5874027539975941,True,0.5751816558276409,False
capacity,13,141,4.019557032734156,0.3269060980528593,7.986091077327728e-05,4.019636893644929,0.5914504539687186,True,0.6241575167201185,False
capacity,13,142,4.041298991069198,0.32660597935318947,9.010545909404755e-05,4.041389096528292,0.5955187040381134,True,0.6077469741957241,False
capacity,13,143,4.686195170506835,0.32987212762236595,8.987262845039368e-05,4.686285043135285,0.6002328910399228,True,0.6473473721422077,False
capacity,13,144,4.0237149223685265,0.32861880026757717,9.010545909404755e-05,4.0238050278276205,0.6042843679897487,True,0.6153734268951252,False
capacity,13,145,4.035418154671788,0.32536406069993973,9.988434612751007e-05,4.035518039017916,0.6083512050099671,True,0.5718678098617206,False
capacity,13,146,4.028193885460496,0.326444860547781,9.010545909404755e-05,4.02828399091959,0.6124122908804566,True,0.49147866519156824,False
capacity,13,147,4.348557908087969,0.32755685970187187,9.010545909404755e-05,4.348648013547063,0.6167875789105892,True,0.5288597751751867,False
capacity,13,148,4.0798611007630825,0.33297715708613396,5.9837475419044495e-05,4.0799209382385015,0.6208944909740239,True,0.589216394756811,False
capacity,13,149,4.043141845613718,0.3353219944983721,9.010545909404755e-05,4.043231951072812,0.6249647738877684,True,0.4815300142335986,False
capacity,13,150,4.033452831208706,0.32333889976143837,9.103678166866302e-05,4.033543867990375,0.629024616908282,True,0.5081511627193943,False
capacity,13,151,4.624217050150037,0.3280180972069502,9.988434612751007e-05,4.624316934496164,0.6336757049430162,True,0.5421828105403587,False
capacity,13,152,4.03888407163322,0.33649406395852566,0.00010989606380462646,4.038993967697024,0.6377423719968647,True,0.5569221964423352,False
capacity,13,153,4.019848071038723,0.3350721672177315,8.987262845039368e-05,4.019937943667173,0.6417889699805528,True,0.5421757799902948,False
capacity,13,154,4.035877995193005,0.33499114215373993,9.080395102500916e-05,4.03596879914403,0.6458520798478276,True,0.5521827868697461,False
capacity,13,155,4.0230038575828075,0.33489102497696877,9.010545909404755e-05,4.023093963041902,0.6499018839094788,True,0.5646102154343006,False
capacity,13,156,4.630588926374912,0.3353820648044348,9.103678166866302e-05,4.630679963156581,0.6545665878802538,True,0.5023793380559202,False
capacity,13,157,4.031229997053742,0.3273270558565855,8.009374141693115e-05,4.031310090795159,0.6586292069405317,True,0.613357140482724,False
capacity,13,158,4.35715401545167,0.33445097506046295,0.00010011717677116394,4.357254132628441,0.6630132410209626,True,0.6888704878001327,False
capacity,13,159,4.088928923010826,0.3269768785685301,9.010545909404755e-05,4.08901902846992,0.667129480978474,True,0.679737692777145,False
capacity,13,160,4.031701013445854,0.3269670996814966,8.987262845039368e-05,4.031790886074305,0.6711875209584832,True,0.6873924487229438,True
capacity,13,161,4.013196099549532,0.3202240914106369,8.987262845039368e-05,4.013285972177982,0.6752272769808769,True,0.743616023241766,True
capacity,13,162,4.329300951212645,0.32089510932564735,9.010545909404755e-05,4.329391056671739,0.6795827269088477,True,0.5924044811191185,False
capacity,13,163,4.072136012837291,0.3242811653763056,9.988434612751007e-05,4.072235897183418,0.6836832968983799,True,0.6945044653870229,False
capacity,13,164,4.02879505418241,0.3300420939922333,8.102506399154663e-05,4.028876079246402,0.6877388029824942,True,0.7185612428849438,False
capacity,13,165,4.037079866975546,0.3321159165352583,0.00010011717677116394,4.037179984152317,0.6918025829363614,True,0.6876230982626915,True
capacity,13,166,4.032721975818276,0.3325170837342739,7.986091077327728e-05,4.03280183672905,0.6958697598893195,True,0.6914990702189003,True
capacity,13,167,4.326316062361002,0.33721490763127804,8.102506399154663e-05,4.3263970874249935,0.700223749037832,True,0.5927148283663939,False
capacity,13,168,4.026981070637703,0.32869004644453526,9.988434612751007e-05,4.0270809549838305,0.7042821790091693,True,0.6051935433914656,False
capacity,13,169,4.023544955998659,0.32767816446721554,7.986091077327728e-05,4.023624816909432,0.7083327148575336,True,0.5970967767683674,False
capacity,13,170,4.0371709037572145,0.32616499811410904,8.009374141693115e-05,4.0372509974986315,0.7123970768880099,True,0.6359268045478597,False
capacity,13,171,4.077967023476958,0.32430095598101616,0.00010011717677116394,4.078067140653729,0.7165024660062045,True,0.554132666729103,False
capacity,13,172,4.039323888719082,0.33335783518850803,0.00011106021702289581,4.039434948936105,0.7205689819529653,True,0.5468687109023329,False
capacity,13,173,4.02558920904994,0.3233891911804676,8.987262845039368e-05,4.0256790816783905,0.72462183306925,True,0.43343726154388285,False
capacity,13,174,4.02968586422503,0.3302919212728739,0.00010011717677116394,4.029785981401801,0.7286780788563192,True,0.4099099038083009,False
capacity,13,175,4.664082080125809,0.3524338826537132,9.103678166866302e-05,4.664173116907477,0.7333736610598862,True,0.42684638411322656,False
capacity,13,176,4.034225130453706,0.3252329770475626,9.988434612751007e-05,4.034325014799833,0.7374391150660813,True,0.3944570204882524,False
capacity,13,177,4.045206122100353,0.3249330911785364,7.986091077327728e-05,4.0452859830111265,0.7415108010172844,True,0.470470655882378,False
capacity,13,178,4.95344796217978,0.3270071465522051,8.987262845039368e-05,4.95353783480823,0.7464909888803959,True,0.4676888933753453,False
capacity,13,179,4.081784980371594,0.3268460277467966,7.008202373981476e-05,4.081855062395334,0.750601117964834,True,1.081937249049418,False
capacity,13,180,4.024346824735403,0.33097388222813606,0.00011012889444828033,4.024456953629851,0.7546619828790426,True,1.19992752803239,False
capacity,13,181,4.028453957289457,0.3311538603156805,0.00010104849934577942,4.028555005788803,0.7587163459975272,True,1.3277896209810565,True
capacity,13,182,4.347105044871569,0.3328670281916857,9.988434612751007e-05,4.347204929217696,0.763089369982481,True,0.8359805384154995,True
capacity,13,183,4.0729481261223555,0.3280381206423044,0.00012083910405635834,4.073068965226412,0.7671892889775336,True,0.8706103373887567,True
capacity,13,184,4.027022048830986,0.3289910964667797,0.00011012889444828033,4.027132177725434,0.7712426800280809,True,0.8139992244563781,True
capacity,13,185,4.014758858829737,0.32755802385509014,9.010545909404755e-05,4.014848964288831,0.7752878558821976,True,0.7702750365538924,True
capacity,13,186,4.032441880553961,0.32996200025081635,0.00011012889444828033,4.032552009448409,0.779350183904171,True,0.781396181291513,True
capacity,13,187,4.193205153569579,0.33205607905983925,9.988434612751007e-05,4.193305037915707,0.7835700190626085,True,0.7228239757938927,True
capacity,13,188,4.027232062071562,0.32810913398861885,0.00010989606380462646,4.027341958135366,0.7876234599389136,True,0.79173040666544,True
capacity,13,189,4.028233932331204,0.3352719359099865,9.010545909404755e-05,4.0283240377902985,0.791677983943373,True,0.805382760774017,True
capacity,13,190,4.357455065473914,0.33489102497696877,8.987262845039368e-05,4.3575449381023645,0.7960617279168218,True,0.792994585666452,True
capacity,13,191,4.0739900432527065,0.331053975969553,9.988434612751007e-05,4.074089927598834,0.8001628289930522,True,0.7702260644288776,True
capacity,13,192,4.029807168990374,0.32863905653357506,7.986091077327728e-05,4.029887029901147,0.8042229530401528,True,0.7822932709544177,True
capacity,13,193,4.027572926133871,0.3294020425528288,7.008202373981476e-05,4.027643008157611,0.80827686493285,True,0.7437723231996235,True
capacity,13,194,4.0236650966107845,0.3290411550551653,8.987262845039368e-05,4.023754969239235,0.8123266589827836,True,0.7315716522673292,True
capacity,13,195,4.279186949133873,0.3307729493826628,0.00010011717677116394,4.279287066310644,0.8166367949452251,True,0.7487536093455507,True
capacity,13,196,4.050306044518948,0.34179515205323696,7.986091077327728e-05,4.050385905429721,0.820718158967793,True,0.7410013696209685,True
capacity,13,197,4.026921931654215,0.3343098796904087,0.00010011717677116394,4.027022048830986,0.8247713099699467,True,0.7391103794793142,True
capacity,13,198,4.040957894176245,0.332496827468276,9.010545909404755e-05,4.041047999635339,0.8288385069463402,True,0.7462951457945538,True
capacity,13,199,4.625790053978562,0.3347611054778099,0.00010989606380462646,4.625899950042367,0.8334907470270991,True,0.6794325563509377,True
capacity,13,200,4.0268609300255775,0.3284788690507412,0.00011012889444828033,4.026971058920026,0.8375440679956228,True,0.5622837752833166,False
capacity,13,201,4.036921076476574,0.32692705281078815,0.00011012889444828033,4.037031205371022,0.8416071580722928,True,0.5081241240610502,False
capacity,13,202,4.3329778127372265,0.3338688984513283,0.00010011717677116394,4.333077929913998,0.8459663048852235,True,0.4380712247149417,False
capacity,13,203,4.079881124198437,0.3282481338828802,0.00010104849934577942,4.0799821726977825,0.8500722460448742,True,0.35726461696753414,False
capacity,13,204,4.043963039293885,0.3302220720797777,9.010545909404755e-05,4.044053144752979,0.8541463760193437,True,0.40815586701545065,False
capacity,13,205,4.037762060761452,0.32778806053102016,9.988434612751007e-05,4.037861945107579,0.858214464969933,True,0.4454982542397813,False
capacity,13,206,4.037420963868499,0.325552886351943,6.0070306062698364e-05,4.0374810341745615,0.8622819629963487,True,0.6219344203350256,False
capacity,13,207,4.143220838159323,0.325934961438179,9.010545909404755e-05,4.143310943618417,0.866451873909682,True,0.8172084033900711,False
capacity,13,208,4.03214106336236,0.3256241325289011,0.00010989606380462646,4.032250959426165,0.8705110959708691,True,0.8164190095640431,False
capacity,13,209,4.02212212793529,0.3263549879193306,8.102506399154663e-05,4.022203152999282,0.874559598043561,True,0.7169254226794372,True
capacity,13,210,4.028934985399246,0.3241610247641802,0.00010989606380462646,4.029044881463051,0.8786146419588476,True,0.7662277847739,True
capacity,13,211,4.645798122510314,0.3341999836266041,8.987262845039368e-05,4.645887995138764,0.8832868600729853,True,0.7243531409621797,True
capacity,13,212,4.036549013108015,0.3243410028517246,8.009374141693115e-05,4.036629106849432,0.8873501899652183,True,0.7909310818357881,True
capacity,13,213,4.0223319083452225,0.3269459120929241,0.00010011717677116394,4.022432025521994,0.8913988119456917,True,0.7289274117816493,True
capacity,13,214,4.02079988270998,0.3231388982385397,0.00010011717677116394,4.020899999886751,0.895450800890103,True,0.6323435032799838,True
capacity,13,215,4.138120915740728,0.32337987795472145,9.010545909404755e-05,4.138211021199822,0.8996154719498008,True,0.6665926787621586,True
capacity,13,216,4.023835062980652,0.330162001773715,9.988434612751007e-05,4.023934947326779,0.9036719989962876,True,0.7128233336667688,True
capacity,13,217,4.0219121146947145,0.3284490667283535,9.988434612751007e-05,4.022011999040842,0.9077199900057167,True,0.741456683322899,True
capacity,13,218,4.020950058475137,0.33696508035063744,0.00010081566870212555,4.021050874143839,0.9117670699488372,True,0.7441081446752007,True
capacity,13,219,4.582940135151148,0.33522211015224457,0.00010989606380462646,4.5830500312149525,0.9163763590622693,True,0.8037029431412378,True
capacity,13,220,4.038312938064337,0.323339831084013,9.010545909404755e-05,4.038403043523431,0.9204412719700485,True,0.75916495512241,True
capacity,13,221,4.03200089931488,0.32051396556198597,0.00011012889444828033,4.032111028209329,0.9244997729547322,True,0.7578426930060546,True
capacity,13,222,4.032011143863201,0.3254329785704613,0.00010989606380462646,4.032121039927006,0.9285583440214396,True,0.7293031674820375,True
capacity,13,223,4.4549989979714155,0.32343994826078415,9.010545909404755e-05,4.45508910343051,0.9330395520664752,True,0.7339319267044963,True
capacity,13,224,4.033423028886318,0.32357918098568916,0.00010081566870212555,4.03352384455502,0.9371041539125144,True,0.7977176430395385,True
capacity,13,225,4.026900976896286,0.32344902865588665,8.102506399154663e-05,4.026982001960278,0.9411579659208655,True,0.7263937686163994,True
capacity,13,226,4.021450877189636,0.3236399497836828,9.010545909404755e-05,4.02154098264873,0.9452095439191908,True,0.7635587713713063,True
capacity,13,227,4.587037023156881,0.32294890843331814,9.010545909404755e-05,4.587127128615975,0.9498235420323908,True,0.7947767998512467,True
capacity,13,228,4.019777989014983,0.3285191487520933,0.00011082738637924194,4.019888816401362,0.9538738878909498,True,0.7648941964164738,True
capacity,13,229,4.018554929643869,0.3273468464612961,0.00010104849934577942,4.018655978143215,0.9579194339457899,True,0.7573323999286233,True
capacity,13,230,4.031830932945013,0.3224581014364958,9.988434612751007e-05,4.031930817291141,0.9619993348605931,True,0.7731938822043531,True
capacity,13,231,4.071184899657965,0.3240099176764488,0.00010104849934577942,4.0712859481573105,0.9660978019237518,True,0.7573633175056003,True
capacity,13,232,4.024456953629851,0.3269868902862072,0.00012014061212539673,4.024577094241977,0.9701486879494041,True,0.7666731285481718,True
capacity,13,233,4.035155987367034,0.3294609487056732,9.103678166866302e-05,4.035247024148703,0.9742112660314888,True,0.7514192448758148,True
capacity,13,234,4.041528794914484,0.3300418611615896,0.00010011717677116394,4.041628912091255,0.9782850658521056,True,0.7399236612882404,True
capacity,13,235,4.6729701571166515,0.33056316897273064,0.00016996636986732483,4.673140123486519,0.9829871710389853,True,0.7639385711731845,True
capacity,13,236,4.069922026246786,0.33537205308675766,0.00014994293451309204,4.070071969181299,0.9870954849757254,True,0.7539912968621776,True
capacity,13,237,4.060143139213324,0.3300020471215248,0.0001809094101190567,4.060324048623443,0.9911849540658295,True,0.7523858710566517,True
capacity,13,238,4.052318865433335,0.32975198701024055,0.00011012889444828033,4.052428994327784,0.9952667988836765,True,0.7312134250224417,True
capacity,13,239,4.297721898183227,0.33300789073109627,0.00010011717677116394,4.297822015359998,0.9995946378912777,True,0.730411149361919,True
capacity,13,240,4.044094122946262,0.33322814851999283,9.988434612751007e-05,4.04419400729239,1.0036683280486614,True,0.7659951376600141,True
capacity,13,241,4.031069111078978,0.33234618604183197,8.079223334789276e-05,4.0311499033123255,1.0077327999752015,True,0.764844758904773,True
capacity,13,242,4.035908030346036,0.334911048412323,9.103678166866302e-05,4.035999067127705,1.0117957489565015,True,0.7587651694240746,True
capacity,13,243,4.147740080952644,0.3311550244688988,8.987262845039368e-05,4.147829953581095,1.0159702489618212,True,0.7458459078524424,True
capacity,13,244,4.008647054433823,0.32387091778218746,8.009374141693115e-05,4.00872714817524,1.0200104650575668,True,0.7140253472123161,True
capacity,13,245,4.011582117527723,0.321987085044384,9.103678166866302e-05,4.011673154309392,1.0240490180440247,True,0.7057842278986026,True
capacity,13,246,4.052640171721578,0.3219770733267069,7.986091077327728e-05,4.052720032632351,1.0281323960516602,True,0.7602295196601938,True
capacity,13,247,4.617435159161687,0.3237011842429638,9.988434612751007e-05,4.617535043507814,1.0327760600484908,True,0.7647138949032122,True
capacity,13,248,4.042750922963023,0.3283389378339052,0.00010011717677116394,4.042851040139794,1.036845400929451,True,0.8191548501256298,True
capacity,13,249,4.025899106636643,0.32736710272729397,8.987262845039368e-05,4.025988979265094,1.0408984520472586,True,0.841097452455176,True
capacity,13,250,4.04419400729239,0.32814894802868366,9.010545909404755e-05,4.044284112751484,1.044968964997679,True,0.8500886511776188,True
capacity,13,251,4.544127034023404,0.32228813506662846,8.987262845039368e-05,4.5442169066518545,1.049539441941306,True,0.8336317759591151,True
capacity,13,252,4.025988979265094,0.3230888396501541,9.103678166866302e-05,4.0260800160467625,1.0535919510293752,True,0.8195050452549528,True
capacity,13,253,4.038061946630478,0.32963091507554054,9.010545909404755e-05,4.038152052089572,1.057663206011057,True,0.8332091847213263,True
capacity,13,254,4.029144998639822,0.33091381192207336,0.00010011717677116394,4.029245115816593,1.0617186210583895,True,0.8136124918092337,True
capacity,13,255,4.650688031688333,0.33684493973851204,8.009374141693115e-05,4.6507681254297495,1.066395458066836,True,0.799951902640563,True
capacity,13,256,4.032803000882268,0.32623508013784885,9.988434612751007e-05,4.0329028852283955,1.0704592189285904,True,0.7925374014209657,True
capacity,13,257,4.018394974991679,0.32584392465651035,9.010545909404755e-05,4.018485080450773,1.0745038529857993,True,0.7893139155121733,True
capacity,13,258,4.0286940056830645,0.3242508973926306,8.102506399154663e-05,4.028775030747056,1.0785592580214143,True,0.829195195029773,True
capacity,13,259,4.288916010409594,0.32241782173514366,8.009374141693115e-05,4.2889961041510105,1.0828741830773652,True,0.8115446799711316,True
capacity,13,260,4.022533074021339,0.3275980707257986,0.00010011717677116394,4.022633191198111,1.086923466064036,True,0.6804333919288319,True
capacity,13,261,4.036128055304289,0.3217160701751709,0.00012014061212539673,4.036248195916414,1.0909949310589582,True,0.6340351934021701,True
capacity,13,262,4.007343901321292,0.318760983645916,8.102506399154663e-05,4.0074249263852835,1.0950289559550583,True,0.6751964912180773,True
capacity,13,263,4.61557088419795,0.32141595147550106,7.008202373981476e-05,4.61564096622169,1.0996746439486742,True,0.6773556689256166,True
capacity,13,264,4.0359278209507465,0.3271070308983326,0.00010011717677116394,4.036027938127518,1.1037408688571304,True,0.6079467800135651,False
capacity,13,265,4.027942894026637,0.3246418200433254,8.009374141693115e-05,4.028022987768054,1.1077954829670489,True,0.5921928970280074,False
capacity,13,266,4.0083760395646095,0.3233300521969795,9.010545909404755e-05,4.008466145023704,1.1118341060355306,True,0.5539610120772049,False
capacity,13,267,4.547992954030633,0.32462202943861485,0.00010104849934577942,4.548094002529979,1.11640877998434,True,0.594126217015295,False
capacity,13,268,4.030849086120725,0.3241710364818573,8.009374141693115e-05,4.030929179862142,1.1204660290386528,True,0.6259993628055706,False
capacity,13,269,4.003255860880017,0.32327882945537567,7.008202373981476e-05,4.003325942903757,1.1244956948794425,True,0.700653323650093,False
capacity,13,270,4.0248779114335775,0.31957286410033703,0.00010011717677116394,4.024978028610349,1.128546902909875,True,0.6375592372930692,False
capacity,13,271,4.624276887625456,0.32273796387016773,8.009374141693115e-05,4.624356981366873,1.133197268936783,True,0.6643528380617597,True
capacity,13,272,4.033443983644247,0.32468303106725216,0.00011012889444828033,4.033554112538695,1.1372573729604483,True,0.6810945529374618,True
capacity,13,273,4.025698872283101,0.32408093102276325,9.010545909404755e-05,4.025788977742195,1.141314220847562,True,0.6601276909704306,True
capacity,13,274,4.0289550088346004,0.325322849676013,0.00011012889444828033,4.029065137729049,1.1453697860706598,True,0.7169819008274791,True
capacity,13,275,4.61243512108922,0.330914044752717,8.987262845039368e-05,4.61252499371767,1.1500140610150993,True,0.7271972519294347,True
capacity,13,276,4.036208847537637,0.32359990291297436,8.009374141693115e-05,4.036288941279054,1.1540957258548588,True,0.8007945541779913,True
capacity,13,277,4.025869071483612,0.32580411061644554,9.103678166866302e-05,4.025960108265281,1.1581479150336236,True,0.7640831457214202,True
capacity,13,278,4.0334840305149555,0.32263901084661484,8.009374141693115e-05,4.0335641242563725,1.1622075780760497,True,0.7301939610365216,True
capacity,13,279,4.274948965758085,0.3172280266880989,8.987262845039368e-05,4.275038838386536,1.1665090469177812,True,1.0505459757111668,True
capacity,13,280,4.030087031424046,0.31305011361837387,8.987262845039368e-05,4.030176904052496,1.1705657739657909,True,1.1534670691492348,True
capacity,13,281,4.023385001346469,0.31916191801428795,9.010545909404755e-05,4.023475106805563,1.1746156390290707,True,1.2517268021574377,True
capacity,13,282,4.029246047139168,0.32238801941275597,9.010545909404755e-05,4.029336152598262,1.1786708440631628,True,1.3852901224685785,True
capacity,13,283,4.618064966052771,0.3243209794163704,9.103678166866302e-05,4.618156002834439,1.1833205989096314,True,1.468651868978625,True
capacity,13,284,4.027362912893295,0.3189619164913893,9.010545909404755e-05,4.027453018352389,1.1873745119664818,True,1.3771359941841896,True
capacity,13,285,4.03223093599081,0.31948182731866837,9.103678166866302e-05,4.032321972772479,1.1914332429878414,True,1.1832902863470423,True
capacity,13,286,4.031750140711665,0.3229591529816389,7.986091077327728e-05,4.031830001622438,1.1954953400418162,True,1.0421463434987037,True
capacity,13,287,4.634886980056763,0.3249619621783495,0.00011106021702289581,4.634998040273786,1.2001600440125912,True,0.9704350134457406,True
capacity,13,288,4.030006937682629,0.3247018903493881,0.00010011717677116394,4.0301070548594,1.204216250916943,True,0.9162475211316091,True
capacity,13,289,4.02036914601922,0.32221805304288864,8.987262845039368e-05,4.020459018647671,1.2082629690412432,True,0.9023820871454611,True
capacity,13,290,4.017384024336934,0.3197230398654938,9.988434612751007e-05,4.017483908683062,1.2123063919134438,True,0.9129183438146802,True
capacity,13,291,4.457532893866301,0.325061846524477,9.010545909404755e-05,4.457622999325395,1.216797217959538,True,0.8268761323323416,True
capacity,13,292,4.03170008212328,0.3297210205346346,9.103678166866302e-05,4.031791118904948,1.220860037021339,True,0.8588957714945671,True
capacity,13,293,4.027251852676272,0.3273978363722563,0.00010011717677116394,4.027351969853044,1.224913677899167,True,0.8716328175959512,True
capacity,13,294,4.058190155774355,0.32949098385870457,9.103678166866302e-05,4.058281192556024,1.2289978980552405,True,0.9170390285501389,True
capacity,13,295,4.086765227839351,0.3262150567024946,9.988434612751007e-05,4.086865112185478,1.2331113130785525,True,1.462303542308883,True
capacity,13,296,4.0397250559180975,0.32210699282586575,0.00010989606380462646,4.039834951981902,1.237182125914842,True,1.4575002480602128,True
capacity,13,297,4.013736033812165,0.3194119781255722,9.103678166866302e-05,4.013827070593834,1.2412225229199976,True,1.5028507520776322,True
capacity,13,298,4.021401051431894,0.32296800054609776,0.00010104849934577942,4.02150209993124,1.245274432003498,True,1.6425602008486575,True
capacity,13,299,4.632673924788833,0.32991194166243076,8.009374141693115e-05,4.63275401853025,1.2499339359346777,True,1.7362839190966077,True
capacity,13,300,4.026590846478939,0.3256639465689659,6.0070306062698364e-05,4.026650916785002,1.253992135869339,True,1.6036921552264807,True
capacity,13,301,4.009589087218046,0.32567395828664303,7.986091077327728e-05,4.0096689481288195,1.258027913980186,True,1.604510358603343,True
capacity,13,302,4.030016949400306,0.3294111229479313,8.987262845039368e-05,4.030106822028756,1.2620882978662848,True,1.5517755425264803,True
capacity,13,303,4.480084870010614,0.33332803286612034,0.00010104849934577942,4.48018591850996,1.2665950139053166,True,1.482560547770607,True
capacity,13,304,4.025378031656146,0.33511104993522167,8.102506399154663e-05,4.025459056720138,1.2706465020310134,True,1.367331496035231,True
capacity,13,305,4.039615159854293,0.33339904621243477,7.986091077327728e-05,4.039695020765066,1.2747126370668411,True,1.3044790489408686,True
capacity,13,306,4.027643008157611,0.335032120347023,8.987262845039368e-05,4.027732880786061,1.2787705769296736,True,1.3136104438052816,True
capacity,13,307,4.10464801825583,0.34237513318657875,7.986091077327728e-05,4.104727879166603,1.2829017948824912,True,1.3621622198385048,True
capacity,13,308,4.0460568852722645,0.33694482408463955,9.010545909404755e-05,4.0461469907313585,1.2869739509187639,True,1.3720925041211702,True
capacity,13,309,4.020940978080034,0.32982206903398037,8.009374141693115e-05,4.021021071821451,1.2910251489374787,True,1.2679728896188736,True
capacity,13,310,4.048131871968508,0.32981205731630325,0.00011012889444828033,4.048242000862956,1.2950995198916644,True,1.269275243316137,True
capacity,13,311,4.660445963963866,0.33087399788200855,0.00012014061212539673,4.660566104575992,1.2997862549964339,True,1.2498063422908072,True
capacity,13,312,4.043652908876538,0.3377269022166729,0.00011012889444828033,4.043763037770987,1.303861035965383,True,1.231186286289671,True
capacity,13,313,4.040447063744068,0.33695599995553493,0.00010011717677116394,4.040547180920839,1.3079274620395154,True,1.190095886348016,True
capacity,13,314,4.0440340526402,0.33765705302357674,0.00010011717677116394,4.044134169816971,1.312003897037357,True,1.1682137189319335,True
capacity,13,315,4.258357919752598,0.32959203235805035,9.010545909404755e-05,4.258448025211692,1.3162885839119554,True,1.202037138204954,True
capacity,13,316,4.028334049507976,0.3295009955763817,9.103678166866302e-05,4.028425086289644,1.3203580060508102,True,1.2697752799434616,True
capacity,13,317,4.032541997730732,0.32865884713828564,6.0070306062698364e-05,4.032602068036795,1.3244171380065382,True,1.3286683061371107,True
capacity,13,318,4.036979982629418,0.32765697687864304,8.102506399154663e-05,4.03706100769341,1.3284801070112735,True,1.3692660046401763,True
capacity,13,319,4.6492950059473515,0.3288998268544674,0.00010011717677116394,4.649395123124123,1.3331601100508124,True,1.391580817735849,True
capacity,13,320,4.026792012155056,0.32853009179234505,0.00010989606380462646,4.026901908218861,1.3372128899209201,True,1.3387441491419254,True
capacity,13,321,4.030386917293072,0.32818783074617386,8.009374141693115e-05,4.030467011034489,1.3412698169704527,True,1.352402842430122,True
capacity,13,322,4.045847104862332,0.32846909016370773,8.009374141693115e-05,4.045927198603749,1.345346603076905,True,1.3331134800084008,True
capacity,13,323,4.642821848392487,0.3351920749992132,0.00010011717677116394,4.642921965569258,1.350016445852816,True,1.2688260240701497,True
capacity,13,324,4.03343397192657,0.3285298589617014,0.00010011717677116394,4.033534089103341,1.3540764399804175,True,1.285592365121096,True
capacity,13,325,4.02734219096601,0.3288800362497568,9.988434612751007e-05,4.027442075312138,1.358129661064595,True,1.3324273111049687,True
capacity,13,326,4.02987701818347,0.3284499980509281,0.00010011717677116394,4.029977135360241,1.3621901150327176,True,1.3468882492563743,True
capacity,13,327,4.1762529872357845,0.3284299746155739,0.00010011717677116394,4.176353104412556,1.3663928180467337,True,1.3372467402072234,True
capacity,13,328,4.041187930852175,0.3274669870734215,8.102506399154663e-05,4.041268955916166,1.370460205944255,True,1.3130937546024248,True
capacity,13,329,4.022722830995917,0.32590399496257305,9.103678166866302e-05,4.022813867777586,1.3745087678544223,True,1.2513063817315615,True
capacity,13,330,4.028113093227148,0.3252930473536253,9.103678166866302e-05,4.028204130008817,1.3785674490500242,True,1.255332373250734,True
capacity,13,331,4.640989005565643,0.32610492780804634,8.009374141693115e-05,4.64106909930706,1.3832387949805707,True,1.8685712289889538,True
capacity,13,332,4.027782939374447,0.3251330927014351,8.987262845039368e-05,4.027872812002897,1.3872929578647017,True,1.8390154050083178,True
capacity,13,333,4.028765019029379,0.3259340301156044,0.00010011717677116394,4.02886513620615,1.3913480930496007,True,1.8292885338385911,True
capacity,13,334,4.010842181742191,0.32552401535212994,9.988434612751007e-05,4.010942066088319,1.3953853340353817,True,1.839561492253197,True
capacity,13,335,4.586066119372845,0.3287100698798895,9.988434612751007e-05,4.586166003718972,1.3999983500689268,True,1.8355198304915912,True
capacity,13,336,4.008876858279109,0.32499292865395546,7.008202373981476e-05,4.008946940302849,1.4040387058630586,True,1.850813664767757,True
capacity,13,337,4.06398088671267,0.32647489570081234,0.00010011717677116394,4.0640810038894415,1.4081290469039232,True,1.7982883078980099,True
capacity,13,338,4.041357897222042,0.3294609487056732,0.00010011717677116394,4.041458014398813,1.4121987589169294,True,1.7410278078305454,True
capacity,13,339,4.104166990146041,0.33163512125611305,9.988434612751007e-05,4.104266874492168,1.4163309389259666,True,1.776719898423254,True
capacity,13,340,4.0283240377902985,0.3277768846601248,0.00012107193470001221,4.0284451097249985,1.4203860440757126,True,1.7610973132739667,True
capacity,13,341,4.030928947031498,0.32771797850728035,0.00011012889444828033,4.031039075925946,1.4244526999536902,True,1.686901215411716,True
capacity,13,342,4.0380628779530525,0.32658595591783524,0.00010011717677116394,4.038162995129824,1.4285176128614694,True,1.6125366642624956,True
capacity,13,343,4.579954082146287,0.32740808092057705,9.010545909404755e-05,4.580044187605381,1.433124477043748,True,1.5699660676079956,True
capacity,13,344,4.0249270386993885,0.3257240168750286,0.00010104849934577942,4.025028087198734,1.4371760350186378,True,1.5131458270136597,True
capacity,13,345,4.023014102131128,0.32645510509610176,9.988434612751007e-05,4.023113986477256,1.4412254190538079,True,1.4930503828188844,True
capacity,13,346,4.018665989860892,0.32692612148821354,9.988434612751007e-05,4.01876587420702,1.4452748028561473,True,1.497292992320275,True
capacity,13,347,4.61739394813776,0.32753683626651764,9.010545909404755e-05,4.617484053596854,1.4499187669716775,True,1.4702630038382902,True
capacity,13,348,4.042621003463864,0.32591517083346844,8.987262845039368e-05,4.042710876092315,1.4539933179039508,True,1.4475254265643662,True
capacity,13,349,4.019086016342044,0.3269859589636326,8.102506399154663e-05,4.019167041406035,1.4580385440494865,True,1.4144548690726035,True
capacity,13,350,4.033783916383982,0.32670609652996063,0.00010104849934577942,4.0338849648833275,1.4620984878856689,True,1.3862243726772703,True
capacity,13,351,4.093708004802465,0.32902020029723644,0.00010989606380462646,4.09381790086627,1.4662252778653055,True,1.3871811115057537,True
capacity,13,352,4.034877056255937,0.3271070308983326,8.987262845039368e-05,4.034966928884387,1.4702865639701486,True,1.3914376693957016,True
capacity,13,353,4.028364084661007,0.32596406526863575,0.00011012889444828033,4.028474213555455,1.4743415680713952,True,1.4193190473063213,True
capacity,13,354,4.032272147014737,0.32680598087608814,9.988434612751007e-05,4.032372031360865,1.4784000390209258,True,1.4502732591151086,True
capacity,13,355,4.64621908031404,0.328439986333251,7.986091077327728e-05,4.6462989412248135,1.4830725169740617,True,1.4090258658207429,True
capacity,13,356,4.036468919366598,0.32585393637418747,7.101334631443024e-05,4.036539932712913,1.487140605924651,True,1.3977100543009155,True
capacity,13,357,4.010249860584736,0.32589398324489594,0.00010104849934577942,4.010350909084082,1.491177145857364,True,1.4042904689594489,True
capacity,13,358,4.0382330771535635,0.3302630502730608,0.00010011717677116394,4.038333194330335,1.4952420990448445,True,1.3568606675246946,True
capacity,13,359,4.617234924808145,0.331374816596508,0.00012014061212539673,4.61735506542027,1.4998863639775664,True,1.3646369168121497,True
capacity,13,360,4.082695813849568,0.3400410059839487,8.009374141693115e-05,4.082775907590985,1.5040015808772296,True,1.3937111413351209,True
capacity,13,361,4.063330125063658,0.3363541327416897,5.9837475419044495e-05,4.063389962539077,1.5081023119855672,True,1.4078285242517712,True
capacity,13,362,4.0631399024277925,0.34658401273190975,7.008202373981476e-05,4.063209984451532,1.5122010989580303,True,1.4264480068936027,True
capacity,13,363,4.34416881762445,0.33589289523661137,9.103678166866302e-05,4.344259854406118,1.5165773988701403,True,1.4273735557493523,True
capacity,13,364,4.035488003864884,0.3280790988355875,9.988434612751007e-05,4.035587888211012,1.5206428829114884,True,1.4094542236939216,True
capacity,13,365,4.068510141223669,0.3311240579932928,8.987262845039368e-05,4.0686000138521194,1.5247389150317758,True,1.4472255289616691,True
capacity,13,366,4.220014903694391,0.38604787550866604,0.00018998980522155762,4.220204893499613,1.5290047458838671,True,1.3856371033943544,True
capacity,13,367,4.233911167830229,0.40535395964980125,0.00011990778148174286,4.2340310756117105,1.533278773073107,True,1.3930002866076237,True
capacity,13,368,4.097876138985157,0.3380381967872381,7.986091077327728e-05,4.09795599989593,1.5374084590002894,True,1.3101171832567002,True
capacity,13,369,4.061806946992874,0.33792690373957157,9.103678166866302e-05,4.061897983774543,1.5415015649050474,True,1.3051277329463984,True
capacity,13,370,4.051567986607552,0.328318914398551,0.00010011717677116394,4.051668103784323,1.545586816035211,True,1.2946932602839676,True
capacity,13,371,4.635808989405632,0.3344810102134943,8.987262845039368e-05,4.635898862034082,1.5502507479395717,True,1.2892129628897342,True
capacity,13,372,4.065122921019793,0.32977107912302017,0.00010989606380462646,4.065232817083597,1.5543447858653963,True,1.3129923326670476,True
capacity,13,373,4.050145158544183,0.32596406526863575,9.988434612751007e-05,4.05024504289031,1.5584276830777526,True,1.2595126745497152,True
capacity,13,374,4.297130974009633,0.320865074172616,9.010545909404755e-05,4.297221079468727,1.562752024969086,True,1.1440708807798565,True
capacity,13,375,4.176944959908724,0.3355529624968767,0.00010011717677116394,4.177045077085495,1.5669572530314326,True,1.0552602939709035,True
capacity,13,376,4.035548074170947,0.3324970602989197,7.986091077327728e-05,4.03562793508172,1.5710281969513744,True,0.9780442577002388,True
capacity,13,377,4.0689199231565,0.34322706051170826,0.00010104849934577942,4.069020971655846,1.57512496993877,True,1.555722036185706,True
capacity,13,378,4.068128997460008,0.31979288905858994,8.009374141693115e-05,4.068209091201425,1.579220701009035,True,1.6045218382999287,True
capacity,13,379,4.536452004685998,0.3572939895093441,0.00013993121683597565,4.536591935902834,1.5837924389634281,True,1.7142558975497952,True
capacity,13,380,4.09330683760345,0.3350719343870878,9.010545909404755e-05,4.093396943062544,1.5879200908821076,True,1.6730170582546913,True
capacity,13,381,4.054192220792174,0.324371038004756,8.987262845039368e-05,4.054282093420625,1.5920087380800396,True,1.6140935179860887,True
capacity,13,382,4.060253966599703,0.3267358988523483,9.103678166866302e-05,4.0603450033813715,1.5960967550054193,True,1.6143747279854987,True
capacity,13,383,4.6766470186412334,0.33198599703609943,0.00010011717677116394,4.676747135818005,1.6008028769865632,True,1.5317477260370824,True
capacity,13,384,4.045567009598017,0.3375769592821598,0.00010011717677116394,4.045667126774788,1.6048828680068254,True,1.529168918602416,True
capacity,13,385,4.051709081977606,0.3373760264366865,9.988434612751007e-05,4.051808966323733,1.6089633810333908,True,1.5077781929315912,True
capacity,13,386,4.3624232057482,0.32771704718470573,0.00010081566870212555,4.3625240214169025,1.6133607900701463,True,1.515108671349224,True
capacity,13,387,4.162156023085117,0.33150496892631054,8.987262845039368e-05,4.162245895713568,1.617553022922948,True,1.5201562521301963,True
capacity,13,388,4.1116210632026196,0.33690501004457474,9.988434612751007e-05,4.111720947548747,1.621695291949436,True,1.5595462944816412,True
capacity,13,389,4.096201853826642,0.3412140067666769,0.00011012889444828033,4.09631198272109,1.6258224619086832,True,1.5911846084420824,True
capacity,13,390,5.4247460793703794,0.4164550919085741,0.00012107193470001221,5.4248671513050795,1.6312886970117688,True,1.6346492936381398,True
capacity,13,391,4.085371037945151,0.3240699879825115,0.00010104849934577942,4.085472086444497,1.6354067199863493,True,1.7545879516332352,True
capacity,13,392,4.052930977195501,0.32373983412981033,0.00010011717677116394,4.0530310943722725,1.6394888160284609,True,1.6814885349222455,True
capacity,13,393,4.063499858602881,0.32706698402762413,8.009374141693115e-05,4.063579952344298,1.6435802879277617,True,1.7805436465789577,True
capacity,13,394,4.6573299914598465,0.32756803557276726,8.987262845039368e-05,4.657419864088297,1.648271000944078,True,1.7262525670332876,True
capacity,13,395,4.054404096677899,0.3333089407533407,9.010545909404755e-05,4.054494202136993,1.6523551810532808,True,1.6747737054098188,True
capacity,13,396,4.054592922329903,0.33044302836060524,0.00010011717677116394,4.054693039506674,1.6564428759738803,True,1.6364365391688636,True
capacity,13,397,4.071295028552413,0.33967988565564156,0.00010011717677116394,4.071395145729184,1.6605409220792353,True,1.613822021017667,True
capacity,13,398,4.63677104562521,0.3396200481802225,9.103678166866302e-05,4.6368620824068785,1.6652050849515945,True,1.5742397942706388,True
capacity,13,399,4.039874998852611,0.33273687586188316,0.00010104849934577942,4.039976047351956,1.6692741550505161,True,1.4467133185097458,True
capacity,13,400,4.0464079938828945,0.3280180972069502,8.987262845039368e-05,4.046497866511345,1.6733544268645346,True,1.4295368014561727,True
capacity,13,401,4.034474957734346,0.3244208637624979,7.008202373981476e-05,4.034545039758086,1.6774162240326405,True,1.36482665289232,True
capacity,13,402,4.561529029160738,0.32223714515566826,0.00010104849934577942,4.561630077660084,1.6820043539628386,True,1.335444317064876,True
capacity,13,403,4.026180133223534,0.3211761359125376,9.988434612751007e-05,4.026280017569661,1.6860572639852762,True,1.208471733482727,True
capacity,13,404,4.062828840687871,0.32170582562685013,8.009374141693115e-05,4.062908934429288,1.6901465528644621,True,1.2157766314461436,True
capacity,13,405,4.015188897028565,0.3221267834305763,9.010545909404755e-05,4.0152790024876595,1.6941930509638041,True,1.1782568696224847,True
capacity,13,406,4.620220046490431,0.32321992330253124,7.986091077327728e-05,4.620299907401204,1.6988445799797773,True,1.0780743342379837,True
capacity,13,407,4.036047961562872,0.3359729889780283,0.00010989606380462646,4.036157857626677,1.702908119885251,True,1.035388863184189,True
capacity,13,408,4.025388974696398,0.32896106131374836,9.988434612751007e-05,4.025488859042525,1.7069606299046427,True,1.0044568988199412,True
capacity,13,409,4.011813085526228,0.3230990841984749,0.00010989606380462646,4.011922981590033,1.7110041929408908,True,1.1677398552425176,True
capacity,13,410,4.618637030944228,0.3339389804750681,0.00010011717677116394,4.618737148120999,1.7156493000220507,True,1.2375677594586751,True
capacity,13,411,4.034094978123903,0.34294603392481804,0.0001501757651567459,4.03424515388906,1.7197153950110078,True,1.4563550081497534,True
capacity,13,412,4.0352370124310255,0.33591408282518387,7.986091077327728e-05,4.035316873341799,1.7237775318790227,True,1.3803211201127987,True
capacity,13,413,4.062217893078923,0.34609180875122547,9.010545909404755e-05,4.062307998538017,1.7278664009645581,True,1.3191601475679686,True
capacity,13,414,4.607615992426872,0.3490978851914406,0.00010989606380462646,4.607725888490677,1.7325003859587014,True,1.2782081062654673,True
capacity,13,415,4.051036899909377,0.33564306795597076,0.00010011717677116394,4.051137017086148,1.7365798868704587,True,1.2909927007397641,True
capacity,13,416,4.058821126818657,0.3462631721049547,7.986091077327728e-05,4.05890098772943,1.740673644002527,True,1.2751556306271914,True
capacity,13,417,4.059513099491596,0.3416440449655056,0.00010989606380462646,4.059622995555401,1.744760629022494,True,1.2640538144183202,True
capacity,13,418,4.6202498488128185,0.35058101639151573,0.00010011717677116394,4.62034996598959,1.7494084008503705,True,1.2873692583486278,True
capacity,13,419,4.055514931678772,0.33173500560224056,9.103678166866302e-05,4.055605968460441,1.753495765849948,True,1.2650856443284648,True
capacity,13,420,4.047059919685125,0.3359639085829258,7.008202373981476e-05,4.047130001708865,1.7575696359854192,True,1.2121201615914814,True
capacity,13,421,4.0542930364608765,0.34405896440148354,9.010545909404755e-05,4.0543831419199705,1.7616510100197047,True,1.2174650759756982,True
capacity,13,422,4.662770079448819,0.3392491489648819,9.988434612751007e-05,4.662869963794947,1.7663409810047597,True,1.247242069865352,True
capacity,13,423,4.062458872795105,0.339349964633584,9.010545909404755e-05,4.062548978254199,1.77043104195036,True,1.2106010677721937,True
capacity,13,424,4.034715937450528,0.33905915915966034,0.00010989606380462646,4.034825833514333,1.7744927478488535,True,1.1768891405142823,True
capacity,13,425,4.0587508119642735,0.3368349280208349,0.00011012889444828033,4.058860940858722,1.7785792818758637,True,1.1942048852703107,True
capacity,13,426,4.647360881790519,0.35706302151083946,0.00010104849934577942,4.6474619302898645,1.7832587738521397,True,1.224067356176081,True
capacity,13,427,4.044454079121351,0.3354721702635288,8.987262845039368e-05,4.044543951749802,1.7873372719623148,True,1.1815951766192223,True
capacity,13,428,4.572239005938172,0.34177396446466446,0.00011082738637924194,4.572349833324552,1.791938355891034,True,1.1367812201923277,True
capacity,13,429,4.38821199350059,0.348465982824564,0.00011082738637924194,4.38832282088697,1.7963666538707912,True,1.1370515194049082,True
capacity,13,430,4.10305499099195,0.34042191691696644,0.00010011717677116394,4.103155108168721,1.8004984629806131,True,1.1627850452323003,True
capacity,13,431,4.061497049406171,0.33884914591908455,0.00010989606380462646,4.0616069454699755,1.8045875919051468,True,1.0583000121825967,True
capacity,13,432,4.067457979544997,0.3426459152251482,8.009374141693115e-05,4.067538073286414,1.8086830920074135,True,1.0177997303406605,True
capacity,13,433,4.110479028895497,0.3542071208357811,0.00011106021702289581,4.11059008911252,1.8128271449822932,True,1.0708651038867159,True
capacity,13,434,4.351002164185047,0.35445811226963997,8.987262845039368e-05,4.3510920368134975,1.8172116400673985,True,1.087245832352026,True
capacity,13,435,4.787776153534651,0.3429760690778494,9.988434612751007e-05,4.787876037880778,1.822032799012959,True,0.9714479892799099,True
capacity,13,436,4.092655144631863,0.35192398354411125,0.00010989606380462646,4.092765040695667,1.8261655990500003,True,0.8305697377855529,True
capacity,13,437,4.36676200479269,0.33500115387141705,8.102506399154663e-05,4.366843029856682,1.8305642718914896,True,0.8833937182972184,True
capacity,13,438,4.1177230887115,0.33780699595808983,8.987262845039368e-05,4.117812961339951,1.8347193850204349,True,0.856970285896447,True
capacity,13,439,4.04782104305923,0.3425960894674063,9.988434612751007e-05,4.047920927405357,1.8388040149584413,True,0.8586498270859333,True
capacity,13,440,4.04088688082993,0.33827684819698334,0.00010104849934577942,4.040987929329276,1.842875018948689,True,0.8447100226669051,True
capacity,13,441,4.563453141599894,0.3373159561306238,9.988434612751007e-05,4.563553025946021,1.8474672760348767,True,0.9017319128619632,True
capacity,13,442,4.048131173476577,0.332667026668787,9.988434612751007e-05,4.048231057822704,1.8515459350310266,True,0.851555552453594,True
capacity,13,443,4.05682809650898,0.32903021201491356,8.987262845039368e-05,4.05691796913743,1.8556319179479033,True,0.7664578299134859,True
capacity,13,444,4.044774919748306,0.3371748607605696,0.00011106021702289581,4.044885979965329,1.8597061189357191,True,0.6910024119000775,True
capacity,13,445,4.355860874056816,0.3378367982804775,9.010545909404755e-05,4.35595097951591,1.8640909339301288,True,0.6808577732761582,True
capacity,13,446,4.088416928425431,0.3303820267319679,8.102506399154663e-05,4.088497953489423,1.8682144379708916,True,0.6611187370641222,True
capacity,13,447,4.0481211617589,0.33136410638689995,9.988434612751007e-05,4.048221046105027,1.8722906520124525,True,0.6493521501074077,True
capacity,13,448,4.036839818581939,0.3296108916401863,0.00011012889444828033,4.036949947476387,1.876360233873129,True,0.6411914403586128,True
capacity,13,449,4.563271999359131,0.33142510801553726,8.987262845039368e-05,4.563361871987581,1.8809557368513197,True,0.6673363842400346,True
capacity,13,450,4.031270043924451,0.32908120192587376,7.986091077327728e-05,4.031349904835224,1.8850142979063094,True,0.6696042344284867,True
capacity,13,451,4.020750056952238,0.3283789847046137,9.988434612751007e-05,4.020849941298366,1.8890623999759555,True,0.6597822406177724,True
capacity,13,452,4.045185167342424,0.3298511728644371,9.103678166866302e-05,4.045276204124093,1.893134145066142,True,0.6847606203826004,True
capacity,13,453,4.6097401063889265,0.3291510511189699,7.008202373981476e-05,4.609810188412666,1.8977708560414612,True,0.6756510310889163,True
capacity,13,454,4.046898800879717,0.3352819476276636,0.00010011717677116394,4.046998918056488,1.9018451168667525,True,0.7353358056005392,True
capacity,13,455,4.036528989672661,0.33841817639768124,0.00010081566870212555,4.036629805341363,1.9059091878589243,True,0.6832105302359116,True
capacity,13,456,4.040527855977416,0.3292509354650974,9.010545909404755e-05,4.04061796143651,1.9099928168579936,True,0.6861809784465743,True
capacity,13,457,4.607065115123987,0.3327971789985895,8.987262845039368e-05,4.607154987752438,1.914626721991226,True,0.6850735835216537,True
capacity,13,458,4.04470507055521,0.3375860396772623,9.988434612751007e-05,4.044804954901338,1.918703116942197,True,0.6779580333625154,True
capacity,13,459,4.035657038912177,0.3340889234095812,0.00011106021702289581,4.0357680991292,1.922765715047717,True,0.6953162662544804,True
capacity,13,460,4.036179045215249,0.33593294210731983,9.988434612751007e-05,4.036278929561377,1.9268336140085012,True,0.6693720464865361,True
capacity,13,461,4.622745094820857,0.33701607026159763,9.988434612751007e-05,4.622844979166985,1.9314830990042537,True,0.6561958016884472,True
capacity,13,462,4.056507954373956,0.3308940213173628,0.00010989606380462646,4.05661785043776,1.9355663969181478,True,0.6565144670115461,True
capacity,13,463,4.037461010739207,0.32991194166243076,9.010545909404755e-05,4.037551116198301,1.9396310290321708,True,0.6747166547561293,True
capacity,14,0,3.7815889809280634,0.3268360160291195,6.0070306062698364e-05,3.781649051234126,0.003801437094807625,False,,
capacity,14,1,4.239792004227638,0.3213249146938324,0.0001310836523771286,4.239923087880015,0.008063431130722165,False,,
capacity,14,2,3.8386459928005934,0.3287300933152437,0.00010989606380462646,3.838755888864398,0.01192951900884509,False,,
capacity,14,3,3.778924001380801,0.3297820221632719,0.00011990778148174286,3.779043909162283,0.015730804996564984,False,,
capacity,14,4,3.789403010159731,0.32275798730552197,9.988434612751007e-05,3.7895028945058584,0.019542230060324073,False,,
capacity,14,5,3.7766790483146906,0.3197931218892336,9.988434612751007e-05,3.776778932660818,0.023340851068496704,False,,
capacity,14,6,3.8713279645889997,0.3230688162147999,0.00010011717677116394,3.871428081765771,0.027234692126512527,False,,
capacity,14,7,3.791647031903267,0.33012195490300655,0.000141095370054245,3.791788127273321,0.031048441072925925,False,,
capacity,14,8,3.806035965681076,0.3342609852552414,0.00013993121683597565,3.806175896897912,0.034876839024946094,False,,
capacity,14,9,3.783382009714842,0.33431011252105236,0.00011990778148174286,3.7835019174963236,0.03868273296393454,False,,
capacity,14,10,4.259299021214247,0.3267561551183462,0.00014994293451309204,4.25944896414876,0.04296466498635709,False,,
capacity,14,11,3.850538982078433,0.33461092971265316,0.00010011717677116394,3.850639099255204,0.046838408103212714,False,,
capacity,14,12,3.7965269293636084,0.33726589754223824,0.00012991949915885925,3.796656848862767,0.05066485097631812,False,,
capacity,14,13,3.80034395493567,0.3269459120929241,0.00012014061212539673,3.8004640955477953,0.05448823911137879,False,,
capacity,14,14,3.7897638976573944,0.32700691372156143,0.00012991949915885925,3.7898938171565533,0.058300785953179,False,,
capacity,14,15,4.642242100089788,0.33352896571159363,0.00013993121683597565,4.642382031306624,0.0629668531473726,False,,
capacity,14,16,4.0163821540772915,0.33584306947886944,0.00013993121683597565,4.0165220852941275,0.06701216916553676,False,,
capacity,14,17,3.998778061941266,0.3328779712319374,0.00012991949915885925,3.998907981440425,0.07104097306728363,False,,
capacity,14,18,4.598598927259445,0.3320558462291956,0.00012014061212539673,4.598719067871571,0.07566318707540631,False,,
capacity,14,19,4.019477870315313,0.3321859985589981,0.00011012889444828033,4.019587999209762,0.07970731100067496,False,,
capacity,14,20,4.011471988633275,0.3281079698354006,0.00011012889444828033,4.011582117527723,0.08374220714904368,False,,
capacity,14,21,3.992126090452075,0.3258839715272188,0.00012991949915885925,3.992256009951234,0.08775752712972462,False,,
capacity,14,22,4.615470999851823,0.3272769972681999,0.00010989606380462646,4.6155808959156275,0.09240174200385809,False,,
capacity,14,23,3.990733064711094,0.3279580269008875,0.00011012889444828033,3.990843193605542,0.09641649015247822,False,,
capacity,14,24,3.9846121799200773,0.3239510115236044,0.00010989606380462646,3.984722075983882,0.10042617912404239,False,,
capacity,14,25,3.993056947365403,0.31991302967071533,0.00013993121683597565,3.993196878582239,0.10444294102489948,False,,
capacity,14,26,4.293564008548856,0.3200329374521971,0.00012107193470001221,4.293685080483556,0.10875960905104876,False,,
capacity,14,27,4.068159032613039,0.32738689333200455,0.00010989606380462646,4.068268928676844,0.11285190307535231,False,,
capacity,14,28,4.019757965579629,0.33267796970903873,0.00011990778148174286,4.019877873361111,0.11689559603109956,False,,
capacity,14,29,3.988949116319418,0.33268705010414124,0.00013085082173347473,3.9890799671411514,0.12090807012282312,False,,
capacity,14,30,4.3285200372338295,0.3318751696497202,0.00013085082173347473,4.328650888055563,0.12525953399017453,False,,
capacity,14,31,4.0468990337103605,0.3266360145062208,0.00012991949915885925,4.047028953209519,0.1293298969976604,False,,
capacity,14,32,4.004399059340358,0.32389117404818535,0.00011990778148174286,4.0045189671218395,0.1333636010531336,False,,
capacity,14,33,4.003285896033049,0.32449187710881233,0.00012014061212539673,4.003406036645174,0.13738955999724567,False,,
capacity,14,34,4.584642127156258,0.3260041121393442,9.988434612751007e-05,4.584742011502385,0.14199658506549895,False,,
capacity,14,35,4.086513072252274,0.3383578732609749,0.0001909211277961731,4.08670399338007,0.14610711415298283,True,0.008749578088217557,False
capacity,14,36,4.072978161275387,0.3356721717864275,0.0001708976924419403,4.073149058967829,0.1502103901002556,True,0.003172196324135673,False
capacity,14,37,4.085490945726633,0.3432370722293854,0.00017997808754444122,4.0856709238141775,0.1543266789522022,True,0.0,False
capacity,14,38,4.6451271045953035,0.3310039173811674,8.987262845039368e-05,4.645216977223754,0.1590018931310624,True,0.0,False
capacity,14,39,4.095400217920542,0.34364801831543446,7.986091077327728e-05,4.095480078831315,0.16313651716336608,True,0.0,False
capacity,14,40,4.087484907358885,0.3449697978794575,0.00011106021702289581,4.087595967575908,0.16725380904972553,True,0.0,False
capacity,14,41,4.054624121636152,0.33481093123555183,9.988434612751007e-05,4.05472400598228,0.17133796913549304,True,0.0,False
capacity,14,42,4.652159987017512,0.3315950743854046,9.010545909404755e-05,4.652250092476606,0.176025205058977,True,0.0,False
capacity,14,43,4.047410096973181,0.33623422496020794,0.00011990778148174286,4.0475300047546625,0.18010293203406036,True,0.0,False
capacity,14,44,4.031229997053742,0.33211614936590195,9.988434612751007e-05,4.03132988139987,0.18416313594207168,True,0.0,False
capacity,14,45,4.056608071550727,0.32891007140278816,9.010545909404755e-05,4.056698177009821,0.18825451913289726,True,0.0,False
capacity,14,46,4.640798084437847,0.331053975969553,8.987262845039368e-05,4.6408879570662975,0.19292290904559195,True,0.0,False
capacity,14,47,4.059463040903211,0.34000095911324024,7.986091077327728e-05,4.059542901813984,0.1970152440480888,True,0.0,False
capacity,14,48,4.0409069042652845,0.33888895995914936,0.00010011717677116394,4.041007021442056,0.2010868489742279,True,0.0038179436058781084,False
capacity,14,49,4.031830932945013,0.33466098830103874,8.009374141693115e-05,4.03191102668643,0.20515353605151176,True,0.0,False
capacity,14,50,4.655766999348998,0.3410130739212036,0.00011012889444828033,4.655877128243446,0.2098381770774722,True,0.0,False
capacity,14,51,4.040808184072375,0.33661513589322567,8.987262845039368e-05,4.040898056700826,0.21390886115841568,True,0.0,False
capacity,14,52,4.06236806884408,0.3339499235153198,9.010545909404755e-05,4.062458174303174,0.21800519316457212,True,0.00153550966534146,False
capacity,14,53,4.0517381858080626,0.33361813984811306,9.080395102500916e-05,4.051828989759088,0.22208901215344667,True,0.0066709860315489105,False
capacity,14,54,4.655616823583841,0.3395599778741598,8.009374141693115e-05,4.655696917325258,0.22677504597231746,True,0.011806462397756366,False
capacity,14,55,4.050957038998604,0.333559000864625,8.987262845039368e-05,4.051046911627054,0.23085643001832068,True,0.0158007217936955,False
capacity,14,56,4.056085832417011,0.33727497793734074,0.00010104849934577942,4.056186880916357,0.23494266299530864,True,0.0186537642193663,False
capacity,14,57,4.0584709495306015,0.33620395697653294,0.00010989606380462646,4.058580845594406,0.23903024895116687,True,0.021506806645037107,False
capacity,14,58,4.6549451071769,0.3334791399538517,9.988434612751007e-05,4.655044991523027,0.24371944810263813,True,0.04073797630230744,False
capacity,14,59,4.08204598352313,0.3363641444593668,0.00010989606380462646,4.082155879586935,0.2478349469602108,True,0.07940903165576511,False
capacity,14,60,4.081184044480324,0.34294696524739265,8.009374141693115e-05,4.081264138221741,0.2519486921373755,True,0.07840383381370387,False
capacity,14,61,4.062818828970194,0.3374158404767513,9.010545909404755e-05,4.062908934429288,0.25604397198185325,True,0.040645005552864974,False
capacity,14,62,4.679111065343022,0.3440489526838064,8.987262845039368e-05,4.679200937971473,0.26076139509677887,True,0.08992813656037844,False
capacity,14,63,4.06592502258718,0.33354898914694786,0.00017997808754444122,4.066105000674725,0.264860853087157,True,0.09962544279633588,False
capacity,14,64,4.07215696759522,0.33727590925991535,0.00010011717677116394,4.072257084771991,0.2689644091296941,True,0.16342472635720293,False
capacity,14,65,4.365068860352039,0.33339904621243477,0.00010011717677116394,4.3651689775288105,0.27336615696549416,True,0.21692195184899832,False
capacity,14,66,4.079900914803147,0.33028190955519676,9.103678166866302e-05,4.079991951584816,0.27747605508193374,True,0.1747726228358967,False
capacity,14,67,4.024917958304286,0.32700691372156143,9.988434612751007e-05,4.0250178426504135,0.28152842400595546,True,0.2035495797267304,False
capacity,14,68,4.024076042696834,0.3254029434174299,8.102506399154663e-05,4.024157067760825,0.2855845910962671,True,0.3813710170809618,False
capacity,14,69,4.348476883023977,0.3237698692828417,0.00010011717677116394,4.348577000200748,0.28995970799587667,True,0.40183598322300695,False
capacity,14,70,4.072727868333459,0.33101392909884453,8.009374141693115e-05,4.072807962074876,0.2940598779823631,True,0.4432918879906284,False
capacity,14,71,4.042729968205094,0.32976106740534306,8.102506399154663e-05,4.042810993269086,0.29812890803441405,True,0.3196662940070036,False
capacity,14,72,4.037190927192569,0.3298819065093994,9.010545909404755e-05,4.037281032651663,0.30219755903817713,True,0.43655380723247356,False
capacity,14,73,4.023715853691101,0.3227689303457737,0.00012014061212539673,4.0238359943032265,0.30624815495684743,True,0.3479754969396526,False
capacity,14,74,4.628265043720603,0.3239510115236044,9.988434612751007e-05,4.6283649280667305,0.3109032700303942,True,0.28535069792004053,False
capacity,14,75,4.037309903651476,0.33230590634047985,9.103678166866302e-05,4.037400940433145,0.31496888399124146,True,0.3315237808811037,False
capacity,14,76,4.03336388990283,0.33024302683770657,0.00010011717677116394,4.033464007079601,0.31902925902977586,True,0.3716112285976535,False
capacity,14,77,4.346724832430482,0.3271468449383974,9.010545909404755e-05,4.346814937889576,0.3234069619793445,True,0.396027299516407,False
capacity,14,78,4.095791140571237,0.32681599259376526,0.00010081566870212555,4.095891956239939,0.32753518410027027,True,0.4173736405644975,False
capacity,14,79,4.04107803478837,0.32626488246023655,8.009374141693115e-05,4.041158128529787,0.33160353312268853,True,0.4575397289419822,False
capacity,14,80,4.0364491287618876,0.3235300537198782,7.986091077327728e-05,4.036528989672661,0.33566627209074795,True,0.5518293271054897,False
capacity,14,81,4.017123021185398,0.3212061710655689,0.00010989606380462646,4.017232917249203,0.3397099149879068,True,0.5640732842388231,False
capacity,14,82,4.086273023858666,0.32415101304650307,0.00010989606380462646,4.086382919922471,0.3438273270148784,True,0.5596756415571326,False
capacity,14,83,4.031580174341798,0.3252930473536253,9.988434612751007e-05,4.031680058687925,0.3478852871339768,True,0.474057141513737,False
capacity,14,84,4.049513954669237,0.33214595168828964,7.008202373981476e-05,4.049584036692977,0.3519621919840574,True,0.444907146901737,False
capacity,14,85,4.037141101434827,0.33388007432222366,8.009374141693115e-05,4.037221195176244,0.3560262741521001,True,0.5077409232862443,False
capacity,14,86,4.632753087207675,0.33179507590830326,9.988434612751007e-05,4.6328529715538025,0.36068612802773714,True,0.4966590003987582,False
capacity,14,87,4.0264909621328115,0.3265759442001581,9.010545909404755e-05,4.026581067591906,0.36474001104943454,True,0.5463584472942781,False
capacity,14,88,4.029345931485295,0.32520294189453125,0.00011012889444828033,4.029456060379744,0.3688014370854944,True,0.5063750337610845,False
capacity,14,89,4.042080137878656,0.32608513720333576,0.00010989606380462646,4.042190033942461,0.37287402409128845,True,0.475542916898442,False
capacity,14,90,4.073629155755043,0.3346111625432968,7.986091077327728e-05,4.073709016665816,0.3769744241144508,True,0.4815207774011487,False
capacity,14,91,4.028654191643,0.3315252251923084,8.079223334789276e-05,4.0287349838763475,0.38102915813215077,True,0.4381265582038826,False
capacity,14,92,4.0873149409890175,0.33087399788200855,8.009374141693115e-05,4.087395034730434,0.38514735107310116,True,0.4410353900196925,False
capacity,14,93,5.396293010562658,0.3681739326566458,8.009374141693115e-05,5.396373104304075,0.3905738811008632,True,0.45363244355573235,False
capacity,14,94,4.105499945580959,0.342224957421422,7.986091077327728e-05,4.105579806491733,0.39471266395412385,True,0.45249267988933645,False
capacity,14,95,4.128823056817055,0.33384887501597404,0.00010011717677116394,4.128923173993826,0.3988729161210358,True,0.4356071452749065,False
capacity,14,96,4.395856987684965,0.33778720535337925,0.00012991949915885925,4.395986907184124,0.4032974769361317,True,0.48378436067624725,False
capacity,14,97,4.611093085259199,0.33092405647039413,0.00011990778148174286,4.611212993040681,0.4079424540977925,True,0.49168010582405075,False
capacity,14,98,4.124846076592803,0.34162402153015137,7.986091077327728e-05,4.124925937503576,0.41209809808060527,True,0.5025137644174893,False
capacity,14,99,4.441743949428201,0.3860178403556347,0.00010011717677116394,4.441844066604972,0.41656984807923436,True,0.49243451374629443,False
capacity,14,100,4.17840713635087,0.3515430726110935,0.00010989606380462646,4.178517032414675,0.42078477307222784,True,0.49072956430246545,False
capacity,14,101,4.768219077959657,0.3481060266494751,0.00010989606380462646,4.768328974023461,0.4255845120642334,True,0.4806907207615772,False
capacity,14,102,4.109677858650684,0.35838596522808075,9.010545909404755e-05,4.109767964109778,0.4297392040025443,True,0.4617027476052487,False
capacity,14,103,4.136347910389304,0.3312251064926386,9.988434612751007e-05,4.136447794735432,0.433906459948048,True,0.4857727808665673,False
capacity,14,104,4.033653996884823,0.3419439308345318,9.988434612751007e-05,4.03375388123095,0.4379681870341301,True,0.48234652724087296,False
capacity,14,105,4.7581198159605265,0.3345808945596218,0.00010011717677116394,4.758219933137298,0.44275369797833264,True,0.46982115866107327,False
capacity,14,106,4.104587947949767,0.3785740118473768,0.00011012889444828033,4.104698076844215,0.44688656902872026,True,0.4491806148827294,False
capacity,14,107,4.036949947476387,0.3355818334966898,9.010545909404755e-05,4.037040052935481,0.45095724309794605,True,0.4357145560648096,False
capacity,14,108,4.058892140164971,0.3417741972953081,9.988434612751007e-05,4.058992024511099,0.45504421810619533,True,0.45313462094626317,False
capacity,14,109,4.750815918669105,0.3335790242999792,0.00010011717677116394,4.750916035845876,0.4598220749758184,True,0.4606798358728872,False
capacity,14,110,4.066616063937545,0.34177396446466446,0.00010104849934577942,4.066717112436891,0.46391944913193583,True,0.5300513100084671,False
capacity,14,111,4.034186014905572,0.33921003341674805,8.009374141693115e-05,4.034266108646989,0.46798214805312455,True,0.6382329864164334,False
capacity,14,112,4.032661905512214,0.3308339510113001,9.988434612751007e-05,4.032761789858341,0.47204901394434273,True,0.5992326809837175,False
capacity,14,113,4.787395009770989,0.4032999277114868,9.988434612751007e-05,4.787494894117117,0.4768665060400963,True,0.6975686336446768,False
capacity,14,114,4.035236779600382,0.33416994847357273,8.009374141693115e-05,4.035316873341799,0.4809287339448929,True,0.6917081376197017,False
capacity,14,115,4.0378819685429335,0.33050309866666794,6.984919309616089e-05,4.03795181773603,0.48499375698156655,True,0.6530125351308275,True
capacity,14,116,4.1064610704779625,0.33228611573576927,9.988434612751007e-05,4.10656095482409,0.4891271290834993,True,0.5267481717602318,False
capacity,14,117,4.117612959817052,0.371050089597702,0.00010011717677116394,4.117713076993823,0.4932803090196103,True,0.45013225836227266,False
capacity,14,118,4.042781190946698,0.32610516063869,7.986091077327728e-05,4.0428610518574715,0.4973500701598823,True,0.47058620128725925,False
capacity,14,119,4.0372509974986315,0.32769818790256977,8.987262845039368e-05,4.037340870127082,0.5014140219427645,True,0.35292097148083895,False
capacity,14,120,4.040217027068138,0.32474310137331486,8.987262845039368e-05,4.0403068996965885,0.5054822110105306,True,0.2846535371506824,False
capacity,14,121,4.790690960362554,0.3943229094147682,0.00012107193470001221,4.790812032297254,0.5103023881092668,True,0.3161962673852906,False
capacity,14,122,4.0348360780626535,0.3237500786781311,7.008202373981476e-05,4.034906160086393,0.5143687331583351,True,0.3011504871459037,False
capacity,14,123,4.025978967547417,0.3246020060032606,7.008202373981476e-05,4.0260490495711565,0.5184215230401605,True,0.3293275425350428,False
capacity,14,124,4.091764101758599,0.3226690459996462,9.010545909404755e-05,4.091854207217693,0.5225439751520753,True,0.3645136105726808,False
capacity,14,125,4.154010908678174,0.36219297908246517,0.00011012889444828033,4.154121037572622,0.5267276919912547,True,0.31208142627122937,False
capacity,14,126,4.034866113215685,0.32099499367177486,5.9837475419044495e-05,4.034925950691104,0.5307896190788597,True,0.41489831036371044,False
capacity,14,127,4.02364507317543,0.325614120811224,8.987262845039368e-05,4.023734945803881,0.5348445330746472,True,0.37535306389170897,False
capacity,14,128,4.0301980916410685,0.32814801670610905,9.988434612751007e-05,4.030297975987196,0.5389015921391547,True,0.31148387403086314,False
capacity,14,129,4.796462133526802,0.4055551253259182,8.987262845039368e-05,4.7965520061552525,0.5437296431045979,True,0.46647881483621567,False
capacity,14,130,4.023844841867685,0.3240099176764488,0.00012107193470001221,4.023965913802385,0.5477808199357241,True,0.3367885332706839,False
capacity,14,131,4.037040984258056,0.321816885843873,8.009374141693115e-05,4.037121077999473,0.5518444711342454,True,0.26813949204853843,False
capacity,14,132,4.073177929967642,0.3276469651609659,9.988434612751007e-05,4.073277814313769,0.5559495689813048,True,0.46981676997180294,False
capacity,14,133,4.153119865804911,0.32729702070355415,0.00010011717677116394,4.153219982981682,0.5601296799723059,True,0.40937052984163386,False
capacity,14,134,4.037522012367845,0.32700621522963047,8.987262845039368e-05,4.037611884996295,0.564194462960586,True,0.43793316701972784,False
capacity,14,135,4.026771057397127,0.3223379608243704,0.00010989606380462646,4.026880953460932,0.5682523620780557,True,0.41970641357660604,False
capacity,14,136,4.011902958154678,0.32323901541531086,7.986091077327728e-05,4.011982819065452,0.5722955339588225,True,0.5004843996067131,False
capacity,14,137,4.744353936985135,0.3273971378803253,9.988434612751007e-05,4.744453821331263,0.5770672899670899,True,0.5680663199168574,False
capacity,14,138,4.053933080285788,0.333559000864625,8.987262845039368e-05,4.054022952914238,0.5811503070872277,True,0.6189716512374566,False
capacity,14,139,4.190430045127869,0.35609095357358456,7.986091077327728e-05,4.190509906038642,0.5853690600488335,True,0.6581915159765775,False
capacity,14,140,4.134744871407747,0.3264548722654581,0.00010011717677116394,4.134844988584518,0.5895320579875261,True,0.49762069730355185,False
capacity,14,141,4.33944002725184,0.35118218511343,0.00011990778148174286,4.339559935033321,0.593907254980877,True,0.44749634091624413,False
capacity,14,142,4.084659973159432,0.3658188506960869,0.00011106021702289581,4.084771033376455,0.5980328831356019,True,0.3647898327578723,False
capacity,14,143,4.061546875163913,0.357653945684433,0.00010011717677116394,4.061646992340684,0.6021231040358543,True,0.34969822876033063,False
capacity,14,144,4.04311204329133,0.3414340317249298,0.00010989606380462646,4.043221939355135,0.6061936670448631,True,0.3136747363914965,False
capacity,14,145,4.085171036422253,0.3424349706619978,0.00010011717677116394,4.085271153599024,0.6103062401525676,True,0.31031543451283355,False
capacity,14,146,4.095371114090085,0.3876711707562208,0.00010989606380462646,4.09548101015389,0.6144334611017257,True,0.15362048614568455,False
capacity,14,147,4.065203946083784,0.33013313077390194,8.987262845039368e-05,4.0652938187122345,0.6185256149619818,True,0.23162867053339947,False
capacity,14,148,4.2773031163960695,0.3325170837342739,9.988434612751007e-05,4.277403000742197,0.6228342670947313,True,0.2826063214338085,False
capacity,14,149,4.086695145815611,0.34160399809479713,0.00010989606380462646,4.0868050418794155,0.6269481631461531,True,0.3920188050498842,False
capacity,14,150,4.070814000442624,0.3597480244934559,9.103678166866302e-05,4.070905037224293,0.631046038120985,True,0.4377902880191933,False
capacity,14,151,4.042851040139794,0.33623306080698967,7.101334631443024e-05,4.042922053486109,0.6351158800534904,True,0.5923208529406446,False
capacity,14,152,4.072066163644195,0.33885915763676167,8.987262845039368e-05,4.072156036272645,0.6392191851045936,True,0.4291680339467649,False
capacity,14,153,4.655236145481467,0.33921003341674805,0.00011990778148174286,4.655356053262949,0.6439025341533124,True,0.3267162142265746,False
capacity,14,154,4.0637110359966755,0.3398910630494356,9.988434612751007e-05,4.063810920342803,0.6479933860246092,True,0.32548647786772406,False
capacity,14,155,4.055776167660952,0.33873901702463627,9.988434612751007e-05,4.055876052007079,0.6520759421400726,True,0.2935985914502936,False
capacity,14,156,4.403772065415978,0.33808709122240543,8.009374141693115e-05,4.403852159157395,0.6565118951257318,True,0.2745237474426706,False
capacity,14,157,4.104327177628875,0.33430010080337524,9.988434612751007e-05,4.104427061975002,0.6606444551143795,True,0.2842636719256303,False
capacity,14,158,4.053571028634906,0.3347611054778099,8.102506399154663e-05,4.053652053698897,0.6647257590666413,True,0.28788110421999896,False
capacity,14,159,4.037722013890743,0.33226609230041504,0.00010989606380462646,4.037831909954548,0.6687905020080507,True,0.3283962683725137,False
capacity,14,160,4.349088994786143,0.332266790792346,0.00010011717677116394,4.3491891119629145,0.6731665511615574,True,0.2892202298088693,False
capacity,14,161,4.077116027474403,0.33408007584512234,8.987262845039368e-05,4.077205900102854,0.6772815990261734,True,0.29500501241783644,False
capacity,14,162,4.044364206492901,0.3327170852571726,9.080395102500916e-05,4.044455010443926,0.6813572221435606,True,0.24714284579828322,False
capacity,14,163,4.039575112983584,0.32977107912302017,0.00010989606380462646,4.039685009047389,0.685423337155953,True,0.20730105264324353,False
capacity,14,164,4.02683112770319,0.3307941369712353,8.987262845039368e-05,4.02692100033164,0.689476648112759,True,0.23635263140377732,False
capacity,14,165,4.231496946886182,0.3309741150587797,8.987262845039368e-05,4.231586819514632,0.6937351659871638,True,0.2505379065296905,False
capacity,14,166,4.049394046887755,0.3312639892101288,0.00010011717677116394,4.049494164064527,0.6978162401355803,True,0.3264232625318525,False
capacity,14,167,4.0338539984077215,0.33096387051045895,6.0070306062698364e-05,4.033914068713784,0.7018771751318127,True,0.31299908506125546,False
capacity,14,168,4.343006992712617,0.33595412969589233,9.988434612751007e-05,4.343106877058744,0.706246891990304,True,0.2917056975252261,False
capacity,14,169,4.080452024936676,0.33173500560224056,7.986091077327728e-05,4.080531885847449,0.710355126997456,True,0.243861087418477,False
capacity,14,170,4.018876003101468,0.3317960072308779,8.987262845039368e-05,4.0189658757299185,0.7144009040202945,True,0.27089139131981527,False
capacity,14,171,4.03109984472394,0.330562936142087,8.009374141693115e-05,4.031179938465357,0.7184596359729767,True,0.25067129597689547,False
capacity,14,172,4.017413128167391,0.33019203692674637,8.987262845039368e-05,4.017503000795841,0.7225085680838674,True,0.28749971674831243,False
capacity,14,173,4.161675926297903,0.3303429111838341,8.987262845039368e-05,4.1617657989263535,0.726701081963256,True,0.29825750296317044,False
capacity,14,174,4.040456842631102,0.3325659781694412,0.00010104849934577942,4.040557891130447,0.7307690109591931,True,0.31512474189448275,False
capacity,14,175,4.041939042508602,0.33159484155476093,8.102506399154663e-05,4.042020067572594,0.7348422091454268,True,0.24449677240735068,False
capacity,14,176,4.029577132314444,0.3359941765666008,9.988434612751007e-05,4.029677016660571,0.7388984761200845,True,0.23102501249579027,False
capacity,14,177,4.654154181480408,0.34313718788325787,0.00010989606380462646,4.654264077544212,0.7435813241172582,True,0.23816284023004608,False
capacity,14,178,4.052800126373768,0.333559000864625,8.987262845039368e-05,4.052889999002218,0.747661525150761,True,0.25026776037442167,False
capacity,14,179,4.038112936541438,0.3319759853184223,8.009374141693115e-05,4.038193030282855,0.7517266790382564,True,0.25974392118919837,False
capacity,14,180,4.044665023684502,0.3299219533801079,8.987262845039368e-05,4.044754896312952,0.7557981540448964,True,0.2423312030587096,False
capacity,14,181,4.445028956979513,0.33368892036378384,0.00010011717677116394,4.445129074156284,0.7602710861247033,True,0.24508654078513978,False
capacity,14,182,4.049243172630668,0.3322460688650608,8.102506399154663e-05,4.049324197694659,0.7643517891410738,True,0.25918002670341167,False
capacity,14,183,4.047570051625371,0.33344817347824574,0.00011082738637924194,4.04768087901175,0.7684260900132358,True,0.2478648075296806,False
capacity,14,184,4.02856501750648,0.3326272126287222,9.988434612751007e-05,4.028664901852608,0.7724814149551094,True,0.26011615657141585,False
capacity,14,185,4.193394910544157,0.3347410820424557,0.00010011717677116394,4.193495027720928,0.7767109479755163,True,0.26101268977509123,False
capacity,14,186,4.027733113616705,0.33322814851999283,6.984919309616089e-05,4.027802962809801,0.7807657720986754,True,0.24897511484789314,False
capacity,14,187,4.01759403757751,0.33271685242652893,9.010545909404755e-05,4.017684143036604,0.7848099861294031,True,0.8194193903318306,False
capacity,14,188,4.042100161314011,0.33247703686356544,7.986091077327728e-05,4.042180022224784,0.788879037136212,True,0.7959098542991279,False
capacity,14,189,4.6006429474800825,0.3507710061967373,9.988434612751007e-05,4.60074283182621,0.7935063999611884,True,0.7731906892707006,True
capacity,14,190,4.03421581722796,0.3335988149046898,0.00010011717677116394,4.034315934404731,0.7975674059707671,True,0.7382801220167055,True
capacity,14,191,4.052589880302548,0.3326770383864641,0.00010011717677116394,4.05268999747932,0.8016469459980726,True,0.6874593340954216,True
capacity,14,192,4.049764014780521,0.33385888673365116,0.00011012889444828033,4.04987414367497,0.8057272981386632,True,0.7033616527643772,True
capacity,14,193,4.0920141618698835,0.3380770795047283,9.988434612751007e-05,4.092114046216011,0.809846704127267,True,0.6804532813396118,True
capacity,14,194,4.05357195995748,0.3540778998285532,7.008202373981476e-05,4.05364204198122,0.8139270259998739,True,0.6207945438006404,False
capacity,14,195,4.034244921058416,0.33840793184936047,7.008202373981476e-05,4.034315003082156,0.8179919989779592,True,0.6121700072669859,False
capacity,14,196,4.039914812892675,0.33823680132627487,9.010545909404755e-05,4.0400049183517694,0.8220582939684391,True,0.5785182232992985,False
capacity,14,197,4.641830921173096,0.3521640319377184,0.00012014061212539673,4.641951061785221,0.826731164008379,True,0.5532572221288016,False
capacity,14,198,4.042641026899219,0.3332581836730242,9.988434612751007e-05,4.042740911245346,0.8308010559994727,True,0.5213513097248046,False
capacity,14,199,4.037039820104837,0.33294688910245895,9.010545909404755e-05,4.0371299255639315,0.8348644559737295,True,0.4991975753436229,False
capacity,14,200,4.024367081001401,0.3402221482247114,8.987262845039368e-05,4.024456953629851,0.8389154330361634,True,0.4628718572804149,False
capacity,14,201,4.633224103599787,0.34161400981247425,8.009374141693115e-05,4.633304197341204,0.8435750871431082,True,0.439048494325319,False
capacity,14,202,4.05169790610671,0.3336390946060419,9.010545909404755e-05,4.0517880115658045,0.8476576029788703,True,0.4049046469770267,False
capacity,14,203,4.040267085656524,0.33350917510688305,8.987262845039368e-05,4.040356958284974,0.851724049076438,True,0.4184159868427703,False
capacity,14,204,4.056707955896854,0.3328169696033001,0.00010989606380462646,4.056817851960659,0.8558078079950064,True,0.3724712217664774,False
capacity,14,205,4.1721349116414785,0.3358330577611923,7.008202373981476e-05,4.172204993665218,0.8600115419831127,True,0.3889178160807192,False
capacity,14,206,4.034735960885882,0.3407718613743782,0.00010011717677116394,4.0348360780626535,0.8640733191277832,True,0.3549063799244211,False
capacity,14,207,4.044284112751484,0.3400410059839487,0.00010989606380462646,4.0443940088152885,0.8681446041446179,True,0.3021275827562597,False
capacity,14,208,4.039765102788806,0.34091202542185783,8.009374141693115e-05,4.039845196530223,0.8722111601382494,True,0.32080996542218937,False
capacity,14,209,4.589000949636102,0.33521209843456745,8.987262845039368e-05,4.589090822264552,0.8768302979879081,True,0.31282479001566854,False
capacity,14,210,4.038683138787746,0.33829803578555584,0.00010989606380462646,4.038793034851551,0.880895882146433,True,0.31378495101298315,False
capacity,14,211,4.043692955747247,0.3396100364625454,9.010545909404755e-05,4.043783061206341,0.8849659250117838,True,0.2581433240534508,False
capacity,14,212,4.038071958348155,0.3364540170878172,0.00010011717677116394,4.038172075524926,0.8890352360904217,True,0.32106442588939776,False
capacity,14,213,4.0808431804180145,0.340151134878397,0.00010989606380462646,4.080953076481819,0.8931428601499647,True,0.38987339962044054,False
capacity,14,214,4.036009078845382,0.3368360921740532,8.987262845039368e-05,4.036098951473832,0.8972095460630953,True,0.39019163516159283,False
capacity,14,215,4.687938140705228,0.3309040330350399,8.987262845039368e-05,4.688028013333678,0.9019240741617978,True,0.3750431951909282,False
capacity,14,216,4.030999029055238,0.3385888412594795,0.00010011717677116394,4.031099146232009,0.905981392133981,True,0.4438770162447683,False
capacity,14,217,4.194506909698248,0.3437779378145933,7.008202373981476e-05,4.194576991721988,0.9102033709641546,True,0.376763083323419,False
capacity,14,218,4.024808062240481,0.33093406818807125,8.987262845039368e-05,4.024897934868932,0.9142543280031532,True,0.3262132149105798,False
capacity,14,219,4.016431979835033,0.3269459120929241,0.00010011717677116394,4.016532097011805,0.9182973001152277,True,0.2707400455607295,False
capacity,14,220,4.024165915325284,0.3280180972069502,0.00010011717677116394,4.024266032502055,0.9223524939734489,True,0.24800782254654155,False
capacity,14,221,4.60456102155149,0.3395909443497658,9.010545909404755e-05,4.604651127010584,0.9269835450686514,True,0.21520854506125803,False
capacity,14,222,4.035155987367034,0.3313638735562563,0.00011106021702289581,4.035267047584057,0.9310494591481984,True,0.25855050070104296,False
capacity,14,223,4.193285014480352,0.3743960987776518,0.00010989606380462646,4.193394910544157,0.9352692640386522,True,0.19101665680200128,False
capacity,14,224,4.072437062859535,0.3359431866556406,0.00010081566870212555,4.072537878528237,0.9393763469997793,True,0.1825141316163158,False
capacity,14,225,4.864910850301385,0.3387278411537409,9.010545909404755e-05,4.865000955760479,0.9442720259539783,True,0.2589849085997048,False
capacity,14,226,4.057698883116245,0.33326889388263226,0.00012014061212539673,4.057819023728371,0.9483611939940602,True,0.30250990509630266,False
capacity,14,227,4.0288150776177645,0.33078412525355816,7.986091077327728e-05,4.028894938528538,0.9524180120788515,True,0.30701191289417157,False
capacity,14,228,4.0317801758646965,0.32400107011199,7.986091077327728e-05,4.03186003677547,0.9564765931572765,True,0.26091298144020364,False
capacity,14,229,4.282483831048012,0.32150582410395145,0.00010011717677116394,4.282583948224783,0.9607866189908236,True,0.32268718289260034,False
capacity,14,230,4.032412078231573,0.3206441178917885,9.988434612751007e-05,4.032511962577701,0.9648463220801204,True,0.25768894418371757,False
capacity,14,231,4.034375073388219,0.33017201349139214,9.103678166866302e-05,4.0344661101698875,0.9689077080693096,True,0.1738554681169931,False
capacity,14,232,4.028824856504798,0.3297210205346346,9.010545909404755e-05,4.028914961963892,0.9729699059389532,True,0.7273041489468365,False
capacity,14,233,4.2820030357688665,0.3302129916846752,6.0070306062698364e-05,4.282063106074929,0.9772786691319197,True,0.7569257601468042,False
capacity,14,234,4.013556055724621,0.32323901541531086,8.987262845039368e-05,4.013645928353071,0.981331187998876,True,0.6843116534885136,True
capacity,14,235,4.0234150364995,0.3227079287171364,9.010545909404755e-05,4.023505141958594,0.9853811031207442,True,0.6263403676880605,False
capacity,14,236,4.367162939161062,0.3213961608707905,9.988434612751007e-05,4.36726282350719,0.9897754469420761,True,0.6028231395156111,False
capacity,14,237,4.06525400467217,0.3241209778934717,9.010545909404755e-05,4.065344110131264,0.993867902085185,True,0.37504967288602153,False
capacity,14,238,4.023093963041902,0.3295810893177986,9.103678166866302e-05,4.02318499982357,0.9979180470108986,True,0.34751450346270485,False
capacity,14,239,4.036069149151444,0.33061415888369083,7.986091077327728e-05,4.036149010062218,1.0019808860961348,True,0.2815191461323109,False
capacity,14,240,4.036880796775222,0.3322169650346041,8.009374141693115e-05,4.036960890516639,1.0060446469578892,True,0.3657650525573506,False
capacity,14,241,4.246515920385718,0.3316758666187525,8.009374141693115e-05,4.246596014127135,1.0103181130252779,True,0.3357657448816036,False
capacity,14,242,4.019045969471335,0.32568397000432014,9.010545909404755e-05,4.0191360749304295,1.0143674961291254,True,0.2650218433484264,False
capacity,14,243,4.031328950077295,0.32611400820314884,5.9837475419044495e-05,4.031388787552714,1.0184291929472238,True,0.3928783099939437,False
capacity,14,244,4.361592931672931,0.3331480547785759,9.010545909404755e-05,4.361683037132025,1.022822004975751,True,0.3964241185493672,False
capacity,14,245,4.091894021257758,0.3361441195011139,7.986091077327728e-05,4.091973882168531,1.0269407690502703,True,0.36821588277546224,False
capacity,14,246,4.051928175613284,0.3400910645723343,9.988434612751007e-05,4.052028059959412,1.0310192371252924,True,0.3898752898785671,False
capacity,14,247,4.036979982629418,0.34288596361875534,7.986091077327728e-05,4.037059843540192,1.0350825570058078,True,0.3590266186472748,False
capacity,14,248,4.031691001728177,0.3381979186087847,8.009374141693115e-05,4.031771095469594,1.0391406081616879,True,0.31110991146308953,False
capacity,14,249,4.2528880294412374,0.3437881823629141,9.988434612751007e-05,4.252987913787365,1.043419413967058,True,0.2982001527962674,False
capacity,14,250,4.03178995475173,0.33883913420140743,9.988434612751007e-05,4.0318898390978575,1.0474783249665052,True,0.2807421043044895,False
capacity,14,251,4.0242469403892756,0.3361040726304054,8.987262845039368e-05,4.024336813017726,1.0515290419571102,True,0.3148123264865159,False
capacity,14,252,4.039024002850056,0.3353420179337263,8.009374141693115e-05,4.039104096591473,1.0555990941356868,True,0.33244047735510684,False
capacity,14,253,4.610450938344002,0.34683290868997574,0.00010104849934577942,4.6105519868433475,1.0602399329654872,True,0.28432471265290027,False
capacity,14,254,4.0331019554287195,0.3357219975441694,0.00012107193470001221,4.0332230273634195,1.0642993350047618,True,0.29062799200065725,False
capacity,14,255,4.039285006001592,0.33600395545363426,9.010545909404755e-05,4.039375111460686,1.0683687571436167,True,0.3117006535687416,False
capacity,14,256,4.041870124638081,0.33793714828789234,7.986091077327728e-05,4.041949985548854,1.0724371371325105,True,0.22612484882541176,False
capacity,14,257,4.106570966541767,0.33873901702463627,8.009374141693115e-05,4.106651060283184,1.0765705280937254,True,0.2532040118433605,False
capacity,14,258,4.04135906137526,0.33675506711006165,8.987262845039368e-05,4.041448934003711,1.0806387080810964,True,0.25709182061955504,False
capacity,14,259,4.0450559463351965,0.33722585067152977,9.010545909404755e-05,4.0451460517942905,1.0847100031096488,True,0.23105554742948778,False
capacity,14,260,4.044824978336692,0.3359729889780283,9.010545909404755e-05,4.044915083795786,1.0887814280577004,True,0.2435964513264318,False
capacity,14,261,4.657319979742169,0.345360953360796,9.010545909404755e-05,4.657410085201263,1.0934649670962244,True,0.2048017797993996,False
capacity,14,262,4.03398391790688,0.33633410930633545,9.988434612751007e-05,4.034083802253008,1.0975300499703735,True,0.25548831569282765,False
capacity,14,263,4.054734017699957,0.33354898914694786,9.988434612751007e-05,4.054833902046084,1.101615261984989,True,0.2680863099670608,False
capacity,14,264,4.057740094140172,0.3353520296514034,9.988434612751007e-05,4.0578399784862995,1.1056997920386493,True,0.26617248134072574,False
capacity,14,265,4.6014138497412205,0.33658393658697605,9.010545909404755e-05,4.6015039552003145,1.1103278859518468,True,0.27887746267588404,False
capacity,14,266,4.037550883367658,0.3345909062772989,8.009374141693115e-05,4.037630977109075,1.114396075019613,True,0.280040080681705,False
capacity,14,267,4.042591201141477,0.3368351608514786,7.986091077327728e-05,4.04267106205225,1.11846548714675,True,0.2741012266585869,False
capacity,14,268,4.064022097736597,0.3370661288499832,9.988434612751007e-05,4.064121982082725,1.1225562191102654,True,0.2525493789053927,False
capacity,14,269,4.110529087483883,0.3402919974178076,7.986091077327728e-05,4.110608948394656,1.1266941491048783,True,0.2384893804485715,False
capacity,14,270,4.0238359943032265,0.33341883681714535,7.008202373981476e-05,4.023906076326966,1.1307449161540717,True,0.2509050827239007,False
capacity,14,271,4.029677016660571,0.3338300157338381,9.988434612751007e-05,4.029776901006699,1.1348014629911631,True,0.26738605290155165,False
capacity,14,272,4.046818939968944,0.3350118640810251,9.010545909404755e-05,4.046909045428038,1.138878989033401,True,0.27794087355355057,False
capacity,14,273,4.635168006643653,0.34169387072324753,9.103678166866302e-05,4.635259043425322,1.1435449661221355,True,0.3175181920768475,False
capacity,14,274,4.036009078845382,0.3347110468894243,9.988434612751007e-05,4.036108963191509,1.1476074440870434,True,0.3267796676175483,False
capacity,14,275,4.045015899464488,0.3363338764756918,0.00010011717677116394,4.045116016641259,1.1516786590218544,True,0.7903459592776623,False
capacity,14,276,4.401247017085552,0.3369450569152832,9.103678166866302e-05,4.401338053867221,1.1561064061243087,True,0.7522281765879999,False
capacity,14,277,4.096734104678035,0.3405220340937376,0.00010011717677116394,4.096834221854806,1.1602343581616879,True,0.7503206927161834,True
capacity,14,278,4.05001500621438,0.33539184369146824,9.010545909404755e-05,4.050105111673474,1.1643111931625754,True,0.742953424947669,True
capacity,14,279,4.055103985592723,0.3403711598366499,8.987262845039368e-05,4.055193858221173,1.1683932079467922,True,0.7237735656733875,True
capacity,14,280,4.05211909674108,0.33792690373957157,0.00010011717677116394,4.0522192139178514,1.1724718471523374,True,0.6731280399280908,True
capacity,14,281,4.225545795634389,0.3363338764756918,8.009374141693115e-05,4.225625889375806,1.1767244739457965,True,0.6472094785093854,True
capacity,14,282,4.0369711350649595,0.3382780123502016,6.984919309616089e-05,4.037040984258056,1.1807923831511289,True,0.6237770248443557,False
capacity,14,283,4.047499969601631,0.3400209825485945,8.009374141693115e-05,4.047580063343048,1.1848718230612576,True,0.6081037364645827,False
capacity,14,284,4.024155903607607,0.34096185117959976,9.103678166866302e-05,4.0242469403892756,1.1889229400549084,True,0.5364366910788543,False
capacity,14,285,4.670183872804046,0.3461320884525776,0.00010104849934577942,4.6702849213033915,1.1936200149357319,True,0.5136973372037531,False
capacity,14,286,4.063931060954928,0.3357029054313898,8.009374141693115e-05,4.064011154696345,1.197710856096819,True,0.4912902437863854,False
capacity,14,287,4.035518039017916,0.33536297269165516,0.00010989606380462646,4.03562793508172,1.2017729340586811,True,0.4598111373859618,False
capacity,14,288,4.028704948723316,0.33693481236696243,9.010545909404755e-05,4.02879505418241,1.205832377076149,True,0.4221764485495475,False
capacity,14,289,4.094409057870507,0.3419150598347187,8.987262845039368e-05,4.094498930498958,1.2099530750419945,True,0.4323906895750561,False
capacity,14,290,4.041177919134498,0.34017092548310757,7.986091077327728e-05,4.041257780045271,1.2140208629425615,True,0.3760374741528125,False
capacity,14,291,4.024317022413015,0.3397711552679539,9.988434612751007e-05,4.024416906759143,1.2180722909979522,True,0.36025750125078115,False
capacity,14,292,4.038152983412147,0.340381870046258,9.010545909404755e-05,4.038243088871241,1.2221434761304408,True,0.33308552561064736,False
capacity,14,293,4.6209609135985374,0.355761032551527,8.987262845039368e-05,4.621050786226988,1.2267907259520143,True,0.3210422657943688,False
capacity,14,294,4.0343450382351875,0.3355620428919792,0.00010989606380462646,4.034454934298992,1.2308518320787698,True,0.31518579352911746,False
capacity,14,295,4.045296227559447,0.3396300598978996,8.987262845039368e-05,4.045386100187898,1.2349240891635418,True,0.29067882865311734,False
capacity,14,296,4.036861006170511,0.340872909873724,9.010545909404755e-05,4.036951111629605,1.2389872390776873,True,0.28372176086346906,False
capacity,14,297,4.087976878508925,0.3425858449190855,9.010545909404755e-05,4.0880669839680195,1.2431016450282186,True,0.2957323204345509,False
capacity,14,298,4.0412889793515205,0.33910898491740227,9.010545909404755e-05,4.041379084810615,1.2471732010599226,True,0.3168793301169425,False
capacity,14,299,4.040487110614777,0.33586309291422367,7.986091077327728e-05,4.04056697152555,1.2512462390586734,True,0.350448342499152,False
capacity,14,300,4.02449700050056,0.33365911804139614,7.986091077327728e-05,4.024576861411333,1.2552979269530624,True,0.27767412874917313,False
capacity,14,301,4.646850051358342,0.35072118043899536,6.984919309616089e-05,4.646919900551438,1.2599709359928966,True,0.26243959214180335,False
capacity,14,302,4.031480057165027,0.33777602948248386,7.101334631443024e-05,4.031551070511341,1.2640361001249403,True,0.33744733460023635,False
capacity,14,303,4.038091981783509,0.33915904350578785,8.009374141693115e-05,4.038172075524926,1.2681007920764387,True,0.33501533212820056,False
capacity,14,304,4.053310956805944,0.3353320062160492,8.102506399154663e-05,4.053391981869936,1.2721809740178287,True,0.37768814527854916,False
capacity,14,305,4.174139117822051,0.33352896571159363,0.00010989606380462646,4.174249013885856,1.2763897781260312,True,0.34836579488275693,False
capacity,14,306,4.012944875285029,0.33298786729574203,0.00010011717677116394,4.013044992461801,1.2804291530046612,True,0.4330970149701348,False
capacity,14,307,4.0506471414119005,0.33466098830103874,8.987262845039368e-05,4.050737014040351,1.2845072611235082,True,0.42071904515335684,False
capacity,14,308,4.035708028823137,0.3392400685697794,7.986091077327728e-05,4.035787889733911,1.2885707810055465,True,0.40792958075389324,False
capacity,14,309,4.662568913772702,0.34063193015754223,9.010545909404755e-05,4.662659019231796,1.2932666430715472,True,0.36592392445509037,False
capacity,14,310,4.067759029567242,0.34176488406956196,9.010545909404755e-05,4.067849135026336,1.2973666831385344,True,0.37718091166406664,False
capacity,14,311,4.693337017670274,0.34249480813741684,0.00010104849934577942,4.69343806616962,1.3020922711584717,True,0.3999134473514324,False
capacity,14,312,4.077947000041604,0.3471339587122202,0.00010011717677116394,4.078047117218375,1.306212498107925,True,0.3961762074937508,False
capacity,14,313,4.792884923517704,0.33969106152653694,8.987262845039368e-05,4.792974796146154,1.3110377539414912,True,0.40197120369022404,False
capacity,14,314,4.085642052814364,0.350461108610034,8.987262845039368e-05,4.085731925442815,1.3151566290762275,True,0.3660648766935476,False
capacity,14,315,4.120898898690939,0.34065195359289646,0.00010011717677116394,4.12099901586771,1.3193176940549165,True,0.25636885440742346,False
capacity,14,316,4.558975109830499,0.33558299764990807,0.00010989606380462646,4.559085005894303,1.3239099110942334,True,0.2657270080348278,False
capacity,14,317,4.087415058165789,0.3493381664156914,0.00011082738637924194,4.087525885552168,1.3280323219951242,True,0.3290785773050429,False
capacity,14,318,4.042871994897723,0.340471975505352,0.00010011717677116394,4.042972112074494,1.3321050200611353,True,0.3767328182663984,False
capacity,14,319,4.06795903109014,0.33798697404563427,9.988434612751007e-05,4.068058915436268,1.3362017830368131,True,0.33805569475480324,False
capacity,14,320,4.342024913057685,0.3328870516270399,9.103678166866302e-05,4.342115949839354,1.3405776920262724,True,0.3100905933218478,False
capacity,14,321,4.095020005479455,0.33109402284026146,9.988434612751007e-05,4.0951198898255825,1.344701505964622,True,0.29222750405148445,False
capacity,14,322,4.046238027513027,0.3273370675742626,9.988434612751007e-05,4.046337911859155,1.3487839819863439,True,0.3119125875611226,False
capacity,14,323,4.033704055473208,0.32915989868342876,9.010545909404755e-05,4.0337941609323025,1.3528451181482524,True,0.30281302426194867,False
capacity,14,324,4.34881797991693,0.3304930869489908,0.00010011717677116394,4.348918097093701,1.357220957055688,True,0.44598046130050334,False
capacity,14,325,4.08795615658164,0.32681599259376526,0.00010989606380462646,4.088066052645445,1.3613359041046351,True,0.4900384587096662,False
capacity,14,326,4.043031949549913,0.33006188459694386,0.00010011717677116394,4.043132066726685,1.3654058470856398,True,0.4848811250159343,False
capacity,14,327,4.051957977935672,0.32989191822707653,8.987262845039368e-05,4.052047850564122,1.3694843749981374,True,0.45089458934971344,False
capacity,14,328,4.358776845037937,0.3299419768154621,0.00010104849934577942,4.358877893537283,1.3738703839480877,True,0.4748772991188407,False
capacity,14,329,4.094879841431975,0.3364949952811003,9.010545909404755e-05,4.094969946891069,1.3779931860044599,True,0.44478288714967845,False
capacity,14,330,4.024275811389089,0.3327568992972374,9.010545909404755e-05,4.024365916848183,1.3820444729644805,True,0.38801881413178274,False
capacity,14,331,4.0256790816783905,0.3338900860399008,6.984919309616089e-05,4.025748930871487,1.386103745084256,True,0.4495602422367667,False
capacity,14,332,4.367874003946781,0.34776516258716583,0.00010081566870212555,4.367974819615483,1.3905078279785812,True,0.36652512003003107,False
capacity,14,333,4.083026899024844,0.3262849058955908,0.00010011717677116394,4.083127016201615,1.3946186969988048,True,0.38886406426839787,False
capacity,14,334,4.040267085656524,0.3277480136603117,8.987262845039368e-05,4.040356958284974,1.3986854241229594,True,0.3786327952060185,False
capacity,14,335,4.037790931761265,0.32775686122477055,8.102506399154663e-05,4.037871956825256,1.4027501160744578,True,0.456883039732293,False
capacity,14,336,4.6337449457496405,0.3309131134301424,7.986091077327728e-05,4.633824806660414,1.4074111529625952,True,0.40927532819371476,False
capacity,14,337,4.021230852231383,0.3292809706181288,0.00011012889444828033,4.021340981125832,1.4114596049766988,True,0.33372998900964324,False
capacity,14,338,5.159205989912152,0.3289598971605301,9.010545909404755e-05,5.159296095371246,1.4166451510973275,True,0.3866468760501406,False
capacity,14,339,4.093486815690994,0.33669499680399895,9.010545909404755e-05,4.093576921150088,1.420767982956022,True,0.4710161223148936,False
capacity,14,340,4.772988148033619,0.34553115256130695,7.986091077327728e-05,4.773068008944392,1.4255738630890846,True,0.45475286459577524,False
capacity,14,341,4.099478013813496,0.3467730712145567,0.00011106021702289581,4.0995890740305185,1.4297120140399784,True,0.4115097353595458,False
capacity,14,342,4.07137512229383,0.34193508327007294,0.00016996636986732483,4.071545088663697,1.4338202781509608,True,0.38834466428091646,False
capacity,14,343,4.060874925926328,0.3455011174082756,8.987262845039368e-05,4.060964798554778,1.4379164399579167,True,0.36429683515667066,False
capacity,14,344,4.7131250612437725,0.3450000658631325,9.988434612751007e-05,4.7132249455899,1.442658209009096,True,0.3639702873820157,False
capacity,14,345,4.535038955509663,0.3410221543163061,8.102506399154663e-05,4.535119980573654,1.447222142945975,True,0.3611447728781403,False
capacity,14,346,4.054312128573656,0.340611906722188,0.00011106021702289581,4.054423188790679,1.4513049891684204,True,0.3552463267259181,False
capacity,14,347,4.135685972869396,0.3379569388926029,0.00011012889444828033,4.1357961017638445,1.4554679370485246,True,0.32870733679535197,False
capacity,14,348,4.288224037736654,0.4217361565679312,9.988434612751007e-05,4.288323922082782,1.4597901250235736,True,0.2953522455998644,False
capacity,14,349,4.068210022523999,0.3375159576535225,0.00013015232980251312,4.068340174853802,1.463886408135295,True,0.2853229356603616,False
capacity,14,350,4.0553847793489695,0.34605199471116066,9.010545909404755e-05,4.0554748848080635,1.4679700159467757,True,0.3064143097505153,False
capacity,14,351,4.076655022799969,0.3443388268351555,0.00010011717677116394,4.07675513997674,1.4720801741350442,True,0.3838426365126008,False
capacity,14,352,4.789239028468728,0.4228379111737013,0.00012014061212539673,4.7893591690808535,1.4769042481202632,True,0.368283289370299,False
capacity,14,353,4.054913995787501,0.3418540582060814,7.008202373981476e-05,4.054984077811241,1.480986193055287,True,0.3149527649447513,False
capacity,14,354,4.0512168779969215,0.33967988565564156,6.0070306062698364e-05,4.051276948302984,1.4850643309764564,True,0.2997031022847154,False
capacity,14,355,4.031941061839461,0.33803703263401985,7.008202373981476e-05,4.032011143863201,1.4891274610999972,True,0.3985147700454275,False
capacity,14,356,4.856124985963106,0.4213040228933096,0.00011990778148174286,4.856244893744588,1.494016116950661,True,0.3818313103786702,False
capacity,14,357,4.069420974701643,0.3451099619269371,8.987262845039368e-05,4.069510847330093,1.4981137609574944,True,0.35051945776661664,False
capacity,14,358,4.0855021215975285,0.3432980738580227,8.987262845039368e-05,4.085591994225979,1.5022270150948316,True,0.3222803837455982,False
capacity,14,359,4.6710551250725985,0.33430010080337524,0.00010104849934577942,4.671156173571944,1.5069258231669664,True,0.352391042574904,False
capacity,14,360,4.121159901842475,0.34519098699092865,0.00010011717677116394,4.121260019019246,1.5110746750142425,True,0.3555787672070761,False
capacity,14,361,4.126569023355842,0.33994088880717754,0.00010989606380462646,4.126678919419646,1.5152348370756954,True,0.3650571473528734,False
capacity,14,362,4.054273013025522,0.3344002179801464,9.988434612751007e-05,4.05437289737165,1.519320989958942,True,0.35359820559281063,False
capacity,14,363,4.612484946846962,0.3364949952811003,0.00011012889444828033,4.61259507574141,1.5239611370489001,True,0.3286891995039076,False
capacity,14,364,4.069500835612416,0.3420338034629822,9.103678166866302e-05,4.069591872394085,1.5280594329815358,True,0.3184642394032736,False
capacity,14,365,4.076574929058552,0.3395399544388056,9.988434612751007e-05,4.076674813404679,1.5321633799467236,True,0.2532316058577188,False
capacity,14,366,4.047158872708678,0.3349608741700649,0.00011012889444828033,4.0472690016031265,1.5362480599433184,True,0.247935952866833,False
capacity,14,367,4.352744901552796,0.3358230460435152,9.103678166866302e-05,4.352835938334465,1.5406271149404347,True,0.2542496420985544,False
capacity,14,368,4.085672087967396,0.33372920006513596,8.987262845039368e-05,4.085761960595846,1.5447398880496621,True,0.21829607769134046,False
capacity,14,369,4.043292021378875,0.33467100001871586,9.988434612751007e-05,4.043391905725002,1.5488104720134288,True,0.23918824769022934,False
capacity,14,370,4.054793855175376,0.3352619241923094,8.009374141693115e-05,4.054873948916793,1.5528958740178496,True,0.3086141592938761,False
capacity,14,371,4.3378479313105345,0.33944007009267807,8.987262845039368e-05,4.337937803938985,1.5572605419438332,True,0.293172226413411,False
capacity,14,372,4.087846027687192,0.33457111567258835,8.987262845039368e-05,4.087935900315642,1.5613786149770021,True,0.287012373104612,False
capacity,14,373,4.054312827065587,0.3347808960825205,8.009374141693115e-05,4.054392920807004,1.565459307981655,True,0.29441767865131185,False
capacity,14,374,4.035597899928689,0.33387984149158,8.009374141693115e-05,4.035677993670106,1.5695221370551735,True,0.28576137491535647,False
capacity,14,375,4.365118918940425,0.34210504963994026,0.00010011717677116394,4.365219036117196,1.5739136449992657,True,0.2524678137757504,False
capacity,14,376,4.094448871910572,0.3466939087957144,9.010545909404755e-05,4.094538977369666,1.5780357159674168,True,0.2424500561080471,False
capacity,14,377,4.0650630835443735,0.3539170138537884,8.987262845039368e-05,4.065152956172824,1.582131447037682,True,0.22187151406767322,False
capacity,14,378,4.046807996928692,0.3392689395695925,8.987262845039368e-05,4.046897869557142,1.5862051059957594,True,0.23674941496484644,False
capacity,14,379,4.634617129340768,0.3353420179337263,7.008202373981476e-05,4.634687211364508,1.5908666441682726,True,0.24275366058322384,False
capacity,14,380,4.043943015858531,0.33958000130951405,0.00011012889444828033,4.044053144752979,1.5949420970864594,True,0.25225334798729093,False
capacity,14,381,4.029055824503303,0.3396908286958933,0.00010011717677116394,4.029155941680074,1.598997802939266,True,0.2301953513722771,False
capacity,14,382,4.058451158925891,0.33788708969950676,8.987262845039368e-05,4.058541031554341,1.6030873521231115,True,0.23649424782864262,False
capacity,14,383,4.6262110117822886,0.33812690526247025,0.00010011717677116394,4.62631112895906,1.6077404140960425,True,0.2568894504586115,False
capacity,14,384,4.03380417264998,0.3338991664350033,0.00011082738637924194,4.033915000036359,1.6118016401305795,True,0.32637188398777467,False
capacity,15,0,3.802018007263541,0.3286099527031183,7.986091077327728e-05,3.8020978681743145,0.003822245867922902,False,,
capacity,15,1,3.794513177126646,0.3239000216126442,0.00012991949915885925,3.794643096625805,0.007639101007953286,False,,
capacity,15,2,3.8009961135685444,0.3246020060032606,0.00013993121683597565,3.8011360447853804,0.011462579015642405,False,,
capacity,15,3,3.852421883493662,0.324200838804245,0.00011012889444828033,3.85253201238811,0.015337352873757482,False,,
capacity,15,4,3.7804259918630123,0.32481178641319275,0.00013015232980251312,3.780556144192815,0.01914035202935338,False,,
capacity,15,5,3.795224940404296,0.32847910188138485,0.00013993121683597565,3.795364871621132,0.022961906855925918,False,,
capacity,15,6,3.7904351484030485,0.32995198853313923,0.00010989606380462646,3.790545044466853,0.02677406300790608,False,,
capacity,15,7,3.910291939973831,0.3279091324657202,0.00012991949915885925,3.91042185947299,0.030717356828972697,False,,
capacity,15,8,3.7884621415287256,0.3270460292696953,0.00011082738637924194,3.788572968915105,0.03452847199514508,False,,
capacity,15,9,3.797518089413643,0.32681599259376526,0.00011106021702289581,3.797629149630666,0.03834830201230943,False,,
capacity,15,10,3.787290072068572,0.3266760613769293,0.00011990778148174286,3.787409979850054,0.042157412972301245,False,,
capacity,15,11,4.265310941264033,0.3346910234540701,0.00011012889444828033,4.265421070158482,0.04644463490694761,False,,
capacity,15,12,3.849636996164918,0.3264648839831352,0.00013015232980251312,3.8497671484947205,0.050317415967583656,False,,
capacity,15,13,3.7866379134356976,0.3276369534432888,0.000141095370054245,3.786779008805752,0.0541262358892709,False,,
capacity,15,14,3.7925790529698133,0.3330279141664505,0.000141095370054245,3.7927201483398676,0.057940867030993104,False,,
capacity,15,15,4.324933048337698,0.33312803134322166,0.00011990778148174286,4.32505295611918,0.06228783191181719,False,,
capacity,15,16,4.068430047482252,0.33013196662068367,0.00012014061212539673,4.0685501880943775,0.06637916504405439,False,,
capacity,15,17,4.008796997368336,0.3280488308519125,0.00011012889444828033,4.008907126262784,0.07041520299389958,False,,
capacity,15,18,3.991014091297984,0.32857898622751236,0.00012991949915885925,3.991144010797143,0.07442872994579375,False,,
capacity,15,19,4.573702113702893,0.3290800377726555,0.00011990778148174286,4.573822021484375,0.07902492396533489,False,,
capacity,15,20,4.015289014205337,0.3375657834112644,0.00012014061212539673,4.015409154817462,0.08306335704401135,False,,
capacity,15,21,4.007044015452266,0.3347510937601328,0.00012991949915885925,4.007173934951425,0.08709281287156045,False,,
capacity,15,22,3.987938165664673,0.3357331734150648,0.00011990778148174286,3.9880580734461546,0.09110309300012887,False,,
capacity,15,23,4.3242620304226875,0.3338500391691923,0.00011012889444828033,4.324372159317136,0.09545018803328276,False,,
capacity,15,24,4.051446914672852,0.33250683918595314,0.00011012889444828033,4.0515570435673,0.09952489892020822,False,,
capacity,15,25,4.003898007795215,0.3272769972681999,0.00011012889444828033,4.004008136689663,0.10355127998627722,False,,
capacity,15,26,3.989921882748604,0.32444181852042675,0.00013015232980251312,3.9900520350784063,0.10756359389051795,False,,
capacity,15,27,4.307992057874799,0.3240311052650213,0.00011990778148174286,4.3081119656562805,0.11189906694926322,False,,
capacity,15,28,4.0408470667898655,0.3208550624549389,0.00012991949915885925,4.040976986289024,0.11596270697191358,False,,
capacity,15,29,3.9878981187939644,0.3286600112915039,0.00011990778148174286,3.988018026575446,0.11997337802313268,False,,
capacity,15,30,4.001574125140905,0.3275980707257986,0.00013993121683597565,4.001714056357741,0.12400166201405227,False,,
capacity,15,31,4.313030978664756,0.32621482387185097,0.00012014061212539673,4.313151119276881,0.12833750597201288,False,,
capacity,15,32,4.046548157930374,0.32207719050347805,0.00016088597476482391,4.046709043905139,0.13240695698186755,False,,
capacity,15,33,3.9829988963901997,0.3235198091715574,0.00012014061212539673,3.983119037002325,0.13641236792318523,False,,
capacity,15,34,3.9886790327727795,0.3261249512434006,0.00012014061212539673,3.988799173384905,0.1404234590008855,False,,
capacity,15,35,4.377581877633929,0.3273668698966503,0.000141095370054245,4.3777229730039835,0.14482347387820482,True,0.12810613838874288,False
capacity,15,36,4.079831065610051,0.3264250699430704,0.00010989606380462646,4.079940961673856,0.1489324599970132,True,0.0,False
capacity,15,37,4.049454117193818,0.3350221086293459,8.987262845039368e-05,4.0495439898222685,0.15301313297823071,True,0.0,False
capacity,15,38,4.026100039482117,0.33621396869421005,9.010545909404755e-05,4.026190144941211,0.15706602297723293,True,0.0,False
capacity,15,39,4.409241955727339,0.33754692412912846,0.00010989606380462646,4.409351851791143,0.16150185489095747,True,0.0,False
capacity,15,40,4.081293009221554,0.3303119447082281,0.00011106021702289581,4.081404069438577,0.16561348596587777,True,0.0,False
capacity,15,41,4.045597044751048,0.3311240579932928,9.010545909404755e-05,4.045687150210142,0.16968531301245093,True,0.0,False
capacity,15,42,4.041608888655901,0.3311140462756157,0.00010011717677116394,4.041709005832672,0.1737536818254739,True,0.0,False
capacity,15,43,4.36152215115726,0.32997201196849346,7.986091077327728e-05,4.361602012068033,0.17814188404008746,True,0.0,False
capacity,15,44,4.089338937774301,0.33893901854753494,0.00010989606380462646,4.089448833838105,0.18225799384526908,True,0.0,False
capacity,15,45,4.037871956825256,0.3348009195178747,0.00010011717677116394,4.0379720740020275,0.18632884789258242,True,0.0,False
capacity,15,46,4.0267109870910645,0.3305128775537014,8.009374141693115e-05,4.026791080832481,0.1903867379296571,True,0.0,False
capacity,15,47,4.352143965661526,0.3307340666651726,7.008202373981476e-05,4.3522140476852655,0.19476978993043303,True,0.0,False
capacity,15,48,4.081143997609615,0.33086398616433144,0.00010989606380462646,4.08125389367342,0.19887775485403836,True,0.0,False
capacity,15,49,4.041388863697648,0.33128494396805763,9.010545909404755e-05,4.041478969156742,0.20294605381786823,True,0.0,False
capacity,15,50,4.044294124469161,0.3353420179337263,8.987262845039368e-05,4.044383997097611,0.20702217798680067,True,0.0,False
capacity,15,51,4.356132121756673,0.3357231616973877,8.987262845039368e-05,4.356221994385123,0.21140453894622624,True,0.0,False
capacity,15,52,4.079740960150957,0.3294008783996105,0.00010011717677116394,4.079841077327728,0.21551117091439664,True,0.00039429269507313856,False
capacity,15,53,4.020278807729483,0.32860878854990005,0.00010011717677116394,4.020378924906254,0.219557779841125,True,0.005529769061280592,False
capacity,15,54,4.033633042126894,0.33326796256005764,0.00010081566870212555,4.033733857795596,0.2236178528983146,True,0.009524028457219719,False
capacity,15,55,4.3617719784379005,0.3294008783996105,7.101334631443024e-05,4.361842991784215,0.22800618596374989,True,0.01351828785315885,False
capacity,15,56,4.0847500786185265,0.33692503347992897,0.00010989606380462646,4.084859974682331,0.23211798700504005,True,0.0,False
capacity,15,57,4.031480057165027,0.3358130343258381,0.00010104849934577942,4.0315811056643724,0.236180315958336,True,0.0014127581659318911,False
capacity,15,58,4.033294040709734,0.3345208242535591,9.010545909404755e-05,4.033384146168828,0.24024000903591514,True,0.005456118161634848,False
capacity,15,59,4.049584036692977,0.32922113314270973,8.987262845039368e-05,4.049673909321427,0.24432542989961803,True,0.03309675685887398,False
capacity,15,60,4.132369998842478,0.32842904329299927,9.010545909404755e-05,4.132460104301572,0.24849414895288646,True,0.002612917599887219,False
capacity,15,61,4.040696891024709,0.32775779254734516,0.00010011717677116394,4.04079700820148,0.2525613459292799,True,0.005529769061280592,False
capacity,15,62,4.0135260205715895,0.3287801519036293,8.987262845039368e-05,4.01361589320004,0.2566012218594551,True,0.09452387084645293,False
capacity,15,63,4.3557011522352695,0.3288600128144026,9.103678166866302e-05,4.355792189016938,0.26098316302523017,True,0.14030742294906898,False
capacity,15,64,4.080832935869694,0.33473107032477856,9.010545909404755e-05,4.080923041328788,0.265091196866706,True,0.07604820142575261,False
capacity,15,65,4.037891980260611,0.3334281500428915,0.00011082738637924194,4.03800280764699,0.2691559598315507,True,0.12610932274897793,False
capacity,15,66,4.029745934531093,0.330301932990551,9.103678166866302e-05,4.029836971312761,0.2732121159788221,True,0.09634590438186784,False
capacity,15,67,4.412338137626648,0.33270707353949547,8.987262845039368e-05,4.412428010255098,0.27765587298199534,True,0.11108241541611,False
capacity,15,68,4.094839794561267,0.3274169284850359,9.010545909404755e-05,4.094929900020361,0.281777833821252,True,0.10642526406231845,False
capacity,15,69,4.035758087411523,0.32643601298332214,9.988434612751007e-05,4.03585797175765,0.2858446999453008,True,0.0910869316782083,False
capacity,15,70,4.042329965159297,0.3275778144598007,8.009374141693115e-05,4.042410058900714,0.28991396096535027,True,0.1422327160355934,False
capacity,15,71,4.068430047482252,0.3403918817639351,0.00010011717677116394,4.068530164659023,0.29400945198722184,True,0.177682320013957,False
capacity,15,72,4.1682180017232895,0.3363140858709812,9.010545909404755e-05,4.1683081071823835,0.2982119049411267,True,0.1987736767242237,False
capacity,15,73,4.074599826708436,0.33925892785191536,9.103678166866302e-05,4.074690863490105,0.30231726286001503,True,0.19124306109857667,False
capacity,15,74,4.021911881864071,0.3262949176132679,9.010545909404755e-05,4.022001987323165,0.3063675288576633,True,0.16717700183485873,False
capacity,15,75,4.057588987052441,0.32853917218744755,9.988434612751007e-05,4.057688871398568,0.3104526698589325,True,0.18502998932264542,False
capacity,15,76,4.216718953102827,0.3297219518572092,9.988434612751007e-05,4.216818837448955,0.3146969508379698,True,0.187743695460275,False
capacity,15,77,4.044805187731981,0.3276071511209011,9.080395102500916e-05,4.044895991683006,0.3187731560319662,True,0.1924990330795651,False
capacity,15,78,4.034565994516015,0.3276378847658634,0.00010011717677116394,4.034666111692786,0.3228344719391316,True,0.2023862293050922,False
capacity,15,79,4.040597006678581,0.3268960863351822,7.986091077327728e-05,4.0406768675893545,0.3269056058488786,True,0.19087976324972572,False
capacity,15,80,4.534919047728181,0.3277580253779888,8.987262845039368e-05,4.535008920356631,0.33146673487499356,True,0.21124314376214512,False
capacity,15,81,4.036258906126022,0.32818899489939213,9.010545909404755e-05,4.036349011585116,0.3355292328633368,True,0.21959088658356188,False
capacity,15,82,4.227610072121024,0.328178983181715,0.00010011717677116394,4.227710189297795,0.33978399401530623,True,0.21365386689816307,False
capacity,15,83,4.420173121616244,0.327488174661994,6.984919309616089e-05,4.4202429708093405,0.34423083695583045,True,0.20375564288378736,False
capacity,15,84,4.077516961842775,0.3294609487056732,9.988434612751007e-05,4.077616846188903,0.3483456338290125,True,0.17729907701544553,False
capacity,15,85,4.0204389952123165,0.32728700898587704,0.00010011717677116394,4.020539112389088,0.3523929240182042,True,0.2029350928250888,False
capacity,15,86,4.0238958317786455,0.32716686837375164,0.00010011717677116394,4.023995948955417,0.3564431988634169,True,0.2474616077292845,False
capacity,15,87,4.033774137496948,0.3258241340517998,7.986091077327728e-05,4.0338539984077215,0.36050766101107,True,0.24702358783358525,False
capacity,15,88,4.310856107622385,0.3273170441389084,0.00011106021702289581,4.310967167839408,0.3648461999837309,True,0.23804488884083935,False
capacity,15,89,4.054503981024027,0.3273771144449711,0.00010011717677116394,4.054604098200798,0.36893199291080236,True,0.2278807563966677,False
capacity,15,90,4.045577021315694,0.3306239377707243,0.00010011717677116394,4.045677138492465,0.3730039990041405,True,0.21048075843826336,False
capacity,15,91,4.043433116748929,0.3323471173644066,0.00010989606380462646,4.043543012812734,0.37707370100542903,True,0.21155668665474753,False
capacity,15,92,4.699248122051358,0.3447399940341711,0.00011082738637924194,4.6993589494377375,0.3818041679915041,True,0.2574994480275517,False
capacity,15,93,4.060694947838783,0.33165491186082363,0.00010011717677116394,4.060795065015554,0.385894238948822,True,0.25851322583187836,False
capacity,15,94,4.044784931465983,0.3272967878729105,0.00010011717677116394,4.0448850486427546,0.3899661849718541,True,0.2838563771136562,False
capacity,15,95,4.043502965942025,0.33134501427412033,0.00010011717677116394,4.043603083118796,0.3940368089824915,True,0.29852892540157056,False
capacity,15,96,4.100100137293339,0.3378570545464754,7.986091077327728e-05,4.100179998204112,0.3981679070275277,True,0.2983548550013697,False
capacity,15,97,4.045305773615837,0.33154478296637535,0.00011012889444828033,4.045415902510285,0.4022441008128226,True,0.3648580383057845,False
capacity,15,98,4.036849830299616,0.32759783789515495,9.010545909404755e-05,4.03693993575871,0.4063178098294884,True,0.3996595994101509,False
capacity,15,99,4.0173528250306845,0.32442202791571617,0.00010011717677116394,4.017452942207456,0.4103620038367808,True,0.46669687957054984,False
capacity,15,100,4.634557059034705,0.3276269417256117,9.010545909404755e-05,4.634647164493799,0.4150233219843358,True,0.5680422512760633,False
capacity,15,101,4.030047915875912,0.3299920354038477,9.010545909404755e-05,4.030138021335006,0.4190808208659291,True,0.552523483840641,False
capacity,15,102,4.038322018459439,0.3305128775537014,8.009374141693115e-05,4.038402112200856,0.423145683016628,True,0.577366379257138,False
capacity,15,103,4.351894138380885,0.3294311463832855,8.987262845039368e-05,4.3519840110093355,0.4275240369606763,True,0.5493719009066005,False
capacity,15,104,4.071184899657965,0.3237808123230934,0.00010011717677116394,4.071285016834736,0.4316218819003552,True,0.5276646342801735,False
capacity,15,105,4.031568998470902,0.3239500802010298,0.00010104849934577942,4.031670046970248,0.4356805628631264,True,0.527278863412142,False
capacity,15,106,4.037752049043775,0.3243719693273306,0.00010011717677116394,4.037852166220546,0.4397464180365205,True,0.5359729879787223,False
capacity,15,107,4.04617702588439,0.325614120811224,0.00011106021702289581,4.046288086101413,0.4438245459459722,True,0.5593571605991463,False
capacity,15,108,4.170212196186185,0.32505299896001816,8.987262845039368e-05,4.170302068814635,0.4480282310396433,True,0.575196929959239,False
capacity,15,109,4.022342851385474,0.32707699574530125,0.00010011717677116394,4.022442968562245,0.452077193884179,True,0.5795036087184832,False
capacity,15,110,4.01950697414577,0.3285889979451895,0.00010011717677116394,4.019607091322541,0.4561232409905642,True,0.5357227366949695,False
capacity,15,111,4.032382043078542,0.32671610824763775,9.988434612751007e-05,4.032481927424669,0.4601821929682046,True,0.46680495167354163,False
capacity,15,112,4.6356189996004105,0.33212685957551,0.00011012889444828033,4.635729128494859,0.4648446619976312,True,0.5515264742753555,False
capacity,15,113,4.044064087793231,0.32185716554522514,9.988434612751007e-05,4.0441639721393585,0.46891565690748394,True,0.5000199441963746,False
capacity,15,114,4.0335429366678,0.33051311038434505,7.101334631443024e-05,4.033613950014114,0.47297561983577907,True,0.4438986276095473,False
capacity,15,115,4.020619904622436,0.32835896126925945,0.00011012889444828033,4.020730033516884,0.4770223288796842,True,0.44870664160904195,False
capacity,15,116,4.159040981903672,0.33117388375103474,8.009374141693115e-05,4.159121075645089,0.481207889970392,True,0.3777227929589076,False
capacity,15,117,4.038132028654218,0.33129402436316013,0.00010081566870212555,4.03823284432292,0.4852767998818308,True,0.28876121511189634,False
capacity,15,118,4.025928908959031,0.3251531161367893,9.103678166866302e-05,4.0260199457407,0.48933344683609903,True,0.3889263154535043,False
capacity,15,119,4.046719055622816,0.327317975461483,8.009374141693115e-05,4.046799149364233,0.493410503026098,True,0.3815128693071774,False
capacity,15,120,4.6038690488785505,0.3270059823989868,0.00010104849934577942,4.603970097377896,0.498041613958776,True,0.325058050937729,False
capacity,15,121,4.066596971824765,0.332757830619812,0.00010011717677116394,4.066697089001536,0.5021393490023911,True,0.23394802450726127,False
capacity,15,122,4.040966974571347,0.33327797427773476,0.00010104849934577942,4.041068023070693,0.506210041930899,True,0.2837132319125077,False
capacity,15,123,4.6509671956300735,0.3376360982656479,9.080395102500916e-05,4.651057999581099,0.5108909460250288,True,0.3067369545637202,False
capacity,15,124,4.6596950851380825,0.3468140494078398,8.987262845039368e-05,4.659784957766533,0.515583572909236,True,0.4135140973857911,False
capacity,15,125,4.066345980390906,0.33066398464143276,7.008202373981476e-05,4.066416062414646,0.5196831009816378,True,0.3632570403091813,False
capacity,15,126,4.039866151288152,0.32924115657806396,0.00011990778148174286,4.0399860590696335,0.5237543759867549,True,0.3196108346424134,False
capacity,15,127,4.381851060315967,0.32739806920289993,8.009374141693115e-05,4.3819311540573835,0.5281715330202132,True,0.3194511958662404,False
capacity,15,128,4.089900059625506,0.3368849866092205,9.010545909404755e-05,4.0899901650846004,0.5322967399843037,True,0.3931013794160125,False
capacity,15,129,4.027432994917035,0.32777804881334305,0.00010011717677116394,4.027533112093806,0.5363520649261773,True,0.39446795162412446,False
capacity,15,130,4.035827936604619,0.3249628935009241,0.00011012889444828033,4.035938065499067,0.540415724972263,True,0.4189381424001914,False
capacity,15,131,4.353075986728072,0.3222979139536619,0.00010011717677116394,4.353176103904843,0.5447954009287059,True,0.5208731641072002,False
capacity,15,132,4.059151979163289,0.3197931218892336,0.00011106021702289581,4.059263039380312,0.5488870148546994,True,0.5250178030525399,False
capacity,15,133,4.036680096760392,0.32155588269233704,0.00010011717677116394,4.036780213937163,0.5529503950383514,True,0.3833504807266139,False
capacity,15,134,4.023265093564987,0.3286099527031183,7.986091077327728e-05,4.0233449544757605,0.5570003399625421,True,0.40974751000051607,False
capacity,15,135,4.025698872283101,0.33498089760541916,0.00010104849934577942,4.025799920782447,0.5610552139114588,True,0.42379373255868885,False
capacity,15,136,4.175812937319279,0.3304830752313137,9.010545909404755e-05,4.175903042778373,0.5652580668684095,True,0.2942898747988894,False
capacity,15,137,4.030467942357063,0.32486184500157833,8.009374141693115e-05,4.03054803609848,0.5693273679353297,True,0.2844983393932167,False
capacity,15,138,4.052188014611602,0.32896012999117374,0.00010081566870212555,4.052288830280304,0.5734063668642193,True,0.30437658123030487,False
capacity,15,139,4.349650116637349,0.32852008007466793,8.987262845039368e-05,4.3497399892657995,0.577783518936485,True,0.3178037634910359,False
capacity,15,140,4.1283429600298405,0.33541303128004074,7.008202373981476e-05,4.12841304205358,0.5819411368574947,True,0.3596495559994881,False
capacity,15,141,4.053510958328843,0.346542801707983,9.010545909404755e-05,4.053601063787937,0.586023892974481,True,0.3788975078267196,False
capacity,15,142,4.061125917360187,0.3451609518378973,0.00010011717677116394,4.061226034536958,0.5901125909294933,True,0.5563238394867462,False
capacity,15,143,4.070152994245291,0.33930991776287556,9.010545909404755e-05,4.070243099704385,0.5942103359848261,True,0.4334043542218529,False
capacity,15,144,4.228721838444471,0.34865783527493477,0.00010011717677116394,4.2288219556212425,0.5984684128779918,True,0.3305102533957628,False
capacity,15,145,4.04899287968874,0.33748592250049114,9.010545909404755e-05,4.049082985147834,0.6025512898340821,True,0.301346567890615,False
capacity,15,146,4.050215007737279,0.33487100154161453,9.103678166866302e-05,4.050306044518948,0.6066293579060584,True,0.28859352972402713,False
capacity,15,147,4.45307488553226,0.3713399637490511,9.010545909404755e-05,4.453164990991354,0.6111181098967791,True,0.2320240940983496,False
capacity,15,148,4.1820937767624855,0.3641869407147169,8.009374141693115e-05,4.182173870503902,0.6153399078175426,True,0.25515292831321557,False
capacity,15,149,4.117892822250724,0.3449399955570698,9.010545909404755e-05,4.117982927709818,0.6194925168529153,True,0.23167490283742528,False
capacity,15,150,4.072036826983094,0.34589204005897045,0.00010011717677116394,4.072136944159865,0.6235993488226086,True,0.24301665683100776,False
capacity,15,151,4.07862919382751,0.33991108648478985,7.986091077327728e-05,4.078709054738283,0.6277108800131828,True,0.23000573491662507,False
capacity,15,152,4.263898124918342,0.34312717616558075,9.988434612751007e-05,4.263998009264469,0.6320066379848868,True,0.24728893267343427,False
capacity,15,153,4.070263123139739,0.34295604564249516,9.988434612751007e-05,4.0703630074858665,0.6361083199735731,True,0.26828384219746,False
capacity,15,154,4.068318987265229,0.3437779378145933,6.0070306062698364e-05,4.068379057571292,0.6402077479287982,True,0.2542357556081016,False
capacity,15,155,4.073619144037366,0.3448100760579109,9.080395102500916e-05,4.073709947988391,0.6443117749877274,True,0.24161578324096633,False
capacity,15,156,4.1269599460065365,0.3451709635555744,9.010545909404755e-05,4.1270500514656305,0.6484823669306934,True,0.23534528470638255,False
capacity,15,157,4.048081114888191,0.3380069974809885,8.987262845039368e-05,4.048170987516642,0.6525765350088477,True,0.3015687352639828,False
capacity,15,158,4.0431818924844265,0.33636391162872314,8.009374141693115e-05,4.043261986225843,0.6566492628771812,True,0.31083660326449886,False
capacity,15,159,4.369145957753062,0.33806683495640755,9.010545909404755e-05,4.369236063212156,0.6610480749513954,True,0.3240609842098069,False
capacity,15,160,4.090430913493037,0.3462329041212797,8.009374141693115e-05,4.090511007234454,0.6651673808228225,True,0.329209288249292,False
capacity,15,161,4.063570871949196,0.3428759519010782,0.00010011717677116394,4.063670989125967,0.6692597758956254,True,0.31032826858288354,False
capacity,15,162,4.047609865665436,0.3343098796904087,0.00010011717677116394,4.047709982842207,0.673342591850087,True,0.26667827744076616,False
capacity,15,163,4.062437918037176,0.33621396869421005,0.00010011717677116394,4.062538035213947,0.6774334239307791,True,0.8523543101468907,False
capacity,15,164,4.315025173127651,0.3421150613576174,9.988434612751007e-05,4.315125057473779,0.6817765920422971,True,0.8451851409784263,False
capacity,15,165,4.051988944411278,0.335032120347023,9.988434612751007e-05,4.052088828757405,0.6858564028516412,True,0.7927337095716033,True
capacity,15,166,4.05008508823812,0.33524190075695515,0.00010989606380462646,4.050194984301925,0.68993362900801,True,0.7984188223523677,True
capacity,15,167,4.5477228704839945,0.34187501296401024,9.010545909404755e-05,4.5478129759430885,0.6945202948991209,True,0.7083484594915368,True
capacity,15,168,4.08314703963697,0.3337389789521694,9.988434612751007e-05,4.083246923983097,0.6986366149503738,True,0.6958784814649509,True
capacity,15,169,4.0414289105683565,0.3342600539326668,7.008202373981476e-05,4.041498992592096,0.7027062568813562,True,0.6656951213008531,True
capacity,15,170,4.0421499870717525,0.33563305623829365,0.00011012889444828033,4.042260115966201,0.7067758189514279,True,0.5971290604462872,False
capacity,15,171,4.123443039134145,0.33451011404395103,9.080395102500916e-05,4.12353384308517,0.7109266838524491,True,0.6046096842555624,False
capacity,15,172,4.19193203561008,0.35594101063907146,0.00010989606380462646,4.192041931673884,0.7151520089246333,True,0.5813441154375516,False
capacity,15,173,4.062929190695286,0.3412831574678421,0.00010081566870212555,4.063030006363988,0.7192422000225633,True,0.5548067566454103,False
capacity,15,174,4.0383730083703995,0.3353320062160492,0.00011012889444828033,4.038483137264848,0.7233138859737664,True,0.5201870863933264,False
capacity,15,175,4.625449888408184,0.3348509781062603,8.009374141693115e-05,4.625529982149601,0.7279660059139132,True,0.522637199149736,False
capacity,15,176,4.057097947224975,0.34154392778873444,9.103678166866302e-05,4.057188984006643,0.732057558838278,True,0.4983096199542988,False
capacity,15,177,4.055725876241922,0.3423749003559351,9.010545909404755e-05,4.055815981701016,0.7361463569104671,True,0.6425159636828677,False
capacity,15,178,4.036118974909186,0.34021097235381603,0.00010011717677116394,4.0362190920859575,0.7402091259136796,True,0.6447717873921861,False
capacity,15,179,4.104898078367114,0.3403010778129101,8.987262845039368e-05,4.1049879509955645,0.744341084966436,True,0.6399790545156856,True
capacity,15,180,4.18378715403378,0.3448000643402338,8.987262845039368e-05,4.1838770266622305,0.748556582024321,True,0.7003405953556021,True
capacity,15,181,4.048462025821209,0.3327971789985895,8.079223334789276e-05,4.048542818054557,0.7526324158534408,True,0.7045385163573731,True
capacity,15,182,4.028564086183906,0.3322560805827379,6.984919309616089e-05,4.028633935377002,0.7566878199577332,True,0.6762181383958965,True
capacity,15,183,4.5857049990445375,0.3334679640829563,8.102506399154663e-05,4.585786024108529,0.7613005968742073,True,0.675365267975031,True
capacity,15,184,4.4592260383069515,0.33595296554267406,0.00010104849934577942,4.459327086806297,0.7657869339454919,True,0.6544807653715439,True
capacity,15,185,4.285177914425731,0.42865797877311707,0.00011012889444828033,4.285288043320179,0.770105053903535,True,0.6559675786278625,True
capacity,15,186,4.097343888133764,0.3702680114656687,8.009374141693115e-05,4.097423981875181,0.7742384758312255,True,0.6386020932078672,True
capacity,15,187,4.617856116965413,0.3477861173450947,0.00011990778148174286,4.617976024746895,0.7788998240139335,True,0.613037469826957,False
capacity,15,188,4.1104089468717575,0.361019978299737,0.00010011717677116394,4.110509064048529,0.7830432648770511,True,0.6050325761244877,False
capacity,15,189,4.084308864548802,0.35651191137731075,0.00011106021702289581,4.084419924765825,0.787159944884479,True,0.5670814836742064,False
capacity,15,190,4.081214079633355,0.34936913289129734,8.987262845039368e-05,4.0813039522618055,0.7912724879570305,True,0.5650832476433787,False
capacity,15,191,4.288804950192571,0.3402808215469122,7.101334631443024e-05,4.288875963538885,0.7955982929561287,True,0.543979250027951,False
capacity,15,192,4.381539998576045,0.353886978700757,0.00010011717677116394,4.381640115752816,0.8000147079583257,True,0.5435011026889377,False
capacity,15,193,4.087045090273023,0.34921918995678425,7.986091077327728e-05,4.087124951183796,0.8041351959109306,True,0.5074734489950328,False
capacity,15,194,4.069340880960226,0.34305592998862267,6.100162863731384e-05,4.069401882588863,0.8082360269036144,True,0.4969948870678407,False
capacity,15,195,4.640778061002493,0.33734599128365517,9.010545909404755e-05,4.640868166461587,0.8129130629822612,True,0.4643220200619016,False
capacity,15,196,4.068729933351278,0.34571182914078236,0.00010011717677116394,4.0688300505280495,0.8170197049621493,True,0.4385878532276094,False
capacity,15,197,4.074380965903401,0.34813699312508106,0.00010011717677116394,4.0744810830801725,0.8211301940027624,True,0.4573890019841398,False
capacity,15,198,4.053330980241299,0.3429159987717867,0.00010011717677116394,4.05343109741807,0.8252135820221156,True,0.45783497373613113,False
capacity,15,199,4.648302914574742,0.33918884582817554,0.00012014061212539673,4.648423055186868,0.8298910099547356,True,0.4605140121770957,False
capacity,15,200,4.067978821694851,0.3342598211020231,9.010545909404755e-05,4.068068927153945,0.8339894858654588,True,0.4092290616709244,False
capacity,15,201,4.049604060128331,0.34021097235381603,0.00010104849934577942,4.049705108627677,0.8380686759483069,True,0.4135405679905659,False
capacity,15,202,4.0400458965450525,0.336033059284091,9.988434612751007e-05,4.04014578089118,0.8421373558230698,True,0.4627229726154274,False
capacity,15,203,4.645306849852204,0.3377269022166729,9.010545909404755e-05,4.645396955311298,0.8468168068211526,True,0.5019895573382129,False
capacity,15,204,4.054263001307845,0.33236690796911716,6.0070306062698364e-05,4.054323071613908,0.8509002949576825,True,0.5728712481051601,False
capacity,15,205,4.0593130979686975,0.32949098385870457,7.986091077327728e-05,4.059392958879471,0.8549881919752806,True,0.4651012225016564,False
capacity,15,206,4.036179045215249,0.3386081662029028,7.986091077327728e-05,4.036258906126022,0.8590589258819818,True,0.5048499002529326,False
capacity,15,207,4.623726941645145,0.3310949541628361,8.009374141693115e-05,4.623807035386562,0.8637154239695519,True,0.390252906315372,False
capacity,15,208,4.046638961881399,0.32637501135468483,0.00011012889444828033,4.046749090775847,0.8677898049354553,True,0.322243037761527,False
capacity,15,209,4.030277952551842,0.325934961438179,9.010545909404755e-05,4.030368058010936,0.8718469329178333,True,0.3401288560426878,False
capacity,15,210,4.044444998726249,0.3262248355895281,9.010545909404755e-05,4.044535104185343,0.8759187390096486,True,0.34033081516556435,False
capacity,15,211,4.628094146028161,0.3321561962366104,9.080395102500916e-05,4.628184949979186,0.8805742349941283,True,0.3683202527110908,False
capacity,15,212,4.02528909035027,0.3254241310060024,9.988434612751007e-05,4.025388974696398,0.8846267149783671,True,0.32523186441705787,False
capacity,15,213,4.052459029480815,0.3248220309615135,8.987262845039368e-05,4.052548902109265,0.8887063548900187,True,0.3171817385760146,False
capacity,15,214,4.037410952150822,0.32547302544116974,8.102506399154663e-05,4.037491977214813,0.8927709579002112,True,0.27364450971522486,False
capacity,15,215,4.553043050691485,0.32364996150135994,8.009374141693115e-05,4.553123144432902,0.8973616720177233,True,0.3531900782709838,False
capacity,15,216,4.020188003778458,0.3215160686522722,8.987262845039368e-05,4.020277876406908,0.9014092518482357,True,0.40071054714185483,False
capacity,15,217,4.034906858578324,0.322447856888175,9.010545909404755e-05,4.034996964037418,0.9054756378754973,True,0.38127089103163514,False
capacity,15,218,4.0284739807248116,0.3228881396353245,0.00012083910405635834,4.028594819828868,0.9095309828408062,True,0.37490584966449114,False
capacity,15,219,4.619067069143057,0.3239000216126442,9.103678166866302e-05,4.6191581059247255,0.9141774720046669,True,0.32523944075399036,False
capacity,15,220,4.040637984871864,0.33382000401616096,9.988434612751007e-05,4.040737869217992,0.9182457318529487,True,0.26458221587146624,False
capacity,15,221,4.031450022011995,0.3302630502730608,9.010545909404755e-05,4.031540127471089,0.9223103639669716,True,0.25883215878300214,False
capacity,15,222,4.287282004952431,0.32624509185552597,9.103678166866302e-05,4.287373041734099,0.9266245169565082,True,0.30712357733324375,False
capacity,15,223,4.793135914951563,0.4334370605647564,0.00011106021702289581,4.793246975168586,0.9314536908641458,True,0.2907818012131889,False
capacity,15,224,4.14630607701838,0.3507609944790602,9.103678166866302e-05,4.146397113800049,0.9356344919651747,True,0.27897480712616785,False
capacity,15,225,4.100278951227665,0.34965877421200275,9.010545909404755e-05,4.100369056686759,0.9397771609947085,True,0.29362063170318803,False
capacity,15,226,4.112893017008901,0.34106289967894554,0.00010011717677116394,4.112993134185672,0.9439236880280077,True,0.27706212642967104,False
capacity,15,227,4.898925079032779,0.4295401740819216,0.00012991949915885925,4.899054998531938,0.9488685599062592,True,0.3285198415884374,False
capacity,15,228,4.058731021359563,0.3313850611448288,8.009374141693115e-05,4.05881111510098,0.9529674369841814,True,0.3151335256299481,False
capacity,15,229,4.059473052620888,0.33713504672050476,7.986091077327728e-05,4.059552913531661,0.9570586099289358,True,0.3880608194962445,False
capacity,15,230,4.132820991799235,0.3354419022798538,8.987262845039368e-05,4.132910864427686,0.9612207259051502,True,0.22423209941360148,False
capacity,15,231,4.263467155396938,0.35457918420434,0.00010989606380462646,4.263577051460743,0.9655199099797755,True,0.19567497229873113,False
capacity,15,232,4.045727197080851,0.3280690871179104,9.988434612751007e-05,4.045827081426978,0.9695952830370516,True,0.23480759437014495,False
capacity,15,233,4.042040091007948,0.3304630517959595,7.986091077327728e-05,4.042119951918721,0.9736658369656652,True,0.24263372083541712,False
capacity,15,234,4.552911967039108,0.33048191107809544,0.00010104849934577942,4.553013015538454,0.97824722295627,True,0.2405085965901877,False
capacity,15,235,4.08137496560812,0.33409008756279945,8.987262845039368e-05,4.08146483823657,0.9823715288657695,True,0.3606882794457951,False
capacity,15,236,4.041749052703381,0.33347797580063343,8.009374141693115e-05,4.0418291464447975,0.9864399679936469,True,0.5098276301462202,False
capacity,15,237,4.039635881781578,0.33096387051045895,7.008202373981476e-05,4.039705963805318,0.9905105119105428,True,0.24155964115009193,False
capacity,15,238,4.417057149112225,0.33392920158803463,8.987262845039368e-05,4.417147021740675,0.9949543189723045,True,0.27173713738281197,False
capacity,15,239,4.113895120099187,0.351953087374568,9.988434612751007e-05,4.113995004445314,0.9990952550433576,True,0.24603687363390134,False
capacity,15,240,4.476248053833842,0.35245507024228573,8.987262845039368e-05,4.476337926462293,1.0036011589691043,True,0.2768982020487686,False
capacity,15,241,4.063088912516832,0.34155300818383694,9.103678166866302e-05,4.063179949298501,1.007699895882979,True,0.22127541479354174,False
capacity,15,242,4.57886210642755,0.337015138939023,7.986091077327728e-05,4.578941967338324,1.012308323988691,True,0.2656734379757093,False
capacity,15,243,4.081013146787882,0.34440914168953896,8.987262845039368e-05,4.081103019416332,1.016421376960352,True,0.30111500644520517,False
capacity,15,244,4.072957905009389,0.33803703263401985,0.00010011717677116394,4.07305802218616,1.0205257548950613,True,0.28715878158635133,False
capacity,15,245,4.0469691157341,0.3368048928678036,9.988434612751007e-05,4.047069000080228,1.0246061070356518,True,0.29677476025542726,False
capacity,15,246,4.5278549659997225,0.3329168539494276,8.102506399154663e-05,4.527935991063714,1.029160822974518,True,0.3076032103064937,False
capacity,15,247,4.038213053718209,0.3408521879464388,8.987262845039368e-05,4.03830292634666,1.0332365268841386,True,0.26945988425596334,False
capacity,15,248,4.045997047796845,0.33375900238752365,7.986091077327728e-05,4.046076908707619,1.0373156059067696,True,0.2650151384777993,False
capacity,15,249,4.019906977191567,0.33402908593416214,9.103678166866302e-05,4.019998013973236,1.04136219387874,True,0.27365667777151037,False
capacity,15,250,4.635338904336095,0.33578393049538136,9.010545909404755e-05,4.635429009795189,1.0460245539434254,True,0.2887177468353545,False
capacity,15,251,4.049263894557953,0.3423558082431555,0.00010011717677116394,4.049364011734724,1.0501016299240291,True,0.29476343412149664,False
capacity,15,252,4.033703822642565,0.34113298170268536,0.00010104849934577942,4.0338048711419106,1.0541623148601502,True,0.31108301693134527,False
capacity,15,253,4.054533084854484,0.33971015363931656,0.00010989606380462646,4.054642980918288,1.0582481869496405,True,0.298602723729861,False
capacity,15,254,4.66337101534009,0.3354120999574661,8.102506399154663e-05,4.663452040404081,1.0629487289115787,True,0.30866248237890176,False
capacity,15,255,4.048361908644438,0.3415739629417658,9.010545909404755e-05,4.048452014103532,1.0670250428374857,True,0.28653898486996904,False
capacity,15,256,4.041349049657583,0.3411530051380396,9.988434612751007e-05,4.041448934003711,1.0710930819623172,True,0.2931987292233022,False
capacity,15,257,4.044473869726062,0.3406219184398651,0.00010011717677116394,4.044573986902833,1.0751693458296359,True,0.25558374692671443,False
capacity,15,258,4.664162872359157,0.3403318114578724,8.009374141693115e-05,4.6642429661005735,1.0798601189162582,True,0.26628130508939213,False
capacity,15,259,4.065354121848941,0.33555319532752037,0.00010989606380462646,4.0654640179127455,1.0839536059647799,True,0.28430365049264905,False
capacity,15,260,4.058029968291521,0.3416838590055704,0.00010011717677116394,4.058130085468292,1.0880384659394622,True,0.26236166039235004,False
capacity,15,261,4.041770007461309,0.3405821043998003,8.987262845039368e-05,4.04185988008976,1.0921072668861598,True,0.2519031012219966,False
capacity,15,262,4.636229947209358,0.3374761436134577,7.986091077327728e-05,4.6363098081201315,1.0967705778311938,True,0.3090866138853119,False
capacity,15,263,4.03750198893249,0.33389986492693424,8.009374141693115e-05,4.037582082673907,1.100835510995239,True,0.325625986994858,False
capacity,15,264,4.0301179978996515,0.33305794931948185,7.008202373981476e-05,4.030188079923391,1.1048966469243169,True,0.33783672555928435,False
capacity,15,265,4.046398913487792,0.33198599703609943,0.00010011717677116394,4.046499030664563,1.1089732318650931,True,0.36312891081686205,False
capacity,15,266,4.640978993847966,0.339349964633584,8.987262845039368e-05,4.641068866476417,1.1136414918582886,True,0.3357810239077697,False
capacity,15,267,4.039024002850056,0.3346209414303303,8.987262845039368e-05,4.039113875478506,1.1177214828785509,True,0.3502601786804833,False
capacity,15,268,4.041419131681323,0.336645171046257,8.987262845039368e-05,4.0415090043097734,1.1217897629830986,True,0.3358395014090724,False
capacity,15,269,4.044814966619015,0.3358428366482258,0.00012014061212539673,4.04493510723114,1.1258618689607829,True,0.3533154766481506,False
capacity,15,270,4.617965081706643,0.3325070720165968,8.987262845039368e-05,4.6180549543350935,1.13050615391694,True,0.31284343612398546,False
capacity,15,271,4.036169033497572,0.33558299764990807,8.987262845039368e-05,4.036258906126022,1.1345693639013916,True,0.3169918157560293,False
capacity,15,272,4.054683959111571,0.33556297421455383,9.010545909404755e-05,4.054774064570665,1.1386505379341543,True,0.34206427313642157,False
capacity,15,273,4.035477060824633,0.3360740374773741,5.005858838558197e-05,4.035527119413018,1.1427126550115645,True,0.34230349815947453,False
capacity,15,274,4.642171086743474,0.33562304452061653,9.010545909404755e-05,4.642261192202568,1.1473863560240716,True,0.3346435115749248,False
capacity,15,275,4.056137055158615,0.337475910782814,8.009374141693115e-05,4.056217148900032,1.1514701349660754,True,0.35134742129462043,False
capacity,15,276,4.037942038848996,0.33614388667047024,8.009374141693115e-05,4.038022132590413,1.1555389449931681,True,0.39270157661627964,False
capacity,15,277,4.038844024762511,0.3377168904989958,9.010545909404755e-05,4.038934130221605,1.1596090879756957,True,0.3540225043170761,False
capacity,15,278,4.6219241339713335,0.3369161859154701,8.987262845039368e-05,4.622014006599784,1.1642579319886863,True,0.3447298190761068,False
capacity,15,279,4.039183957502246,0.33671408891677856,8.102506399154663e-05,4.0392649825662374,1.1683294768445194,True,0.35223598027330116,False
capacity,15,280,4.026168957352638,0.33958000130951405,0.00010011717677116394,4.026269074529409,1.1723824669606984,True,0.3864811306482073,False
capacity,15,281,4.033674020320177,0.3343410789966583,0.00010011717677116394,4.033774137496948,1.1764425709843636,True,0.3933677538302778,False
capacity,15,282,4.635708872228861,0.3358330577611923,9.010545909404755e-05,4.635798977687955,1.1811051408294588,True,0.3649854526187356,False
capacity,15,283,4.041339037939906,0.34019211307168007,7.986091077327728e-05,4.041418898850679,1.1851731699425727,True,0.41402688373664626,False
capacity,15,284,4.050795920193195,0.34485990181565285,0.00011106021702289581,4.050906980410218,1.1892550848424435,True,0.38152860018256485,False
capacity,15,285,4.047519993036985,0.3345510922372341,0.00010011717677116394,4.047620110213757,1.1933355969376862,True,0.37855020513795373,False
capacity,15,286,4.628865979611874,0.3375259693711996,0.00010011717677116394,4.628966096788645,1.1979909129440784,True,0.39601146326148867,False
capacity,15,287,4.0528608951717615,0.34128385595977306,0.00010011717677116394,4.052961012348533,1.202078288886696,True,0.41714625300191366,False
capacity,15,288,4.032602068036795,0.34112296998500824,8.987262845039368e-05,4.032691940665245,1.2061377209611237,True,0.3892434923802212,False
capacity,15,289,4.041698994114995,0.34044194035232067,9.010545909404755e-05,4.041789099574089,1.2102062809281051,True,0.4294650005666423,False
capacity,15,290,4.37166215851903,0.33948011696338654,6.984919309616089e-05,4.371732007712126,1.2146046829875559,True,0.4335479749619106,False
capacity,15,291,4.0584709495306015,0.33509195782244205,8.009374141693115e-05,4.058551043272018,1.2186900139786303,True,0.48603228928279263,False
capacity,15,292,4.047499969601631,0.3346409648656845,8.987262845039368e-05,4.047589842230082,1.2227645148523152,True,0.5044930894739671,False
capacity,15,293,4.033443983644247,0.333279138430953,8.987262845039368e-05,4.0335338562726974,1.226829307852313,True,0.44988309905457646,False
capacity,15,294,4.634787095710635,0.336785102263093,8.987262845039368e-05,4.634876968339086,1.2314958649221808,True,0.4042957507510273,False
capacity,15,295,4.0406768675893545,0.3369648475199938,0.00010011717677116394,4.040776984766126,1.235563983907923,True,0.42050082492439295,False
capacity,15,296,4.037010949105024,0.3365150187164545,9.010545909404755e-05,4.037101054564118,1.2396281559485942,True,0.4497011485131475,False
capacity,15,297,4.060204140841961,0.33706496469676495,0.00010989606380462646,4.0603140369057655,1.2437229650095105,True,0.40995678164942706,False
capacity,15,298,4.634937038645148,0.33425004221498966,0.00011012889444828033,4.635047167539597,1.2483847730327398,True,0.39264810018721436,False
capacity,15,299,4.049924900755286,0.3329780884087086,0.00011012889444828033,4.0500350296497345,1.252461508847773,True,0.3845525163245763,False
capacity,15,300,4.021009895950556,0.32836897298693657,0.0001310836523771286,4.021140979602933,1.256509669823572,True,0.3764666516012355,False
capacity,15,301,4.342345986515284,0.3272669855505228,9.010545909404755e-05,4.342436091974378,1.2608787559438497,True,0.3594999424772358,False
capacity,15,302,4.098074976354837,0.32772799022495747,9.010545909404755e-05,4.0981650818139315,1.2650046139024198,True,0.3270449048035943,False
capacity,15,303,4.0495740249753,0.3372449427843094,0.00010011717677116394,4.049674142152071,1.2690858480054885,True,0.4187295252842529,False
capacity,15,304,4.040075931698084,0.33314782194793224,9.010545909404755e-05,4.040166037157178,1.2731523539405316,True,0.37776427149039643,False
capacity,15,305,4.406417021527886,0.3356928937137127,9.010545909404755e-05,4.40650712698698,1.2775854209903628,True,0.3557682521590437,False
capacity,15,306,4.088607849553227,0.3302418626844883,9.010545909404755e-05,4.0886979550123215,1.2817011098377407,True,0.429284893204299,False
capacity,15,307,4.035748075693846,0.3285899292677641,8.987262845039368e-05,4.035837948322296,1.2857679759617895,True,0.2969706736144891,False
capacity,15,308,4.033633973449469,0.32584392465651035,8.009374141693115e-05,4.0337140671908855,1.2898289419244975,True,0.37998980133214505,False
capacity,15,309,4.029165022075176,0.32339897006750107,0.00011012889444828033,4.0292751509696245,1.2938888249918818,True,0.4675211351293492,False
capacity,15,310,4.158108960837126,0.32376102171838284,8.987262845039368e-05,4.158198833465576,1.2980739048216492,True,0.6091770546855485,False
capacity,15,311,4.037109902128577,0.33243605867028236,8.009374141693115e-05,4.037189995869994,1.302137564867735,True,0.5059693614311968,False
capacity,15,312,4.032050957903266,0.33312803134322166,8.009374141693115e-05,4.032131051644683,1.3061963869258761,True,1.0558296600391397,False
capacity,15,313,4.038703162223101,0.3351219929754734,7.986091077327728e-05,4.038783023133874,1.3102728510275483,True,0.5474297819958387,False
capacity,15,314,4.595843842253089,0.33129495568573475,9.010545909404755e-05,4.595933947712183,1.3148962268605828,True,0.5555866974151077,False
capacity,15,315,4.053852055221796,0.33393921330571175,9.988434612751007e-05,4.0539519395679235,1.3189773908816278,True,0.4922904047941286,False
capacity,15,316,4.034545971080661,0.3374558873474598,8.009374141693115e-05,4.034626064822078,1.3230388679075986,True,0.5090707161492535,False
capacity,15,317,4.039674997329712,0.33667520619928837,8.987262845039368e-05,4.039764869958162,1.3271095508243889,True,0.47871083252727603,False
capacity,15,318,4.598279017955065,0.3504909109324217,9.010545909404755e-05,4.598369123414159,1.3317348209675401,True,0.41538902615824336,False
capacity,15,319,4.029987147077918,0.32412121072411537,7.986091077327728e-05,4.030067007988691,1.3357924199663103,True,0.45709283039125753,False
capacity,15,320,4.035888006910682,0.32713706605136395,0.00010989606380462646,4.035997902974486,1.3398602379020303,True,0.45656569913757944,False
capacity,15,321,4.355621058493853,0.32820901833474636,7.986091077327728e-05,4.355700919404626,1.3442427199333906,True,0.5293911223473624,False
capacity,15,322,4.073769086971879,0.3280381206423044,9.103678166866302e-05,4.073860123753548,1.3483491409569979,True,0.3490273102894826,False
capacity,15,323,4.0339750703424215,0.32840901985764503,9.988434612751007e-05,4.034074954688549,1.3524143849499524,True,0.43404300502464627,False
capacity,15,324,4.0302281267941,0.32811914570629597,7.986091077327728e-05,4.030307987704873,1.3564713629893959,True,0.3705602079621166,False
capacity,15,325,4.039244959130883,0.3319759853184223,9.010545909404755e-05,4.039335064589977,1.3605379189830273,True,0.4246759980628408,False
capacity,15,326,4.087063949555159,0.337907113134861,9.103678166866302e-05,4.087154986336827,1.3646519838366657,True,0.47807838328640484,False
capacity,15,327,4.05226880684495,0.3357129171490669,8.009374141693115e-05,4.052348900586367,1.3687347108498216,True,0.4558827533181225,False
capacity,15,328,4.05169790610671,0.3352218773216009,8.009374141693115e-05,4.051777999848127,1.3728136199060827,True,0.4337877207655996,False
capacity,15,329,4.0450559463351965,0.33798697404563427,8.987262845039368e-05,4.045145818963647,1.3768850858323276,True,0.3444933820286293,False
capacity,15,330,4.675853997468948,0.33968989737331867,9.103678166866302e-05,4.675945034250617,1.3815917379688472,True,0.313237568578047,False
capacity,15,331,4.695991985499859,0.33979001455008984,9.988434612751007e-05,4.696091869845986,1.3863149818498641,True,0.3027976644630167,False
capacity,15,332,4.0428820066154,0.3407930489629507,9.988434612751007e-05,4.042981890961528,1.3903896939009428,True,0.3170642295643078,False
capacity,15,333,4.079481121152639,0.3387590404599905,8.987262845039368e-05,4.07957099378109,1.3944957449566573,True,0.3184378034050308,False
capacity,15,334,4.104476887732744,0.34156395122408867,9.010545909404755e-05,4.104566993191838,1.3986268418375403,True,0.310492521822548,False
capacity,15,335,4.048240836709738,0.3378367982804775,0.00010011717677116394,4.048340953886509,1.4027019238565117,True,0.27747492199950674,False
capacity,15,336,4.049894167110324,0.3377061802893877,8.102506399154663e-05,4.0499751921743155,1.4067784890066832,True,0.2578701935785463,False
capacity,15,337,4.359557991847396,0.33674389123916626,0.00011106021702289581,4.359669052064419,1.4111689960118383,True,0.32990967850793795,False
capacity,15,338,4.136777948588133,0.36401604302227497,0.00010104849934577942,4.136878997087479,1.4153325948864222,True,0.367330660661861,False
capacity,15,339,4.071455914527178,0.35804486833512783,8.009374141693115e-05,4.071536008268595,1.419430780922994,True,0.36817783288249156,False
capacity,15,340,4.039886174723506,0.3361941780894995,8.987262845039368e-05,4.039976047351956,1.4234974270220846,True,0.37974973093863845,False
capacity,15,341,4.051626892760396,0.33556181006133556,9.103678166866302e-05,4.051717929542065,1.4275759349111468,True,0.3190520989258078,False
capacity,15,342,4.135115072131157,0.33712503500282764,7.986091077327728e-05,4.13519493304193,1.431749973911792,True,0.32698100337593156,False
capacity,15,343,4.049384035170078,0.3348509781062603,9.010545909404755e-05,4.049474140629172,1.4358267299830914,True,0.3167795039606909,False
capacity,15,344,4.0413388051092625,0.33434992656111717,9.010545909404755e-05,4.0414289105683565,1.439895389834419,True,0.381454330219788,False
capacity,15,345,4.373304080218077,0.3368239849805832,9.103678166866302e-05,4.373395116999745,1.4442951639648527,True,0.28550622179120266,False
capacity,15,346,4.08716406673193,0.3329669125378132,8.102506399154663e-05,4.087245091795921,1.4484096800442785,True,0.33922711889041224,False
capacity,15,347,4.0355881210416555,0.33290800638496876,7.986091077327728e-05,4.035667981952429,1.4524770979769528,True,0.45663294408486566,False
capacity,15,348,4.046218004077673,0.33379998058080673,8.009374141693115e-05,4.04629809781909,1.4565506170038134,True,0.4447240903568636,False
capacity,15,349,4.0344849694520235,0.33199507743120193,0.00010104849934577942,4.034586017951369,1.4606112318579108,True,0.44573292619186183,False
capacity,15,350,4.168086918070912,0.3373660147190094,8.102506399154663e-05,4.168167943134904,1.4648056388832629,True,0.4212868833779124,False
capacity,15,351,4.047089023515582,0.3313838969916105,9.010545909404755e-05,4.047179128974676,1.468879678985104,True,0.3908269477631543,False
capacity,15,352,4.019878106191754,0.33144489862024784,7.008202373981476e-05,4.019948188215494,1.4729308360256255,True,0.2768906257118361,False
capacity,15,353,4.058541031554341,0.33717602491378784,8.987262845039368e-05,4.058630904182792,1.4770199048798531,True,0.2521861041914538,False
capacity,15,354,4.425122169777751,0.344269210472703,9.080395102500916e-05,4.425212973728776,1.4814720579888672,True,0.19128222745101714,False
capacity,15,355,4.047631053254008,0.32895104959607124,0.00010011717677116394,4.0477311704307795,1.485546489013359,True,0.1685607929905445,False
capacity,15,356,4.031721036881208,0.33035315573215485,8.987262845039368e-05,4.031810909509659,1.489604468923062,True,0.15936021186560434,False
capacity,15,357,4.04310179874301,0.3305729478597641,6.0070306062698364e-05,4.043161869049072,1.4936783488374203,True,0.2107463989371888,False
capacity,15,358,4.643061896786094,0.3424449823796749,8.009374141693115e-05,4.643141990527511,1.4983474898617715,True,0.1839596501763165,False
capacity,15,359,4.061766900122166,0.3322269767522812,9.010545909404755e-05,4.06185700558126,1.5024425599258393,True,0.18785943380848344,False
capacity,15,360,4.041399108245969,0.33194595016539097,8.987262845039368e-05,4.041488980874419,1.5065108200069517,True,0.1699839787097315,False
capacity,15,361,4.33660508133471,0.3306830767542124,7.986091077327728e-05,4.336684942245483,1.5108745759353042,True,0.1581475483322698,False
capacity,15,362,4.0849309880286455,0.3331990446895361,8.987262845039368e-05,4.085020860657096,1.5149910058826208,True,0.16616811273437043,False
capacity,15,363,4.036769969388843,0.3365948796272278,9.010545909404755e-05,4.036860074847937,1.5190545259974897,True,0.1767475612314583,False
capacity,15,364,4.030008101835847,0.3376970998942852,9.988434612751007e-05,4.030107986181974,1.5231153320055455,True,0.18034322960679378,False
capacity,15,365,4.053500946611166,0.33888895995914936,0.00010011717677116394,4.053601063787937,1.5271956028882414,True,0.14147237697401582,False
capacity,15,366,4.232879960909486,0.33952994272112846,8.009374141693115e-05,4.232960054650903,1.5314558648969978,True,0.16161240533168303,False
capacity,15,367,4.041008185595274,0.3316651564091444,8.987262845039368e-05,4.041098058223724,1.5355288030114025,True,0.17079282776804322,False
capacity,15,368,4.041770007461309,0.3332989290356636,9.988434612751007e-05,4.041869891807437,1.5395973229315132,True,0.1804810819206391,False
capacity,15,369,4.042590968310833,0.33354898914694786,8.987262845039368e-05,4.042680840939283,1.543666513869539,True,0.17391551161238888,False
capacity,15,370,4.650607006624341,0.3342998679727316,0.00011012889444828033,4.650717135518789,1.5483438109513372,True,0.1660735066764008,False
capacity,15,371,4.0321508422493935,0.3322658594697714,0.00010011717677116394,4.032250959426165,1.5524082428310066,True,0.21079825160367904,False
capacity,15,372,4.023524932563305,0.33305701799690723,9.103678166866302e-05,4.023615969344974,1.556458538863808,True,0.20833037642189126,False
capacity,15,373,4.037050064653158,0.33184513449668884,0.00010104849934577942,4.037151113152504,1.560522018931806,True,0.25289547174612986,False
capacity,15,374,4.142177989706397,0.33937906846404076,0.00010104849934577942,4.142279038205743,1.5646906169131398,True,0.2134121289310791,False
capacity,15,375,4.044263856485486,0.3331878688186407,0.00010011717677116394,4.044363973662257,1.5687656588852406,True,0.23879339261484997,False
capacity,16,0,3.8183678407222033,0.33136503770947456,7.008202373981476e-05,3.818437922745943,0.003838535863906145,False,,
capacity,16,1,3.795284079387784,0.3318449016660452,0.00012107193470001221,3.795405151322484,0.007659960072487593,False,,
capacity,16,2,4.249881953001022,0.3318160306662321,0.00013015232980251312,4.250012105330825,0.011931732995435596,False,,
capacity,16,3,3.8324350025504827,0.3326770383864641,0.00010989606380462646,3.8325448986142874,0.015786289935931563,False,,
capacity,16,4,3.803350031375885,0.3348609898239374,0.00011990778148174286,3.8034699391573668,0.01961153093725443,False,,
capacity,16,5,3.7921189796179533,0.3341499250382185,0.00012014061212539673,3.7922391202300787,0.023425630992278457,False,,
capacity,16,6,4.263918148353696,0.33338810317218304,0.00012991949915885925,4.264048067852855,0.027711200062185526,False,,
capacity,16,7,3.8485450204461813,0.33483095467090607,0.00013015232980251312,3.848675172775984,0.03158209705725312,False,,
capacity,16,8,3.792600007727742,0.3326381556689739,0.00014994293451309204,3.7927499506622553,0.035397158935666084,False,,
capacity,16,9,3.7821498699486256,0.3322658594697714,0.00011012889444828033,3.782259998843074,0.03920159093104303,False,,
capacity,16,10,4.2462649289518595,0.3381578717380762,0.00012014061212539673,4.246385069563985,0.04346968699246645,False,,
capacity,16,11,3.8438059855252504,0.3353420179337263,0.00014016404747962952,3.84394614957273,0.047340173041448,False,,
capacity,16,12,3.8062259554862976,0.33873901702463627,0.00013015232980251312,3.8063561078161,0.05116855097003281,False,,
capacity,16,13,3.941609989851713,0.38016587495803833,0.00011106021702289581,3.941721050068736,0.05513242306187749,False,,
capacity,16,14,3.822555998340249,0.34561101347208023,0.0001601874828338623,3.822716185823083,0.05898093804717064,False,,
capacity,16,15,4.241676069796085,0.33809710294008255,0.00012991949915885925,4.241805989295244,0.06324649904854596,False,,
capacity,16,16,4.011522047221661,0.34267595037817955,0.0001310836523771286,4.011653130874038,0.06728259800001979,False,,
capacity,16,17,3.9982469752430916,0.3424850292503834,0.00012083910405635834,3.998367814347148,0.07130357786081731,False,,
capacity,16,18,4.386339103803039,0.34444895572960377,0.00010989606380462646,4.386448999866843,0.07571263005957007,False,,
capacity,16,19,4.052449949085712,0.33728592097759247,0.00014016404747962952,4.052590113133192,0.07978808297775686,False,,
capacity,16,20,4.06227819621563,0.33912016078829765,0.00011990778148174286,4.062398103997111,0.08387303305789828,False,,
capacity,16,21,4.100830992683768,0.37202099338173866,0.0002100132405757904,4.101041005924344,0.08801350905559957,False,,
capacity,16,22,4.060654900968075,0.34919893369078636,0.00013015232980251312,4.060785053297877,0.09210633393377066,False,,
capacity,16,23,4.552171099931002,0.3508310765028,0.00012083910405635834,4.552291939035058,0.09668563702143729,False,,
capacity,16,24,4.199066199362278,0.3525451757013798,0.00012991949915885925,4.199196118861437,0.10091612208634615,False,,
capacity,16,25,4.038893850520253,0.3461018204689026,0.00012014061212539673,4.039013991132379,0.10498502291738987,False,,
capacity,16,26,4.043361870571971,0.34091295674443245,0.00013015232980251312,4.0434920229017735,0.10905624693259597,False,,
capacity,16,27,4.250853089615703,0.36331498995423317,0.000141095370054245,4.250994184985757,0.11333741806447506,False,,
capacity,16,28,4.345752997323871,0.3512429539114237,0.0001501757651567459,4.345903173089027,0.11771295708604157,False,,
capacity,16,29,4.042421001940966,0.3405720926821232,0.00011990778148174286,4.042540909722447,0.12178322998806834,False,,
capacity,16,30,4.341355059295893,0.3345310688018799,0.00012991949915885925,4.341484978795052,0.1261509640607983,False,,
capacity,16,31,4.073539050295949,0.34021097235381603,0.00011990778148174286,4.073658958077431,0.13025595201179385,False,,
capacity,16,32,4.0013231337070465,0.3344400320202112,9.988434612751007e-05,4.001423018053174,0.1342815610114485,False,,
capacity,16,33,4.0023550391197205,0.332527095451951,0.00012083910405635834,4.002475878223777,0.1383066289126873,False,,
capacity,16,34,4.007495008409023,0.33087399788200855,0.00011012889444828033,4.007605137303472,0.1423372169956565,False,,
capacity,16,35,4.657489946112037,0.33601303584873676,0.00014016404747962952,4.657630110159516,0.14701736997812986,True,0.19154042877161362,False
capacity,16,36,4.036630038172007,0.3354728687554598,9.010545909404755e-05,4.036720143631101,0.15108336508274078,True,0.22926302939956517,False
capacity,16,37,4.037149948999286,0.33684493973851204,8.009374141693115e-05,4.037230042740703,0.1551480069756508,True,0.3586131284128576,False
capacity,16,38,4.390215966850519,0.338597921654582,0.00010104849934577942,4.390317015349865,0.15956488391384482,True,0.2984534928508881,False
capacity,16,39,4.100569989532232,0.3345510922372341,8.987262845039368e-05,4.100659862160683,0.16369255492463708,True,0.28015227702559165,False
capacity,16,40,4.03258204460144,0.33236690796911716,9.010545909404755e-05,4.0326721500605345,0.16775808902457356,True,0.2794218110051835,False
capacity,16,41,4.037370905280113,0.33403001725673676,9.010545909404755e-05,4.037461010739207,0.17182864295318723,True,0.22314784141704377,False
capacity,16,42,4.362514009699225,0.33546192571520805,8.009374141693115e-05,4.362594103440642,0.17621783702634275,True,0.19307131436826205,False
capacity,16,43,4.102182807400823,0.34267595037817955,9.010545909404755e-05,4.102272912859917,0.18034695088863373,True,0.1349448921358059,False
capacity,16,44,4.049001960083842,0.3365741576999426,0.00012083910405635834,4.049122799187899,0.1844284748658538,True,0.12839335043427372,False
capacity,16,45,4.031108925119042,0.33706589601933956,9.010545909404755e-05,4.0311990305781364,0.18848598399199545,True,0.12937942216533288,False
capacity,16,46,4.353787982836366,0.3375259693711996,9.988434612751007e-05,4.353887867182493,0.19286663294769824,True,0.13335485625251403,False
capacity,16,47,4.086102824658155,0.3391290083527565,9.010545909404755e-05,4.0861929301172495,0.19697944587096572,True,0.15210276984220258,False
capacity,16,48,4.040668020024896,0.33753691241145134,0.00010011717677116394,4.040768137201667,0.20104637299664319,True,0.12208363928533349,False
capacity,16,49,4.046647809445858,0.34368783235549927,0.00010011717677116394,4.046747926622629,0.2051195208914578,True,0.1162755734757097,False
capacity,16,50,4.354580072686076,0.3451211377978325,8.987262845039368e-05,4.354669945314527,0.20950501901097596,True,0.10376742384348385,False
capacity,16,51,4.084310028702021,0.3405921161174774,9.988434612751007e-05,4.084409913048148,0.21362051693722606,True,0.13006335876296388,False
capacity,16,52,4.04244102537632,0.33893901854753494,8.987262845039368e-05,4.04253089800477,0.21768972789868712,True,0.12978035579350664,False
capacity,16,53,4.0381120052188635,0.33765588887035847,9.010545909404755e-05,4.0382021106779575,0.22175482101738453,True,0.171821832075053,False
capacity,16,54,4.369806963950396,0.3404009621590376,8.102506399154663e-05,4.369887989014387,0.2261561679188162,True,0.15888221388095589,False
capacity,16,55,4.092826042324305,0.3453309182077646,0.00011012889444828033,4.092936171218753,0.23027639603242278,True,0.14567375051873993,False
capacity,16,56,4.060063976794481,0.3459418658167124,0.00010011717677116394,4.060164093971252,0.2343637510202825,True,0.15050324440558116,False
capacity,16,57,4.029636969789863,0.33948011696338654,9.010545909404755e-05,4.029727075248957,0.23842644994147122,True,0.1369350198320568,False
capacity,16,58,4.3514028657227755,0.33804704435169697,9.010545909404755e-05,4.3514929711818695,0.24280452285893261,True,0.15956354850428683,False
capacity,16,59,4.089609952643514,0.3371560014784336,0.00010011717677116394,4.089710069820285,0.24692117399536073,True,0.16999749333427372,False
capacity,16,60,4.051957977935672,0.3388191107660532,0.00011082738637924194,4.052068805322051,0.25100504187867045,True,0.21253572720743727,False
capacity,16,61,4.045326029881835,0.3451108932495117,0.00011012889444828033,4.045436158776283,0.25508145708590746,True,0.22482692818651062,False
capacity,16,62,4.346383037045598,0.34506991505622864,0.00012107193470001221,4.346504108980298,0.25945420004427433,True,0.24743112000558035,False
capacity,16,63,4.110659006983042,0.3448100760579109,0.00010989606380462646,4.110768903046846,0.2635938539169729,True,0.31082378442341557,False
capacity,16,64,4.043102031573653,0.34090294502675533,9.010545909404755e-05,4.043192137032747,0.26766457804478705,True,0.30222946256979527,False
capacity,16,65,4.054542863741517,0.34164381213486195,6.0070306062698364e-05,4.05460293404758,0.27174604195170105,True,0.34970100723523406,False
capacity,16,66,4.3812699150294065,0.34097302705049515,0.00010011717677116394,4.381370032206178,0.27615917194634676,True,0.3316600429742748,False
capacity,16,67,4.091673064976931,0.3469840157777071,0.00010104849934577942,4.091774113476276,0.28027844708412886,True,0.31221753290946475,False
capacity,16,68,4.050095099955797,0.34668389707803726,9.010545909404755e-05,4.050185205414891,0.28435553307645023,True,0.38034736517454576,False
capacity,16,69,4.042790969833732,0.3400209825485945,0.00010989606380462646,4.042900865897536,0.28843556391075253,True,0.38117108640528663,False
capacity,16,70,4.369166912510991,0.33909990452229977,9.010545909404755e-05,4.369257017970085,0.29283124092034996,True,0.3426200488973983,False
capacity,16,71,4.098315956071019,0.336984870955348,9.103678166866302e-05,4.098406992852688,0.2969612169545144,True,0.5068132417468252,False
capacity,16,72,4.035366931930184,0.3386889584362507,9.010545909404755e-05,4.035457037389278,0.301024405984208,True,0.3655721183323812,False
capacity,16,73,4.050476010888815,0.3429669886827469,8.009374141693115e-05,4.050556104630232,0.3051023939624429,True,0.4699258390354553,False
capacity,16,74,4.37567918561399,0.34194509498775005,8.987262845039368e-05,4.37576905824244,0.30950530408881605,True,0.40798500983466357,False
capacity,16,75,4.089619964361191,0.33808709122240543,0.00011990778148174286,4.0897398721426725,0.31362189492210746,True,0.37152461536939047,False
capacity,16,76,4.049132810905576,0.3372558858245611,8.009374141693115e-05,4.049212904646993,0.3176982388831675,True,0.40824750312434405,False
capacity,16,77,4.045015200972557,0.3357331734150648,7.986091077327728e-05,4.04509506188333,0.3217703150585294,True,0.34531372471982696,False
capacity,16,78,4.3612809386104345,0.334619777277112,9.103678166866302e-05,4.361371975392103,0.3261688370257616,True,0.39353498431515604,False
capacity,16,79,4.084189189597964,0.33878907561302185,9.988434612751007e-05,4.084289073944092,0.3302847060840577,True,0.41000197456697884,False
capacity,16,80,4.036840051412582,0.33966987393796444,0.00010011717677116394,4.036940168589354,0.33434837707318366,True,0.4031076696946969,False
capacity,16,81,4.050586139783263,0.33247703686356544,0.00010989606380462646,4.050696035847068,0.33843551203608513,True,0.42641990948575276,False
capacity,16,82,4.338258877396584,0.33326889388263226,0.00010011717677116394,4.338358994573355,0.34280010988004506,True,0.45314164938194107,False
capacity,16,83,4.10340609960258,0.3350721672177315,8.987262845039368e-05,4.1034959722310305,0.3469303259626031,True,0.4465234461847168,False
capacity,16,84,4.061076091602445,0.3376561217010021,9.103678166866302e-05,4.061167128384113,0.35101890400983393,True,0.47286834983575454,False
capacity,16,85,4.03971504420042,0.34412811510264874,7.986091077327728e-05,4.039794905111194,0.3550862609408796,True,0.46726246827246287,False
capacity,16,86,4.126779967918992,0.3450009971857071,0.00010989606380462646,4.126889863982797,0.35924185486510396,True,0.420077654086297,False
capacity,16,87,4.192003048956394,0.35319593735039234,0.00010011717677116394,4.192103166133165,0.3634646460413933,True,0.415353769744575,False
capacity,16,88,4.9448620993644,0.44191302731633186,0.00012991949915885925,4.944992018863559,0.3684469179715961,True,0.46534251735365717,False
capacity,16,89,4.268035991117358,0.34806597977876663,0.00010011717677116394,4.268136108294129,0.3727562320418656,True,0.4624953452401667,False
capacity,16,90,4.451001062989235,0.3382780123502016,0.00010011717677116394,4.451101180166006,0.3772469670511782,True,0.46527249363352374,False
capacity,16,91,4.394805058836937,0.46347291208803654,0.0001310836523771286,4.394936142489314,0.38169349008239806,True,0.4305051426223617,False
capacity,16,92,4.091873997822404,0.3410428762435913,0.00011012889444828033,4.091984126716852,0.38582177204079926,True,0.4456599592896632,False
capacity,16,93,4.126147832721472,0.3393490333110094,0.00010011717677116394,4.126247949898243,0.3899822048842907,True,0.45840343453873084,False
capacity,16,94,4.841526970267296,0.39497390389442444,0.00010011717677116394,4.841627087444067,0.39486281597055495,True,0.4298571142837119,False
capacity,16,95,4.808756057173014,0.4525939002633095,0.0002100132405757904,4.8089660704135895,0.39972329908050597,True,0.5022123401279072,False
capacity,16,96,5.085206124931574,0.38185901939868927,0.0001708976924419403,5.085377022624016,0.4048594010528177,True,0.4670484974213497,False
capacity,16,97,4.512998042628169,0.3689550794661045,0.0001909211277961731,4.513188963755965,0.4094238260295242,True,0.4930029058627655,False
capacity,16,98,4.174328874796629,0.35479897633194923,0.00016996636986732483,4.174498841166496,0.4136408749036491,True,0.532447655100339,False
capacity,16,99,4.089469090104103,0.3416941035538912,0.00017997808754444122,4.0896490681916475,0.4177731149829924,True,0.4908709806534397,False
capacity,16,100,4.084881162270904,0.33848918974399567,5.9837475419044495e-05,4.084940999746323,0.4218925710301846,True,0.48479656190015197,False
capacity,16,101,4.400135017931461,0.34044194035232067,8.009374141693115e-05,4.400215111672878,0.42633008607663214,True,0.46715981117270283,False
capacity,16,102,4.107323009520769,0.34428900107741356,9.010545909404755e-05,4.107413114979863,0.430473217042163,True,0.546469179075216,False
capacity,16,103,4.056666977703571,0.3346910234540701,8.987262845039368e-05,4.056756850332022,0.4345581668894738,True,0.44352494076188176,False
capacity,16,104,4.026872105896473,0.3338500391691923,7.986091077327728e-05,4.026951966807246,0.4386121400166303,True,0.46765102547990706,False
capacity,16,105,4.352856194600463,0.3325871657580137,0.00010989606380462646,4.3529660906642675,0.44299169606529176,True,0.42290800828892505,False
capacity,16,106,10.338558815419674,0.3338989336043596,0.00010011717677116394,10.338658932596445,0.45335778687149286,True,0.46736839775384764,False
capacity,16,107,8.807413978502154,0.5591849330812693,0.0002400483936071396,8.807654026895761,0.4622728540562093,True,0.5198960509069414,False
capacity,16,108,8.209126070141792,0.7759029977023602,0.00015995465219020844,8.209286024793983,0.4705803750548512,True,0.4962963016077997,False
capacity,16,109,8.808414917439222,0.6110009271651506,0.0001310836523771286,8.8085460010916,0.4794953109230846,True,0.5449823454912051,False
capacity,16,110,7.31620192527771,0.5389659199863672,0.00021094456315040588,7.31641286984086,0.48688100394792855,True,0.5305115763900388,False
capacity,16,111,7.372558815404773,0.5377738270908594,0.0002200249582529068,7.372778840363026,0.4943427708931267,True,0.5331968391639478,False
capacity,16,112,5.690277088433504,0.470888102427125,0.00013993121683597565,5.69041701965034,0.5001176469959319,True,0.5604323176103687,False
capacity,16,113,4.136288072913885,0.3608311526477337,9.988434612751007e-05,4.136387957260013,0.5043093089479953,True,0.5690146670318925,False
capacity,16,114,4.654214018955827,0.35156309604644775,8.987262845039368e-05,4.654303891584277,0.5089993099682033,True,0.5880727180426877,False
capacity,16,115,4.722151905298233,0.36049983464181423,0.00011012889444828033,4.722262034192681,0.5137586719356477,True,0.5656008868365178,False
capacity,16,116,4.1961700189858675,0.3455409314483404,0.00010011717677116394,4.196270136162639,0.5179923030082136,True,0.5591867357260298,False
capacity,16,117,4.088277230039239,0.3683040849864483,0.00010989606380462646,4.088387126103044,0.522117410087958,True,0.5450474514942111,False
capacity,16,118,4.352034069597721,0.3394999075680971,0.00010989606380462646,4.352143965661526,0.5265024460386485,True,0.5750575687516292,False
capacity,16,119,4.090521018952131,0.33399881795048714,0.00011012889444828033,4.0906311478465796,0.530621892074123,True,0.5939377363688377,False
capacity,16,120,4.036008846014738,0.333618838340044,0.00010011717677116394,4.036108963191509,0.5346860939171165,True,0.5756744927701734,False
capacity,16,121,4.032462136819959,0.3297310322523117,9.988434612751007e-05,4.032562021166086,0.5387504959944636,True,0.6428498163316085,False
capacity,16,122,4.406997933983803,0.32955105416476727,8.009374141693115e-05,4.40707802772522,0.5431847849395126,True,0.5871437658987805,False
capacity,16,123,4.069152055308223,0.3358239773660898,8.009374141693115e-05,4.06923214904964,0.5472812580410391,True,0.5671227215898137,False
capacity,16,124,4.102434031665325,0.3804371226578951,0.00010989606380462646,4.10254392772913,0.5514106119517237,True,0.5690515498327019,False
capacity,16,125,4.125157138332725,0.3296721260994673,9.988434612751007e-05,4.125257022678852,0.5555677590891719,True,0.538090121935939,False
capacity,16,126,4.352073883637786,0.33017201349139214,0.00010011717677116394,4.352174000814557,0.5599463628605008,True,0.5593865766626325,False
capacity,16,127,4.079439910128713,0.33095385879278183,0.00011012889444828033,4.079550039023161,0.5640532749239355,True,0.5783805291403972,False
capacity,16,128,4.075643140822649,0.33850804902613163,9.988434612751007e-05,4.0757430251687765,0.5681604880373925,True,0.5538427628205957,False
capacity,16,129,4.0804920718073845,0.3526050131767988,7.986091077327728e-05,4.080571932718158,0.5722681209445,True,0.5916335090454253,False
capacity,16,130,4.370067967101932,0.3360628616064787,9.010545909404755e-05,4.370158072561026,0.5766649299766868,True,0.6597603675197935,False
capacity,16,131,4.086883971467614,0.33166492357850075,0.00011106021702289581,4.086995031684637,0.5807849769480526,True,0.6476690470818426,False
capacity,16,132,4.034325014799833,0.3309040330350399,8.987262845039368e-05,4.034414887428284,0.5848463429138064,True,0.6168037474735882,False
capacity,16,133,4.038102924823761,0.3295119386166334,7.008202373981476e-05,4.038173006847501,0.5889109859708697,True,0.5770950176806833,False
capacity,16,134,4.611612996086478,0.32991101033985615,9.103678166866302e-05,4.611704032868147,0.5935496499296278,True,0.6860490181193608,False
capacity,16,135,4.033253062516451,0.33045304007828236,7.101334631443024e-05,4.033324075862765,0.5976100650150329,True,0.5608544889723623,False
capacity,16,136,4.025649046525359,0.33189612440764904,9.988434612751007e-05,4.025748930871487,0.6016624639742076,True,0.5202968267997414,False
capacity,16,137,4.043201915919781,0.3318558447062969,8.009374141693115e-05,4.043282009661198,0.6057370649650693,True,0.4540383930644467,False
capacity,16,138,4.5466909650713205,0.33157505095005035,9.010545909404755e-05,4.546781070530415,0.610315385973081,True,0.39822826365961705,False
capacity,16,139,4.050135146826506,0.33850804902613163,0.00010081566870212555,4.050235962495208,0.6143927830271423,True,0.36458810322096336,False
capacity,16,140,4.016431979835033,0.3311650361865759,0.00010011717677116394,4.016532097011805,0.6184360550250858,True,0.32656193245631343,False
capacity,16,141,4.055714933201671,0.3319759853184223,9.988434612751007e-05,4.055814817547798,0.6225223678629845,True,0.3597058810902184,False
capacity,16,142,4.3686560820788145,0.33018295653164387,0.00010011717677116394,4.368756199255586,0.6269182150717825,True,0.39920798351223785,False
capacity,16,143,4.085632041096687,0.3310241736471653,8.987262845039368e-05,4.085721913725138,0.6310305369552225,True,0.4691903781714805,False
capacity,16,144,4.0565370582044125,0.3358731046319008,9.988434612751007e-05,4.05663694255054,0.6351139550097287,True,0.37711278304286006,False
capacity,16,145,4.0363590233027935,0.3353420179337263,7.986091077327728e-05,4.036438884213567,0.6391771149355918,True,0.3022007950148805,False
capacity,16,146,4.636339843273163,0.3343599382787943,0.00011106021702289581,4.636450903490186,0.6438404459040612,True,0.3376436644715264,False
capacity,16,147,4.04992513358593,0.3300721291452646,0.00010989606380462646,4.0500350296497345,0.6479212890844792,True,0.27345150444508665,False
capacity,16,148,4.052379168570042,0.33136410638689995,0.00010989606380462646,4.052489064633846,0.6520006090868264,True,0.2992909459322215,False
capacity,16,149,4.037050995975733,0.33136503770947456,8.987262845039368e-05,4.037140868604183,0.6560647909063846,True,0.3247478206685946,False
capacity,16,150,4.358395934104919,0.3345008008182049,0.00010011717677116394,4.358496051281691,0.6604537439998239,True,0.3113537753158611,False
capacity,16,151,4.096291959285736,0.32941089011728764,8.009374141693115e-05,4.096372053027153,0.66458166600205,True,0.29782940166215804,False
capacity,16,152,4.037041217088699,0.3264050465077162,8.987262845039368e-05,4.03713108971715,0.668645678088069,True,0.4830835434178863,False
capacity,16,153,4.0167218539863825,0.3252939786761999,7.008202373981476e-05,4.016791936010122,0.672688728896901,True,0.5945357452992255,False
capacity,16,154,4.616803955286741,0.32504298724234104,9.010545909404755e-05,4.616894060745835,0.6773316019680351,True,0.658864049804482,False
capacity,16,155,4.039765102788806,0.33670500852167606,6.984919309616089e-05,4.039834951981902,0.6813984180334955,True,0.8659513579118429,False
capacity,16,156,4.021290922537446,0.32943091355264187,9.010545909404755e-05,4.02138102799654,0.6854467599187046,True,0.7943007916116512,True
capacity,16,157,4.04887180775404,0.32919994555413723,0.00011012889444828033,4.048981936648488,0.6895267008803785,True,0.7441725322628934,True
capacity,16,158,4.631350981071591,0.3264159895479679,0.00010989606380462646,4.631460877135396,0.6941844818647951,True,0.735096233675108,True
capacity,16,159,5.062012933194637,0.3305431455373764,0.00010989606380462646,5.062122829258442,0.6992729848716408,True,0.783318470320431,True
capacity,16,160,4.092634888365865,0.34772581420838833,8.009374141693115e-05,4.092714982107282,0.703397769946605,True,0.6301468247415033,False
capacity,16,161,4.037681967020035,0.33050309866666794,9.988434612751007e-05,4.037781851366162,0.7074733439367265,True,0.7466434895040605,False
capacity,16,162,4.680434009060264,0.36801397800445557,8.987262845039368e-05,4.680523881688714,0.7121807879302651,True,0.5854513346739164,False
capacity,16,163,4.049974959343672,0.33648498356342316,7.986091077327728e-05,4.050054820254445,0.7162629328668118,True,0.5436909481454302,False
capacity,16,164,4.111830843612552,0.36402582190930843,8.009374141693115e-05,4.111910937353969,0.7204020859207958,True,0.514671205305744,False
capacity,16,165,4.025398986414075,0.33183605410158634,0.00010011717677116394,4.025499103590846,0.7244550969917327,True,0.5923532245620834,False
capacity,16,166,4.849090939387679,0.36992691457271576,8.102506399154663e-05,4.849171964451671,0.7293317399453372,True,0.5264661078651355,False
capacity,16,167,4.276521969586611,0.3389690537005663,8.987262845039368e-05,4.276611842215061,0.7336408628616482,True,0.5104599099011299,False
capacity,16,168,4.042120184749365,0.33730617724359035,6.984919309616089e-05,4.042190033942461,0.7377110060770065,True,0.528671969842322,False
capacity,16,169,4.031270043924451,0.3351320046931505,8.009374141693115e-05,4.031350137665868,0.7417694570031017,True,0.6659717252483196,False
capacity,16,170,4.1155091021209955,0.3373059444129467,8.987262845039368e-05,4.115598974749446,0.7459128580521792,True,0.742538798517092,False
capacity,16,171,4.064441891387105,0.337876845151186,0.00010011717677116394,4.064542008563876,0.7500086189247668,True,0.68027845135112,True
capacity,16,172,4.056958016008139,0.3361739218235016,9.010545909404755e-05,4.057048121467233,0.754092327086255,True,0.6172701131025424,False
capacity,16,173,4.050455987453461,0.3410740755498409,9.010545909404755e-05,4.050546092912555,0.7581693429965526,True,0.5891332813657844,False
capacity,16,174,4.630448995158076,0.3428759519010782,0.00010011717677116394,4.6305491123348475,0.7628267430700362,True,0.5903290416139643,False
capacity,16,175,4.04762988910079,0.3366039600223303,0.00010011717677116394,4.047730006277561,0.7669013738632202,True,0.5054157531345354,False
capacity,16,176,4.046818008646369,0.3371948841959238,9.103678166866302e-05,4.046909045428038,0.7709790710359812,True,0.5017051081967111,False
capacity,16,177,4.383623134344816,0.3364039584994316,9.988434612751007e-05,4.383723018690944,0.7753941740375012,True,0.49281025905202563,False
capacity,16,178,4.073169082403183,0.3389690537005663,9.988434612751007e-05,4.0732689667493105,0.7794936329592019,True,0.5047799530614551,False
capacity,16,179,4.111431073397398,0.33564306795597076,0.00010989606380462646,4.111540969461203,0.7836313729640096,True,0.557466583717959,False
capacity,16,180,4.205487901344895,0.38879294879734516,0.00012014061212539673,4.205608041957021,0.7878689209464937,True,0.5983719781854365,False
capacity,16,181,4.048401955515146,0.3377769608050585,0.00010104849934577942,4.048503004014492,0.7919499250128865,True,0.6426496497007093,False
capacity,16,182,4.158649127930403,0.3395301755517721,8.079223334789276e-05,4.158729920163751,0.7961366369854659,True,0.7491151842512302,False
capacity,16,183,4.053601995110512,0.34530111588537693,9.988434612751007e-05,4.053701879456639,0.8002174899447709,True,0.7052170951451017,True
capacity,16,184,4.056185949593782,0.345821026712656,0.00010104849934577942,4.056286998093128,0.8043003769125789,True,0.6644211121871547,True
capacity,16,185,4.042449872940779,0.3443590831011534,8.102506399154663e-05,4.04253089800477,0.80836958787404,True,0.6478907651631745,True
capacity,16,186,4.606975009664893,0.33610383979976177,9.010545909404755e-05,4.607065115123987,0.81301434407942,True,0.6535707557296241,True
capacity,16,187,4.042730899527669,0.3413229715079069,9.010545909404755e-05,4.042821004986763,0.8170841159299016,True,0.7074711643111918,True
capacity,16,188,4.034465877339244,0.34058187156915665,0.00011012889444828033,4.034576006233692,0.8211493499111384,True,0.729016400543256,True
capacity,16,189,4.379895981401205,0.34252600744366646,9.010545909404755e-05,4.379986086860299,0.8255562670528889,True,0.6535661050006701,True
capacity,16,190,4.091934068128467,0.33921911381185055,0.00010989606380462646,4.092043964192271,0.8296754430048168,True,0.6391291084610642,True
capacity,16,191,4.0417988784611225,0.33748592250049114,9.010545909404755e-05,4.041888983920217,0.8337490919511765,True,0.6270935482998574,False
capacity,16,192,4.040928091853857,0.33815810456871986,9.988434612751007e-05,4.0410279761999846,0.8378171110525727,True,0.6848388937470407,False
capacity,16,193,4.4305219780653715,0.3379969857633114,8.009374141693115e-05,4.4306020718067884,0.8422740430105478,True,0.7258844002661692,False
capacity,16,194,4.117192002013326,0.34532113932073116,9.988434612751007e-05,4.117291886359453,0.8464184259064496,True,0.7476632614027025,True
capacity,16,195,4.029656993225217,0.33974088728427887,0.00010011717677116394,4.029757110401988,0.8504748530685902,True,0.7665697063315429,True
capacity,16,196,4.0554150473326445,0.3395499661564827,9.010545909404755e-05,4.0555051527917385,0.8545612760353833,True,0.6608703578171279,True
capacity,16,197,4.038383020088077,0.3381478600203991,9.010545909404755e-05,4.038473125547171,0.8586262590251863,True,0.648604583885143,True
capacity,16,198,4.099608864635229,0.33781700767576694,0.00010011717677116394,4.099708981812,0.8627527689095587,True,0.6127696666012507,False
capacity,16,199,4.363295855000615,0.3403020091354847,9.010545909404755e-05,4.363385960459709,0.8671472629066557,True,0.5978512349937437,False
capacity,16,200,4.054524004459381,0.34478981979191303,8.009374141693115e-05,4.054604098200798,0.8712290180847049,True,0.565512788255992,False
capacity,16,201,4.051165888085961,0.34059188328683376,9.010545909404755e-05,4.051255993545055,0.8753114929422736,True,0.6224794187085335,False
capacity,16,202,4.288994939997792,0.3410130739212036,7.986091077327728e-05,4.2890748009085655,0.8796271688770503,True,0.6592693329081799,False
capacity,16,203,4.047550028190017,0.338106881827116,8.009374141693115e-05,4.047630121931434,0.8837014900054783,True,0.7982757291246914,False
capacity,16,204,4.037901991978288,0.3369450569152832,9.988434612751007e-05,4.038001876324415,0.8877657819539309,True,0.7317957014694272,True
capacity,16,205,4.380687838420272,0.3391699865460396,0.00010011717677116394,4.380787955597043,0.8921727288980037,True,0.7797835725398128,True
capacity,16,206,4.101651953533292,0.34470995888113976,9.988434612751007e-05,4.101751837879419,0.896306020906195,True,0.7451850043411179,True
capacity,16,207,4.038552986457944,0.3408920019865036,8.987262845039368e-05,4.038642859086394,0.9003712448757142,True,0.7050337851931591,True
capacity,16,208,4.041168140247464,0.33830804750323296,5.9837475419044495e-05,4.041227977722883,0.9044442230369896,True,0.7347803919679016,True
capacity,16,209,4.35708393342793,0.3375860396772623,8.009374141693115e-05,4.357164027169347,0.9088277369737625,True,0.6726512051077983,True
capacity,16,210,4.0996980387717485,0.33653387799859047,9.103678166866302e-05,4.099789075553417,0.9129543660674244,True,0.6491476334020905,True
capacity,16,211,4.043662920594215,0.33626402728259563,9.010545909404755e-05,4.043753026053309,0.9170308709144592,True,0.6944658947173619,True
capacity,16,212,4.041268955916166,0.3425059840083122,9.010545909404755e-05,4.04135906137526,0.9210990099236369,True,0.7178430356563588,True
capacity,16,213,4.0474701672792435,0.3415541723370552,0.00010081566870212555,4.047570982947946,0.9251733110286295,True,0.6424502224665872,True
capacity,16,214,4.119274904951453,0.34806597977876663,9.103678166866302e-05,4.119365941733122,0.929319686954841,True,0.6852748379488572,True
capacity,16,215,4.053682088851929,0.34209503792226315,0.00010989606380462646,4.053791984915733,0.9333999289665371,True,0.6675029112009285,True
capacity,16,216,4.0291850455105305,0.33841817639768124,7.986091077327728e-05,4.029264906421304,0.9374601729214191,True,0.6750510213808631,True
capacity,16,217,4.03807288967073,0.33764680847525597,9.010545909404755e-05,4.038162995129824,0.941524795955047,True,0.6277191268677864,False
capacity,16,218,4.571457859128714,0.3389890771359205,0.00011012889444828033,4.571567988023162,0.9461229238659143,True,0.6931286470893331,False
capacity,16,219,4.06569498591125,0.34489016979932785,9.988434612751007e-05,4.065794870257378,0.9502159398980439,True,0.6421951629457564,False
capacity,16,220,4.036700120195746,0.34482008777558804,8.987262845039368e-05,4.036789992824197,0.9542792700231075,True,0.6567245282798689,True
capacity,16,221,4.041488980874419,0.3440889995545149,0.00010989606380462646,4.041598876938224,0.9583517569117248,True,0.6861873083080217,True
capacity,16,222,4.620910855010152,0.3412528894841671,9.010545909404755e-05,4.621000960469246,0.9630050489213318,True,0.689058901290506,True
capacity,16,223,4.05883090570569,0.34695398062467575,9.010545909404755e-05,4.058921011164784,0.9670944679528475,True,0.710331505324069,True
capacity,16,224,4.0407381020486355,0.3436780534684658,7.986091077327728e-05,4.040817962959409,0.9711617960128933,True,0.7289632585004038,True
capacity,16,225,4.455238115042448,0.3458620049059391,9.988434612751007e-05,4.4553379993885756,0.9756482429802418,True,0.7395726426028688,True
capacity,16,226,4.1537899523973465,0.35495893098413944,0.00010011717677116394,4.153890069574118,0.979834594996646,True,0.7765469926941889,True
capacity,16,227,4.074460826814175,0.3466939087957144,0.00011012889444828033,4.074570955708623,0.983939312864095,True,0.8325001433299983,True
capacity,16,228,4.096281947568059,0.34119305200874805,9.988434612751007e-05,4.0963818319141865,0.9880638988688588,True,0.7417793904433261,True
capacity,16,229,4.0776769164949656,0.3586758393794298,9.010545909404755e-05,4.07776702195406,0.9921706509776413,True,0.7021882371131496,True
capacity,16,230,4.209094913676381,0.35052094608545303,0.00010989606380462646,4.209204809740186,0.9964087698608637,True,0.7856550312422008,True
capacity,16,231,4.0386340115219355,0.33806683495640755,0.00010011717677116394,4.038734128698707,1.000478713074699,True,0.7531513148727911,True
capacity,16,232,4.053530981764197,0.33606309443712234,9.103678166866302e-05,4.053622018545866,1.0045592549722642,True,0.7985040616865048,True
capacity,16,233,4.354669013991952,0.335893826559186,8.009374141693115e-05,4.354749107733369,1.0089406240731478,True,0.7669799575946687,True
capacity,16,234,4.083697916939855,0.33622398041188717,0.00010011717677116394,4.083798034116626,1.0130563830025494,True,0.7671244573989049,True
capacity,16,235,4.039895953610539,0.3411129582673311,8.987262845039368e-05,4.03998582623899,1.0171268868725747,True,0.7135282521568386,True
capacity,16,236,4.0337140671908855,0.34123403020203114,0.00010011717677116394,4.033814184367657,1.0211868900805712,True,0.6638874669066503,True
capacity,16,237,4.05472400598228,0.3518229350447655,9.010545909404755e-05,4.054814111441374,1.0252679740078747,True,0.5746648833250134,False
capacity,16,238,4.547131946310401,0.33704587258398533,9.010545909404755e-05,4.547222051769495,1.0298417559824884,True,0.5087030029924612,False
capacity,16,239,4.036229103803635,0.3324460703879595,9.103678166866302e-05,4.036320140585303,1.0339046560693532,True,0.4936784048762841,False
capacity,16,240,4.026150098070502,0.3296411596238613,8.987262845039368e-05,4.026239970698953,1.0379570450168103,True,0.45376454506442204,False
capacity,16,241,4.060114035382867,0.330192968249321,8.009374141693115e-05,4.060194129124284,1.0420529460534453,True,0.38317362300286706,False
capacity,16,242,4.104778170585632,0.3374360967427492,9.988434612751007e-05,4.10487805493176,1.046184194041416,True,0.38815617420147536,False
capacity,16,243,4.029406001791358,0.33753691241145134,0.00010011717677116394,4.029506118968129,1.0502406710293144,True,0.44085281177033997,False
capacity,16,244,4.042259883135557,0.33850804902613163,9.010545909404755e-05,4.042349988594651,1.054309130879119,True,0.38956644427209686,False
capacity,16,245,4.363967105746269,0.33935997635126114,9.988434612751007e-05,4.364066990092397,1.0587040460668504,True,0.35339333838101045,False
capacity,16,246,4.096271935850382,0.3344900906085968,8.009374141693115e-05,4.096352029591799,1.0628309259191155,True,0.393069466966509,False
capacity,16,247,4.048852948471904,0.334681011736393,6.0070306062698364e-05,4.0489130187779665,1.0669063390232623,True,0.34510849915237246,False
capacity,16,248,4.045506007969379,0.33601303584873676,9.988434612751007e-05,4.045605892315507,1.070978534873575,True,0.39750797595044135,False
capacity,16,249,4.070773953571916,0.344699015840888,9.010545909404755e-05,4.07086405903101,1.0750761099625379,True,0.3796740440979697,False
capacity,16,250,4.150344990193844,0.34742499701678753,0.00010011717677116394,4.150445107370615,1.079253304982558,True,0.3715864957441994,False
capacity,16,251,4.031368996948004,0.3376659005880356,0.00010011717677116394,4.031469114124775,1.0833160830661654,True,0.3774783604320156,False
capacity,16,252,4.045967012643814,0.3406521864235401,0.00011082738637924194,4.046077840030193,1.0873887608759105,True,0.460493279073598,False
capacity,16,253,4.03163000009954,0.3308029845356941,9.080395102500916e-05,4.031720804050565,1.0914472718723118,True,0.5925740862629632,False
capacity,16,254,4.62725292891264,0.33157505095005035,8.009374141693115e-05,4.6273330226540565,1.0961010549217463,True,0.7015342855227673,False
capacity,16,255,4.0389851201325655,0.33821817487478256,8.987262845039368e-05,4.039074992761016,1.1001715490128845,True,0.6518705551152225,False
capacity,16,256,4.034715937450528,0.33868802711367607,9.010545909404755e-05,4.034806042909622,1.104232924990356,True,0.6051234083120544,False
capacity,16,257,4.058361053466797,0.3401520662009716,7.986091077327728e-05,4.05844091437757,1.1083175849635154,True,0.6785126291452637,False
capacity,16,258,4.2112290393561125,0.3577140159904957,9.988434612751007e-05,4.21132892370224,1.1125559050124139,True,0.6427728285037897,False
capacity,16,259,4.029426025226712,0.3314949572086334,7.008202373981476e-05,4.029496107250452,1.116616850020364,True,0.75240701563596,True
capacity,16,260,4.038623999804258,0.3290411550551653,6.984919309616089e-05,4.0386938489973545,1.1206819938961416,True,0.5551587672295755,False
capacity,16,261,4.01486805640161,0.32728700898587704,8.102506399154663e-05,4.014949081465602,1.1247275900095701,True,0.6028995621007353,False
capacity,16,262,4.5981379225850105,0.32848911359906197,9.988434612751007e-05,4.598237806931138,1.1293525488581508,True,0.545787511040787,False
capacity,16,263,4.045035922899842,0.32923114486038685,8.987262845039368e-05,4.045125795528293,1.1334301058668643,True,0.4898589910647162,False
capacity,16,264,4.0243270341306925,0.32770796678960323,0.00010011717677116394,4.024427151307464,1.1374854410532862,True,0.5221791079774457,False
capacity,16,265,4.035227000713348,0.32756803557276726,8.987262845039368e-05,4.035316873341799,1.141547828912735,True,0.5699429372334369,False
capacity,16,266,4.085421096533537,0.3321359399706125,7.986091077327728e-05,4.08550095744431,1.145660812035203,True,0.5485247085134154,False
capacity,16,267,4.038552986457944,0.3325161524116993,8.102506399154663e-05,4.0386340115219355,1.1497259358875453,True,0.6953444947775965,False
capacity,16,268,4.046598915010691,0.3356030210852623,9.010545909404755e-05,4.046689020469785,1.153799284948036,True,0.6684264584144394,False
capacity,16,269,4.039394902065396,0.33514085225760937,9.103678166866302e-05,4.039485938847065,1.1578656209167093,True,0.6795800996240567,True
capacity,16,270,4.6044099144637585,0.33530197106301785,0.00010104849934577942,4.604510962963104,1.1625008389819413,True,0.6925902284523487,True
capacity,16,271,4.047801019623876,0.3360139671713114,0.00010989606380462646,4.04791091568768,1.1665796979796141,True,0.6599043803525625,True
capacity,16,272,4.03750198893249,0.3374260850250721,9.988434612751007e-05,4.037601873278618,1.170643979916349,True,0.5933506990628692,False
capacity,16,273,4.036248894408345,0.33712503500282764,9.103678166866302e-05,4.036339931190014,1.1747067188844085,True,0.6016708945305254,False
capacity,16,274,4.600181942805648,0.34732394851744175,9.010545909404755e-05,4.600272048264742,1.1793446720112115,True,0.5828658469062653,False
capacity,16,275,4.048322094604373,0.34534092992544174,8.009374141693115e-05,4.04840218834579,1.1834197940770537,True,0.5887586485010742,False
capacity,16,276,4.035818157717586,0.33813808113336563,8.987262845039368e-05,4.035908030346036,1.1874818110372871,True,0.5528411623119707,False
capacity,16,277,4.0591019205749035,0.3372260835021734,9.010545909404755e-05,4.0591920260339975,1.1915673029143363,True,0.5574141432471187,False
capacity,16,278,4.629065981134772,0.33824704587459564,0.00010104849934577942,4.629167029634118,1.196223079925403,True,0.5588994879291619,False
capacity,16,279,4.044183995574713,0.3439290449023247,7.986091077327728e-05,4.044263856485486,1.2002943649422377,True,0.5831258584075839,False
capacity,16,280,4.048762144520879,0.34484011121094227,7.986091077327728e-05,4.048842005431652,1.204369958024472,True,0.5745002370742966,False
capacity,16,281,4.049363080412149,0.3378470428287983,8.079223334789276e-05,4.049443872645497,1.2084588359575719,True,0.5275867169732378,False
capacity,16,282,4.11919504404068,0.3366039600223303,0.00010104849934577942,4.119296092540026,1.2126052030362189,True,0.6543209183922475,False
capacity,16,283,4.046838963404298,0.33797696232795715,9.010545909404755e-05,4.046929068863392,1.2166786920279264,True,0.6402138856832251,False
capacity,16,284,4.034005105495453,0.3370060585439205,8.987262845039368e-05,4.034094978123903,1.2207441260106862,True,0.6758036391892995,True
capacity,16,285,4.057178972288966,0.3395599778741598,0.00010011717677116394,4.057279089465737,1.2248281249776483,True,0.725911844253415,True
capacity,16,286,4.607475129887462,0.3382370341569185,7.986091077327728e-05,4.607554990798235,1.22946199006401,True,0.6864645231721195,True
capacity,16,287,4.040977917611599,0.337015138939023,8.987262845039368e-05,4.041067790240049,1.2335297488607466,True,0.6349408867100594,True
capacity,16,288,4.0366200264543295,0.33686496317386627,7.986091077327728e-05,4.036699887365103,1.2375925679225475,True,0.6541294499503034,True
capacity,16,289,4.062799038365483,0.339029124006629,8.102506399154663e-05,4.062880063429475,1.2416813259478658,True,0.6613173354377242,True
capacity,16,290,4.144031787291169,0.3405418246984482,0.00011012889444828033,4.1441419161856174,1.2458522878587246,True,0.6872386614552913,True
capacity,16,291,5.573868053033948,0.4384969361126423,0.00012014061212539673,5.573988193646073,1.2514632360544056,True,0.6622757099356182,True
capacity,16,292,4.0717460215091705,0.3428659401834011,0.00011990778148174286,4.071865929290652,1.2555684549733996,True,0.6341508193690156,True
capacity,16,293,4.365710075944662,0.3433080855756998,0.00010989606380462646,4.365819972008467,1.259964050957933,True,0.6100386973062094,False
capacity,16,294,4.127471009269357,0.34518097527325153,0.00011012889444828033,4.127581138163805,1.264128522016108,True,0.629153083669236,False
capacity,16,295,4.055836005136371,0.3486070781946182,0.00011106021702289581,4.0559470653533936,1.268213382922113,True,0.6166206894744201,False
capacity,16,296,4.057148937135935,0.3441490698605776,9.988434612751007e-05,4.057248821482062,1.27229805290699,True,0.6259150960374283,False
capacity,16,297,4.636811092495918,0.34406804479658604,7.986091077327728e-05,4.6368909534066916,1.2769619149621576,True,0.6831380731282284,False
capacity,16,298,4.057017853483558,0.3392798826098442,0.00010011717677116394,4.057117970660329,1.2810467148665339,True,0.7206206151926491,False
capacity,16,299,4.042200045660138,0.34626293927431107,9.988434612751007e-05,4.042299930006266,1.2851158659905195,True,0.662949029061486,True
capacity,16,300,4.051005933433771,0.34368690103292465,0.00010104849934577942,4.051106981933117,1.2891935629304498,True,0.6493044506169772,True
capacity,16,301,4.62748296558857,0.3427660558372736,7.986091077327728e-05,4.627562826499343,1.2938519848976284,True,0.6041785805444987,False
capacity,16,302,4.058880964294076,0.3399008419364691,0.00010011717677116394,4.058981081470847,1.2979419350158423,True,0.6252685897028536,False
capacity,16,303,4.045115085318685,0.33820816315710545,7.986091077327728e-05,4.045194946229458,1.3020180789753795,True,0.6148703532118307,False
capacity,16,304,4.038794199004769,0.3440580330789089,9.988434612751007e-05,4.038894083350897,1.3060841150581837,True,0.6382202545211231,False
capacity,16,305,4.639756865799427,0.3429269418120384,9.010545909404755e-05,4.639846971258521,1.3107506919186562,True,0.6148500955996402,False
capacity,16,306,4.055524943396449,0.33870781771838665,8.009374141693115e-05,4.055605037137866,1.3148327670060098,True,0.6299101409528928,False
capacity,16,307,4.044485045596957,0.3411429934203625,8.009374141693115e-05,4.044565139338374,1.3189038620330393,True,0.6179257200316786,False
capacity,16,308,4.0643420070409775,0.33921003341674805,9.988434612751007e-05,4.064441891387105,1.3229946228675544,True,0.6212564603937851,False
capacity,16,309,4.630769835785031,0.338628888130188,0.00010011717677116394,4.6308699529618025,1.3276518029160798,True,0.6367975728162846,False
capacity,16,310,4.054292105138302,0.34012109972536564,0.00011106021702289581,4.054403165355325,1.3317330160643905,True,0.6402965737565594,False
capacity,16,311,4.0454869158566,0.33950991928577423,9.010545909404755e-05,4.045577021315694,1.3358096519950777,True,0.6427015118887434,True
capacity,16,312,4.057158017531037,0.3395499661564827,8.987262845039368e-05,4.057247890159488,1.3398933499120176,True,0.6561489136920917,True
capacity,16,313,4.642871906980872,0.33882795833051205,9.103678166866302e-05,4.642962943762541,1.3445688539650291,True,0.6465591295912412,True
capacity,16,314,4.0496340952813625,0.34241494722664356,8.987262845039368e-05,4.049723967909813,1.3486448880285025,True,0.6757843070833293,True
capacity,16,315,4.01918706484139,0.33928011544048786,0.00010989606380462646,4.019296960905194,1.3526910559739918,True,0.6878964310076352,True
capacity,16,316,4.049323033541441,0.33940887078642845,9.103678166866302e-05,4.04941407032311,1.3567668590694666,True,0.7028728694643495,True
capacity,16,317,4.653001902624965,0.3433979582041502,8.009374141693115e-05,4.653081996366382,1.3614471219480038,True,0.702087619012606,True
capacity,16,318,4.049974959343672,0.339660095050931,9.010545909404755e-05,4.050065064802766,1.3655235569458455,True,0.711788238375089,True
capacity,16,319,4.035096848383546,0.33964007161557674,0.00010011717677116394,4.035196965560317,1.3695853338576853,True,0.7597198191853664,True
capacity,16,320,4.030267940834165,0.33844797872006893,8.009374141693115e-05,4.0303480345755816,1.3736418809276074,True,0.731486561342195,True
capacity,16,321,4.617874976247549,0.3360230475664139,0.00010989606380462646,4.617984872311354,1.3782904238905758,True,0.7623678637362479,True
capacity,16,322,4.045045934617519,0.3450100775808096,8.987262845039368e-05,4.04513580724597,1.3823623908683658,True,0.7599429492345307,True
capacity,16,323,4.043704131618142,0.3365150187164545,7.986091077327728e-05,4.043783992528915,1.3864425930660218,True,0.7771654241221589,True
capacity,16,324,4.019927931949496,0.33662491478025913,0.00010011717677116394,4.020028049126267,1.390493107959628,True,0.7708877043752539,True
capacity,16,325,4.634126089513302,0.34203496761620045,8.987262845039368e-05,4.634215962141752,1.395153613993898,True,0.7815828880016851,True
capacity,16,326,4.0419299621135,0.3452710807323456,9.988434612751007e-05,4.042029846459627,1.3992218929342926,True,0.7524073260989158,True
capacity,16,327,4.053151002153754,0.34480984322726727,0.00011012889444828033,4.0532611310482025,1.4033013840671629,True,0.7347272055532758,True
capacity,16,328,4.043653141707182,0.34012109972536564,0.00011990778148174286,4.043773049488664,1.4073717470746487,True,0.8140677404408402,True
capacity,16,329,4.628366092219949,0.3373560030013323,7.986091077327728e-05,4.628445953130722,1.4120333050377667,True,0.7179776746818382,True
capacity,16,330,4.0639410726726055,0.3368749748915434,0.00010104849934577942,4.064042121171951,1.4161238060332835,True,0.6196306785708537,False
capacity,16,331,4.033793928101659,0.33530197106301785,9.010545909404755e-05,4.033884033560753,1.420188969001174,True,0.6051523502146982,False
capacity,16,332,4.042269894853234,0.33332896418869495,8.009374141693115e-05,4.042349988594651,1.4242576388642192,True,0.48460286624923626,False
capacity,16,333,4.607505863532424,0.33870781771838665,0.00010104849934577942,4.60760691203177,1.4289009529165924,True,0.6501496159342296,False
capacity,16,334,4.042631015181541,0.33093406818807125,8.987262845039368e-05,4.042720887809992,1.4329744218848646,True,0.5637658177645428,False
capacity,16,335,4.043653141707182,0.33158506266772747,9.988434612751007e-05,4.043753026053309,1.4370449150446802,True,0.5407280415473499,False
capacity,16,336,4.044103901833296,0.3362540155649185,0.00011012889444828033,4.044214030727744,1.441115628927946,True,0.46791961984053465,False
capacity,16,337,4.6055319253355265,0.34442893229424953,0.00010011717677116394,4.605632042512298,1.4457474809605628,True,0.39567411976950456,False
capacity,16,338,4.03445609845221,0.3337899688631296,9.010545909404755e-05,4.0345462039113045,1.4498096890747547,True,0.4142319361779785,False
capacity,16,339,4.049274139106274,0.33328915014863014,8.987262845039368e-05,4.049364011734724,1.4538858430460095,True,0.407331014638871,False
capacity,16,340,4.055204102769494,0.3328369930386543,9.103678166866302e-05,4.055295139551163,1.4579678780864924,True,0.49046815916554903,False
capacity,16,341,4.634956829249859,0.33440999686717987,9.103678166866302e-05,4.6350478660315275,1.4626337739173323,True,0.4339678387264498,False
capacity,16,342,4.0325920563191175,0.334050040692091,0.00010011717677116394,4.032692173495889,1.4666977650485933,True,0.435792838496448,False
capacity,16,343,4.045465961098671,0.3342900890856981,5.9837475419044495e-05,4.04552579857409,1.4707700018770993,True,0.4143924167693662,False
capacity,16,344,4.436444025486708,0.3336991649121046,8.987262845039368e-05,4.436533898115158,1.475233075907454,True,0.5084170539609751,False
capacity,16,345,4.125386942178011,0.34492998383939266,9.010545909404755e-05,4.125477047637105,1.479391915956512,True,0.5575358238099735,False
capacity,16,346,4.024456953629851,0.3303629346191883,7.986091077327728e-05,4.024536814540625,1.483443833887577,True,0.608561152062998,False
capacity,16,347,4.032331053167582,0.3320160321891308,0.00010011717677116394,4.032431170344353,1.4875040580518544,True,0.7650619472301705,False
capacity,16,348,4.057728918269277,0.3331380430608988,9.103678166866302e-05,4.057819955050945,1.4915884479414672,True,0.669567692444669,False
capacity,16,349,4.198845010250807,0.3380670677870512,0.00010989606380462646,4.198954906314611,1.495814804919064,True,0.7917211359504455,True
capacity,16,350,4.047069000080228,0.3370949998497963,8.987262845039368e-05,4.047158872708678,1.4998892159201205,True,0.7704401122835564,True
capacity,16,351,4.038483137264848,0.3359729889780283,9.080395102500916e-05,4.038573941215873,1.503959259018302,True,0.6662975842650717,True
capacity,16,352,4.026961047202349,0.3338889218866825,9.010545909404755e-05,4.027051152661443,1.5080180100630969,True,0.7083817635366011,True
capacity,16,353,4.601415013894439,0.3406431060284376,8.009374141693115e-05,4.601495107635856,1.5126459649764001,True,0.8001687028301759,True
capacity,16,354,4.047200083732605,0.334050040692091,9.988434612751007e-05,4.0472999680787325,1.5167214879766107,True,0.6327711703335313,True
capacity,16,355,4.051217110827565,0.3307941369712353,0.00010989606380462646,4.05132700689137,1.520800085971132,True,0.4578660745009978,False
capacity,16,356,4.048942821100354,0.331314979121089,0.00010011717677116394,4.049042938277125,1.5248755489010364,True,0.5654017311629912,False
capacity,16,357,4.175731912255287,0.3291310276836157,9.010545909404755e-05,4.175822017714381,1.5290836119093,True,0.5621222462485389,False
capacity,16,358,4.041739972308278,0.33798697404563427,0.00010011717677116394,4.041840089485049,1.5331520419567823,True,0.5953975874546639,False
capacity,16,359,4.050284856930375,0.3352018538862467,9.010545909404755e-05,4.050374962389469,1.5372295079287142,True,0.7260220102745097,False
capacity,16,360,4.041698994114995,0.3379469271749258,9.010545909404755e-05,4.041789099574089,1.5412981980480254,True,0.7463104016590776,False
capacity,16,361,4.607836017385125,0.3410030622035265,9.103678166866302e-05,4.607927054166794,1.5459370529279113,True,0.831401422158068,True
capacity,16,362,4.042621003463864,0.33973087556660175,9.010545909404755e-05,4.042711108922958,1.5500115340109915,True,0.8903641820226192,True
capacity,16,363,4.040095955133438,0.3434368409216404,0.00010104849934577942,4.040197003632784,1.5540783810429275,True,0.819397967443938,True
capacity,16,364,4.433417925611138,0.3457919228821993,0.00010011717677116394,4.4335180427879095,1.5585386289749295,True,0.8281170695402171,True
capacity,16,365,4.099777899682522,0.3412230871617794,9.010545909404755e-05,4.099868005141616,1.5626652878709137,True,0.8555122466741514,True
capacity,16,366,4.042770946398377,0.34380797296762466,9.010545909404755e-05,4.0428610518574715,1.5667355109471828,True,0.8262594784335401,True
capacity,16,367,4.06744796782732,0.3425858449190855,9.010545909404755e-05,4.067538073286414,1.5708336969837546,True,0.7803389571188357,True
capacity,16,368,4.0510669350624084,0.3411129582673311,7.986091077327728e-05,4.051146795973182,1.5749113438650966,True,0.7714866312166705,True
capacity,16,369,4.368825815618038,0.35063084214925766,8.009374141693115e-05,4.368905909359455,1.5793072208762169,True,0.7846734776641963,True
capacity,16,370,4.060846054926515,0.3455718979239464,9.010545909404755e-05,4.060936160385609,1.5833952780812979,True,0.7530806443083384,True
capacity,16,371,4.057469079270959,0.33909990452229977,0.00010011717677116394,4.05756919644773,1.5874844160862267,True,0.7224425824632834,True
capacity,16,372,4.052519099786878,0.3398200497031212,9.988434612751007e-05,4.052618984133005,1.5915678839664906,True,0.7266182920429116,True
capacity,16,373,4.657058976590633,0.341102946549654,9.010545909404755e-05,4.657149082049727,1.596251853974536,True,0.7354069959418867,True
capacity,16,374,4.063460975885391,0.34839706495404243,0.00010011717677116394,4.063561093062162,1.6003426159732044,True,0.7147108728889763,True
capacity,16,375,4.053421085700393,0.3472540993243456,9.103678166866302e-05,4.053512122482061,1.6044224170036614,True,0.7740337978845169,True
capacity,16,376,4.042461048811674,0.3402121365070343,9.988434612751007e-05,4.042560933157802,1.6084915979299694,True,0.7355052521531309,True
capacity,16,377,4.264799878001213,0.34006102941930294,0.00011012889444828033,4.264910006895661,1.6127826569136232,True,0.7261647295065683,True
capacity,16,378,4.0534320287406445,0.3406330943107605,8.987262845039368e-05,4.053521901369095,1.6168674579821527,True,0.8647188308906968,True
capacity,16,379,4.055103985592723,0.3424249589443207,9.988434612751007e-05,4.05520386993885,1.6209491519257426,True,0.9383916243557331,True
capacity,16,380,4.0560460183769464,0.3439788706600666,7.008202373981476e-05,4.056116100400686,1.6250321390107274,True,0.9805160020847452,True
capacity,16,381,4.654393997043371,0.3505009226500988,0.00011012889444828033,4.6545041259378195,1.6297201470006257,True,0.9365247518435106,True
capacity,16,382,4.040527157485485,0.3395101521164179,9.988434612751007e-05,4.040627041831613,1.63378738402389,True,1.0586995598929134,True
capacity,16,383,4.038223065435886,0.33744610846042633,9.988434612751007e-05,4.038322949782014,1.6378524079918861,True,0.9363365376198612,True
capacity,16,384,4.047860857099295,0.33802702091634274,9.010545909404755e-05,4.047950962558389,1.6419266678858548,True,0.809640476101905,True
capacity,16,385,4.24998183734715,0.33824797719717026,0.00011012889444828033,4.250091966241598,1.6462032399140298,True,0.8866450894572592,True
capacity,16,386,4.046207061037421,0.3436468541622162,8.102506399154663e-05,4.046288086101413,1.6502757670823485,True,0.8387297354218669,True
capacity,16,387,4.031039075925946,0.34455908462405205,0.00011082738637924194,4.0311499033123255,1.6543339579366148,True,0.8086577306608181,True
capacity,16,388,4.04782104305923,0.34246593713760376,9.010545909404755e-05,4.047911148518324,1.6584126870147884,True,0.816254251275289,True
capacity,16,389,4.086574073880911,0.34124404191970825,8.009374141693115e-05,4.086654167622328,1.6625278140418231,True,0.6853166915834658,True
capacity,16,390,4.046037094667554,0.3363741561770439,7.986091077327728e-05,4.046116955578327,1.6666006019804627,True,0.7412823460695764,True
capacity,16,391,4.029334988445044,0.3338688984513283,0.00010104849934577942,4.029436036944389,1.6706625290680677,True,0.7130422067137864,True
capacity,16,392,4.032862139865756,0.33366912975907326,9.103678166866302e-05,4.032953176647425,1.6747214910574257,True,0.5847682527260029,False
capacity,16,393,4.662750056013465,0.33514201641082764,7.986091077327728e-05,4.662829916924238,1.6794105309527367,True,0.5574090872664306,False
capacity,16,394,4.037271020933986,0.33440091647207737,6.0070306062698364e-05,4.037331091240048,1.6834742010105401,True,0.6396830387565052,False
capacity,16,395,4.042190033942461,0.33358787186443806,9.010545909404755e-05,4.042280139401555,1.6875430620275438,True,0.6319633284583195,False
capacity,16,396,4.0391848888248205,0.3346910234540701,8.009374141693115e-05,4.0392649825662374,1.6916090468876064,True,0.5610578002617945,False
capacity,16,397,4.627112997695804,0.33417996019124985,9.010545909404755e-05,4.627203103154898,1.6962628799956292,True,0.5590052702603917,False
capacity,16,398,4.040207015350461,0.33874879591166973,9.010545909404755e-05,4.040297120809555,1.7003302280791104,True,0.6388079962836448,False
capacity,16,399,4.052710020914674,0.3391990903764963,8.987262845039368e-05,4.052799893543124,1.7044145369436592,True,0.5636097909544071,False
capacity,16,400,4.343096865341067,0.33159484155476093,9.010545909404755e-05,4.343186970800161,1.7087836829014122,True,0.551343008002794,False
capacity,16,401,4.102763952687383,0.3341999836266041,8.987262845039368e-05,4.102853825315833,1.7129194498993456,True,0.5488512148685261,False
capacity,16,402,4.0461381431669,0.3333690110594034,8.987262845039368e-05,4.04622801579535,1.716991727007553,True,0.5095912244432313,False
capacity,16,403,4.033584147691727,0.33466098830103874,0.00011990778148174286,4.033704055473208,1.7210520710796118,True,0.47516493240906144,False
capacity,16,404,4.0461381431669,0.3403020091354847,8.987262845039368e-05,4.04622801579535,1.72512425808236,True,0.44848272354926655,False
capacity,16,405,4.2210170067846775,0.3407220356166363,6.984919309616089e-05,4.221086855977774,1.7293719449080527,True,0.4612628146762842,False
capacity,16,406,4.030358046293259,0.33466098830103874,0.00010989606380462646,4.030467942357063,1.7334349849261343,True,0.46675371064278504,False
capacity,16,407,4.058820893988013,0.33417996019124985,9.010545909404755e-05,4.058910999447107,1.7375198849476874,True,0.4528367818481236,False
capacity,16,408,4.039915977045894,0.3388291224837303,6.0070306062698364e-05,4.039976047351956,1.7415857799351215,True,0.4544469221849244,False
capacity,16,409,4.590814933180809,0.3335790242999792,8.987262845039368e-05,4.590904805809259,1.7462030448950827,True,0.47932331391641636,False
capacity,16,410,4.036338999867439,0.3405120223760605,9.010545909404755e-05,4.036429105326533,1.7502710530534387,True,0.46577575872519883,False
capacity,16,411,4.04260098002851,0.3378570545464754,7.008202373981476e-05,4.04267106205225,1.754346997011453,True,0.4744887687133532,False
capacity,16,412,4.0386628825217485,0.33502187579870224,9.010545909404755e-05,4.038752987980843,1.7584184219595045,True,0.4957107424288041,False
capacity,16,413,4.1958000510931015,0.33336784690618515,0.00010011717677116394,4.195900168269873,1.7626409530639648,True,0.5054230915887813,False
capacity,16,414,4.044344183057547,0.33634412102401257,0.00010081566870212555,4.044444998726249,1.7667124280706048,True,0.490442857698694,False
capacity,16,415,4.036249127238989,0.33458112739026546,8.987262845039368e-05,4.036338999867439,1.7707751670386642,True,0.515032530619739,False
capacity,16,416,4.0563661605119705,0.33878814429044724,8.987262845039368e-05,4.056456033140421,1.7748580230399966,True,0.5382438242659326,False
capacity,16,417,4.621132044121623,0.3344209399074316,7.008202373981476e-05,4.621202126145363,1.7795055450405926,True,0.6083632810072733,False
capacity,17,0,3.781649051234126,0.3243018873035908,7.008202373981476e-05,3.781719133257866,0.00380120612680912,False,,
capacity,17,1,3.773213131353259,0.32624509185552597,0.00014994293451309204,3.773363074287772,0.007597122108563781,False,,
capacity,17,2,3.7961071357131004,0.32972218468785286,0.00012991949915885925,3.7962370552122593,0.01141522009856999,False,,
capacity,17,3,4.170912085101008,0.3305531572550535,0.00012083910405635834,4.171032924205065,0.01561357406899333,False,,
capacity,17,4,3.8390769623219967,0.3304830752313137,0.00013993121683597565,3.8392168935388327,0.019474321976304054,False,,
capacity,17,5,3.801746992394328,0.3291699104011059,0.00012014061212539673,3.8018671330064535,0.023302409099414945,False,,
capacity,17,6,3.7970480043441057,0.3239798825234175,0.00013015232980251312,3.7971781566739082,0.02712162910029292,False,,
capacity,17,7,4.271753132343292,0.342715997248888,0.00014994293451309204,4.271903075277805,0.031415393110364676,False,,
capacity,17,8,3.848825814202428,0.33278693445026875,0.0001601874828338623,3.8489860016852617,0.03528910595923662,False,,
capacity,17,9,3.797778859734535,0.326304929330945,0.00012107193470001221,3.7978999316692352,0.03910965798422694,False,,
capacity,17,10,3.794203046709299,0.32739806920289993,0.00012991949915885925,3.794332966208458,0.04292583209462464,False,,
capacity,17,11,4.254539962857962,0.3273871261626482,0.00011082738637924194,4.254650790244341,0.04720245394855738,False,,
capacity,17,12,3.840299090370536,0.32750703394412994,0.00011012889444828033,3.840409219264984,0.051065947161987424,False,,
capacity,17,13,3.787650028243661,0.32686605118215084,0.00011012889444828033,3.787760157138109,0.05487997713498771,False,,
capacity,17,14,3.7668209988623857,0.32653589732944965,0.00012014061212539673,3.766941139474511,0.05866899015381932,False,,
capacity,17,15,4.006832838058472,0.33370894379913807,0.00012014061212539673,4.006952978670597,0.06269779498688877,False,,
capacity,17,16,4.109957953915,0.3351320046931505,0.00012107193470001221,4.1100790258497,0.06683043600060046,False,,
capacity,17,17,4.0158110205084085,0.32838922925293446,0.00011990778148174286,4.01593092828989,0.07086830795742571,False,,
capacity,17,18,3.9937079418450594,0.32826908864080906,0.00011990778148174286,3.993827849626541,0.07488428801298141,False,,
capacity,17,19,4.38325316645205,0.32860017381608486,0.00011990778148174286,4.383373074233532,0.07928966311737895,False,,
capacity,17,20,4.03315294533968,0.33065397292375565,0.00010011717677116394,4.033253062516451,0.08334514801390469,False,,
capacity,17,21,4.002375062555075,0.32756710425019264,0.00012991949915885925,4.0025049820542336,0.08736995607614517,False,,
capacity,17,22,4.0073751006275415,0.329792033880949,0.00010989606380462646,4.007484996691346,0.09140078513883054,False,,
capacity,17,23,4.0328120812773705,0.3389690537005663,0.00013085082173347473,4.032942932099104,0.09546321304515004,False,,
capacity,17,24,4.561198875308037,0.3396510146558285,0.00010011717677116394,4.561298992484808,0.10004811594262719,False,,
capacity,17,25,4.010100150480866,0.33109402284026146,0.00010989606380462646,4.010210046544671,0.1040810791309923,False,,
capacity,17,26,3.997385036200285,0.3295009955763817,0.0001310836523771286,3.997516119852662,0.10810109716840088,False,,
capacity,17,27,4.019035957753658,0.3292900510132313,0.00012107193470001221,4.019157029688358,0.11214268603362143,False,,
capacity,17,28,4.060504958033562,0.331284012645483,8.987262845039368e-05,4.060594830662012,0.11622534296475351,False,,
capacity,17,29,4.010149044916034,0.3295110072940588,0.00010989606380462646,4.010258940979838,0.12025785399600863,False,,
capacity,17,30,3.9961428847163916,0.3246818669140339,0.00011012889444828033,3.99625301361084,0.12428122898563743,False,,
capacity,17,31,3.998718922957778,0.3256639465689659,0.00013015232980251312,3.9988490752875805,0.12830243003554642,False,,
capacity,17,32,5.030864151194692,0.3226280678063631,0.00011990778148174286,5.030984058976173,0.13335559610277414,False,,
capacity,17,33,4.001743858680129,0.32267789356410503,0.00012014061212539673,4.0018639992922544,0.13738553295843303,False,,
capacity,17,34,3.9924760349094868,0.3226881381124258,9.988434612751007e-05,3.9925759192556143,0.14140041102655232,False,,
capacity,17,35,4.395475843921304,0.322326784953475,0.00011106021702289581,4.395586904138327,0.14581842999905348,True,0.20724197252090146,False
capacity,17,36,4.080501850694418,0.3224278334528208,8.009374141693115e-05,4.080581944435835,0.149927516002208,True,0.24598758917951233,False
capacity,17,37,4.017262952402234,0.32225693576037884,0.00011106021702289581,4.017374012619257,0.1539757780265063,True,0.0,False
capacity,17,38,4.028755007311702,0.3263459075242281,8.009374141693115e-05,4.028835101053119,0.15803096210584044,True,0.0,False
capacity,17,39,4.029716132208705,0.3280281089246273,6.984919309616089e-05,4.029785981401801,0.16208678809925914,True,0.04201461472333127,False
capacity,17,40,4.258968867361546,0.3268658183515072,0.00011012889444828033,4.259078996255994,0.16637269803322852,True,0.04392959127950456,False
capacity,17,41,4.035949008539319,0.3247130662202835,8.009374141693115e-05,4.036029102280736,0.17043547704815865,True,0.0,False
capacity,17,42,4.034535959362984,0.3330979961901903,9.988434612751007e-05,4.034635843709111,0.17449679295532405,True,0.0,False
capacity,17,43,4.039674997329712,0.3330279141664505,0.00010011717677116394,4.039775114506483,0.17856726609170437,True,0.0,False
capacity,17,44,4.603379173204303,0.33605401404201984,9.988434612751007e-05,4.60347905755043,0.18319714511744678,True,0.0,False
capacity,17,45,4.043221939355135,0.33049285411834717,9.010545909404755e-05,4.043312044814229,0.187266776105389,True,0.0,False
capacity,17,46,4.035798134282231,0.32996200025081635,7.986091077327728e-05,4.035877995193005,0.1913331621326506,True,0.0015154230563471712,False
capacity,17,47,4.038393031805754,0.3296609502285719,9.103678166866302e-05,4.038484068587422,0.19540214305743575,True,0.0,False
capacity,17,48,4.118203883990645,0.33636391162872314,9.010545909404755e-05,4.1182939894497395,0.19954723701812327,True,0.0,False
capacity,17,49,4.039214923977852,0.3362838178873062,8.009374141693115e-05,4.039295017719269,0.20361274108290672,True,0.0,False
capacity,17,50,4.0351469069719315,0.33589289523661137,8.009374141693115e-05,4.035227000713348,0.20767455804161727,True,0.0,False
capacity,17,51,4.039394902065396,0.3346309531480074,9.010545909404755e-05,4.03948500752449,0.21174013195559382,True,0.0,False
capacity,17,52,4.6666469424963,0.3319759853184223,7.008202373981476e-05,4.66671702452004,0.21643958101049066,True,0.0,False
capacity,17,53,4.055765923112631,0.33460091799497604,9.010545909404755e-05,4.055856028571725,0.2205270470585674,True,0.010547026296554803,False
capacity,17,54,4.041638923808932,0.3350519109517336,0.00010011717677116394,4.0417390409857035,0.22459536604583263,True,0.0,False
capacity,17,55,4.035827936604619,0.3351219929754734,8.987262845039368e-05,4.035917809233069,0.22865825495682657,True,0.0299263012972824,False
capacity,17,56,4.273365950211883,0.3352421335875988,8.987262845039368e-05,4.273455822840333,0.23295837198384106,True,0.0,False
capacity,17,57,4.029185976833105,0.33018295653164387,9.010545909404755e-05,4.029276082292199,0.23701850604265928,True,0.0,False
capacity,17,58,4.039404913783073,0.3302120603621006,0.00010104849934577942,4.039505962282419,0.24108386994339526,True,0.0,False
capacity,17,59,4.026900976896286,0.329179922118783,9.010545909404755e-05,4.02699108235538,0.24513690010644495,True,0.0,False
capacity,17,60,4.55701001919806,0.3286090213805437,9.103678166866302e-05,4.557101055979729,0.24972481909208,True,0.007749373715926239,False
capacity,17,61,4.041658015921712,0.3321259282529354,0.00010104849934577942,4.041759064421058,0.2538017041515559,True,0.03294392913307459,False
capacity,17,62,4.016761900857091,0.3289401065558195,8.987262845039368e-05,4.016851773485541,0.25784479593858123,True,0.08001886908253569,False
capacity,17,63,4.044384928420186,0.3285091370344162,8.987262845039368e-05,4.044474801048636,0.2619203799404204,True,0.13358005013632704,False
capacity,17,64,4.165282007306814,0.3307429142296314,8.009374141693115e-05,4.165362101048231,0.2661122621502727,True,0.16761854148826508,False
capacity,17,65,4.03550686314702,0.3292309120297432,8.009374141693115e-05,4.035586956888437,0.27017439901828766,True,0.18511734278916683,False
capacity,17,66,4.044814966619015,0.3300120588392019,9.988434612751007e-05,4.044914850965142,0.2742454439867288,True,0.24999816179557968,False
capacity,17,67,4.044594010338187,0.33185514621436596,0.00010989606380462646,4.044703906401992,0.2783211369533092,True,0.19155625522238237,False
capacity,17,68,4.613055847585201,0.32984185963869095,0.00010011717677116394,4.613155964761972,0.28296105400659144,True,0.21268440637482672,False
capacity,17,69,4.038783023133874,0.3307431470602751,8.102506399154663e-05,4.0388640481978655,0.2870260670315474,True,0.12216842177697605,False
capacity,17,70,4.039405146613717,0.3301321994513273,0.00011082738637924194,4.039515974000096,0.2910920830909163,True,0.12954896518650508,False
capacity,17,71,4.031710093840957,0.32960111275315285,5.9837475419044495e-05,4.031769931316376,0.2951505130622536,True,0.19655198952235714,False
capacity,17,72,4.177706083282828,0.33071404322981834,7.008202373981476e-05,4.177776165306568,0.29935907712206244,True,0.21383224737637824,False
capacity,17,73,4.039535066112876,0.33105420880019665,8.987262845039368e-05,4.039624938741326,0.3034297910053283,True,0.22086164483211373,False
capacity,17,74,4.0255889762192965,0.3362738061696291,8.009374141693115e-05,4.025669069960713,0.30748193012550473,True,0.24718567659516966,False
capacity,17,75,4.051818046718836,0.33643399365246296,8.987262845039368e-05,4.051907919347286,0.3115602480247617,True,0.28738043988159084,False
capacity,17,76,4.601243883371353,0.34079281613230705,9.010545909404755e-05,4.601333988830447,0.31619229004718363,True,0.2673727115587478,False
capacity,17,77,4.039534833282232,0.33199600875377655,8.009374141693115e-05,4.039614927023649,0.3202581449877471,True,0.3656557092783393,False
capacity,17,78,4.055424826219678,0.3304718993604183,0.00010104849934577942,4.055525874719024,0.32433992996811867,True,0.4225964357906943,False
capacity,17,79,4.034345969557762,0.3287498839199543,9.010545909404755e-05,4.034436075016856,0.3284005750901997,True,0.3363770173426446,False
capacity,17,80,4.646118963137269,0.3374568186700344,8.009374141693115e-05,4.646199056878686,0.33307310310192406,True,0.3872198291076271,False
capacity,17,81,4.037079866975546,0.33026188611984253,8.009374141693115e-05,4.037159960716963,0.33713712403550744,True,0.42736787286156935,False
capacity,17,82,4.04040701687336,0.33096387051045895,7.008202373981476e-05,4.0404770988970995,0.34120399109087884,True,0.40779829076126045,False
capacity,17,83,4.039305029436946,0.3337389789521694,0.00011012889444828033,4.039415158331394,0.34527666913345456,True,0.3492538103042453,False
capacity,17,84,4.1698499117046595,0.3380868583917618,8.009374141693115e-05,4.169930005446076,0.349478499032557,True,0.3827836446058866,False
capacity,17,85,4.064943874254823,0.3370859194546938,9.010545909404755e-05,4.065033979713917,0.35356992296874523,True,0.31324834939550705,False
capacity,17,86,4.0460070595145226,0.3350609913468361,0.00011012889444828033,4.046117188408971,0.35764736915007234,True,0.3215344379142797,False
capacity,17,87,4.0385129395872355,0.33471081405878067,0.00010011717677116394,4.038613056764007,0.361712773097679,True,0.2996079988191855,False
capacity,17,88,4.597176099196076,0.33669406548142433,8.987262845039368e-05,4.597265971824527,0.36633691005408764,True,0.3499737041928272,False
capacity,17,89,4.046757938340306,0.32754684798419476,0.00010011717677116394,4.0468580555170774,0.3704104390926659,True,0.2872696980143757,False
capacity,17,90,4.024446941912174,0.33230590634047985,0.00011012889444828033,4.0245570708066225,0.37446117610670626,True,0.2176848473281253,False
capacity,17,91,4.032982978969812,0.3327568992972374,9.010545909404755e-05,4.033073084428906,0.37852075905539095,True,0.23521356050661085,False
capacity,17,92,4.631510935723782,0.3338390961289406,0.00010104849934577942,4.631611984223127,0.3831787100061774,True,0.26461929149225094,False
capacity,17,93,4.038704093545675,0.3266159910708666,6.0070306062698364e-05,4.038764163851738,0.38724806113168597,True,0.281187110867463,False
capacity,17,94,4.033233039081097,0.32707606442272663,8.987262845039368e-05,4.033322911709547,0.3913073630537838,True,0.30938690329369056,False
capacity,17,95,4.041638923808932,0.3278478980064392,0.00010011717677116394,4.0417390409857035,0.39537968998774886,True,0.28541527431638214,False
capacity,17,96,4.637381993234158,0.3456510603427887,0.00011990778148174286,4.637501901015639,0.40004808106459677,True,0.2719586061288133,False
capacity,17,97,4.032982978969812,0.3285398706793785,9.010545909404755e-05,4.033073084428906,0.40410728310234845,True,0.2537328251638953,False
capacity,17,98,4.042010055854917,0.32960111275315285,8.987262845039368e-05,4.042099928483367,0.4081754020880908,True,0.23033018674308078,False
capacity,17,99,4.041779087856412,0.3287200815975666,8.987262845039368e-05,4.041868960484862,0.4122437310870737,True,0.29443484129465636,False
capacity,17,100,4.089719848707318,0.3356528468430042,9.010545909404755e-05,4.089809954166412,0.4163601719774306,True,0.24172416576057576,False
capacity,17,101,4.023625049740076,0.3279978409409523,9.010545909404755e-05,4.02371515519917,0.4204103371594101,True,0.3054343699659944,False
capacity,17,102,4.037231206893921,0.33381907269358635,9.988434612751007e-05,4.037331091240048,0.4244737571571022,True,0.24605634322029657,False
capacity,17,103,4.026241134852171,0.3361441195011139,8.987262845039368e-05,4.026331007480621,0.4285309661645442,True,0.27216271665915315,False
capacity,17,104,4.652230069041252,0.33728592097759247,0.00010011717677116394,4.652330186218023,0.43320967513136566,True,0.30823725364146154,False
capacity,17,105,4.031489137560129,0.3292299807071686,8.102506399154663e-05,4.031570162624121,0.4372677351348102,True,0.37126824437218064,False
capacity,17,106,4.033474018797278,0.32846000976860523,6.984919309616089e-05,4.033543867990375,0.44133195700123906,True,0.37876445580193896,False
capacity,17,107,4.02364507317543,0.3318260423839092,0.00010011717677116394,4.0237451903522015,0.4453874721657485,True,0.43220475271312153,False
capacity,17,108,4.439778858795762,0.3321859985589981,0.00010104849934577942,4.439879907295108,0.4498538919724524,True,0.21853694884678118,False
capacity,17,109,4.029356176033616,0.3269670996814966,8.987262845039368e-05,4.0294460486620665,0.4539098581299186,True,0.37616574560436333,False
capacity,17,110,4.04723989777267,0.32787793315947056,8.009374141693115e-05,4.047319991514087,0.4579835080076009,True,0.2897571283485229,False
capacity,17,111,4.037661943584681,0.32728700898587704,7.986091077327728e-05,4.037741804495454,0.4620478099677712,True,0.2995548077003996,False
capacity,17,112,4.075091797858477,0.33116480335593224,0.00010011717677116394,4.075191915035248,0.46614924096502364,True,0.2547602346771769,False
capacity,17,113,4.031541058793664,0.3277380019426346,0.00010989606380462646,4.031650954857469,0.4702110290527344,True,0.2372647341947554,False
capacity,17,114,4.045295994728804,0.3281491808593273,0.00010989606380462646,4.045405890792608,0.47428280394524336,True,0.35357897629541957,False
capacity,17,115,4.0402759332209826,0.32792799174785614,0.00010104849934577942,4.040376981720328,0.47835817700251937,True,0.4362921641005865,False
capacity,17,116,4.594180965796113,0.32782810740172863,8.987262845039368e-05,4.594270838424563,0.48297876794822514,True,0.39807675962367,False
capacity,17,117,4.018986830487847,0.3268769942224026,9.010545909404755e-05,4.019076935946941,0.4870240739546716,True,0.4026351341364492,False
capacity,17,118,4.026290029287338,0.32704719342291355,8.987262845039368e-05,4.026379901915789,0.49108143197372556,True,0.43029039269546554,False
capacity,17,119,4.025988979265094,0.3258239012211561,7.101334631443024e-05,4.026059992611408,0.49513358110561967,True,0.3736944121771013,False
capacity,17,120,4.6454668045043945,0.32504298724234104,8.009374141693115e-05,4.6455468982458115,0.4998053179588169,True,0.38197399258221665,False
capacity,17,121,4.026731010526419,0.326705863699317,9.010545909404755e-05,4.026821115985513,0.5038585891015828,True,0.28901190090262774,False
capacity,17,122,4.042961867526174,0.32541388645768166,0.00010011717677116394,4.043061984702945,0.5079276999458671,True,0.2642493157861632,False
capacity,17,123,4.023585002869368,0.32637501135468483,8.102506399154663e-05,4.023666027933359,0.5119822840206325,True,0.20366688105417055,False
capacity,17,124,4.40192804671824,0.32686605118215084,0.00010989606380462646,4.402037942782044,0.5164104010909796,True,0.14214605194373423,False
capacity,17,125,4.028834868222475,0.33202581107616425,9.010545909404755e-05,4.028924973681569,0.520469764014706,True,0.18976687153620184,False
capacity,17,126,4.035317106172442,0.3336290828883648,9.988434612751007e-05,4.03541699051857,0.524531661067158,True,0.16572388537101002,False
capacity,17,127,4.0120030753314495,0.3306330181658268,8.102506399154663e-05,4.012084100395441,0.5285699141677469,True,0.21993443446429567,False
capacity,17,128,4.645738052204251,0.3315350040793419,8.987262845039368e-05,4.645827924832702,0.5332419010810554,True,0.16533276906452263,False
capacity,17,129,4.041268955916166,0.32633496448397636,0.00010011717677116394,4.0413690730929375,0.5373102810699493,True,0.17484252595923222,False
capacity,17,130,4.024405963718891,0.3272769972681999,8.987262845039368e-05,4.0244958363473415,0.5413655349984765,True,0.1558442106074928,False
capacity,17,131,4.027402028441429,0.3260641824454069,6.984919309616089e-05,4.027471877634525,0.5454191169701517,True,0.2179468322136889,False
capacity,17,132,4.317307844758034,0.33405888825654984,9.103678166866302e-05,4.317398881539702,0.5497627749573439,True,0.23464094626543147,False
capacity,17,133,4.02530818246305,0.3260551020503044,9.988434612751007e-05,4.025408066809177,0.5538185611367226,True,0.3091188637572397,False
capacity,17,134,4.025579197332263,0.3260541707277298,0.00010081566870212555,4.025680013000965,0.5578708811663091,True,0.17738373650650036,False
capacity,17,135,4.024106077849865,0.32676616683602333,0.00010989606380462646,4.02421597391367,0.5619256540667266,True,0.25089762252014386,False
capacity,17,136,4.624587949365377,0.32521295361220837,0.00010011717677116394,4.624688066542149,0.5665766920428723,True,0.2426102578458617,False
capacity,17,137,4.050906980410218,0.3333580680191517,9.988434612751007e-05,4.051006864756346,0.5706550809554756,True,0.3109433069135028,False
capacity,17,138,4.03257180005312,0.33208588138222694,8.009374141693115e-05,4.032651893794537,0.5747142529580742,True,0.28106452991152403,False
capacity,17,139,4.0325019508600235,0.33075385726988316,0.00010011717677116394,4.032602068036795,0.5787730740848929,True,0.3903808170071542,False
capacity,17,140,4.359097918495536,0.32889004796743393,9.010545909404755e-05,4.35918802395463,0.5831588020082563,True,0.3737609357516186,False
capacity,17,141,4.037831909954548,0.32483297400176525,9.010545909404755e-05,4.037922015413642,0.587227642070502,True,0.4880724012740778,False
capacity,17,142,4.0366798639297485,0.3235498443245888,9.010545909404755e-05,4.036769969388843,0.5912906019948423,True,0.46276950219334234,False
capacity,17,143,4.045165842399001,0.32311887480318546,8.009374141693115e-05,4.045245936140418,0.5953667860012501,True,0.49540223940594535,False
capacity,17,144,4.650046117603779,0.32799807377159595,0.00010104849934577942,4.650147166103125,0.6000432521104813,True,0.5597564105968905,False
capacity,17,145,4.038123181089759,0.324843218550086,9.988434612751007e-05,4.038223065435886,0.6041125131305307,True,0.2540345321248093,False
capacity,17,146,4.024537047371268,0.32387999817728996,0.00012014061212539673,4.024657187983394,0.6081636401358992,True,0.3668839280219267,False
capacity,17,147,4.058400867506862,0.32203691080212593,9.010545909404755e-05,4.058490972965956,0.6122488409746438,True,0.4425104725867353,False
capacity,17,148,4.0633599273860455,0.3268360160291195,8.009374141693115e-05,4.063440021127462,0.6163385410327464,True,0.29113935864932083,False
capacity,17,149,4.048743052408099,0.3244420513510704,9.988434612751007e-05,4.048842936754227,0.6204136030282825,True,0.23648508323233397,False
capacity,17,150,4.021331202238798,0.32853917218744755,0.00010989606380462646,4.021441098302603,0.6244614841416478,True,0.2242807894902096,False
capacity,17,151,4.022432956844568,0.3281589597463608,0.00010011717677116394,4.022533074021339,0.6285107571166009,True,0.23435995213914648,False
capacity,17,152,4.631059942767024,0.32909982837736607,0.00010011717677116394,4.631160059943795,0.6331687280908227,True,0.3511893914801491,False
capacity,17,153,4.037350881844759,0.32050395384430885,9.010545909404755e-05,4.037440987303853,0.6372400929685682,True,0.34486148116917587,False
capacity,17,154,4.0322409477084875,0.3208848647773266,0.00010011717677116394,4.032341064885259,0.6413034030701965,True,0.4072359794976297,False
capacity,17,155,4.348736954852939,0.325123080983758,0.00010104849934577942,4.348838003352284,0.6456788210198283,True,0.31042680514674525,False
capacity,17,156,4.090832080692053,0.32881018705666065,0.00010081566870212555,4.090932896360755,0.6497962740249932,True,0.27302089408817165,False
capacity,17,157,4.013837082311511,0.32349000684916973,9.988434612751007e-05,4.0139369666576385,0.6538365001324564,True,0.2139069369231725,False
capacity,17,158,4.040136002004147,0.3231889568269253,0.00010011717677116394,4.040236119180918,0.6579032461158931,True,0.21972453958594304,False
capacity,17,159,4.03548707254231,0.320865074172616,9.103678166866302e-05,4.035578109323978,0.6619648630730808,True,0.13913447535271603,False
capacity,17,160,4.307921044528484,0.32147602178156376,9.010545909404755e-05,4.308011149987578,0.6662998450919986,True,0.13189971240023685,False
capacity,17,161,4.04123798944056,0.32038288190960884,7.101334631443024e-05,4.041309002786875,0.6703682751394808,True,0.227890206656385,False
capacity,17,162,4.0134049486368895,0.3194219898432493,0.00010104849934577942,4.013505997136235,0.6744085510727018,True,0.1306182173139609,False
capacity,17,163,4.022893961519003,0.32560410909354687,8.987262845039368e-05,4.022983834147453,0.6784620829857886,True,0.17130917613763091,False
capacity,17,164,4.636641126126051,0.3283091355115175,0.00010989606380462646,4.636751022189856,0.6831295620650053,True,0.09841247289439803,False
capacity,17,165,4.040687810629606,0.32364088110625744,0.00010011717677116394,4.040787927806377,0.6872029609512538,True,0.07685960559818672,False
capacity,17,166,4.052079049870372,0.3259440418332815,8.987262845039368e-05,4.052168922498822,0.6912821810692549,True,0.2222123649512811,False
capacity,17,167,4.044584929943085,0.32583391293883324,9.010545909404755e-05,4.044675035402179,0.6953534360509366,True,0.7712094870257564,False
capacity,17,168,4.182916134595871,0.3314351197332144,0.00010989606380462646,4.183026030659676,0.6995638131629676,True,0.770470606556148,False
capacity,17,169,4.042901797220111,0.33277692273259163,9.010545909404755e-05,4.042991902679205,0.7036348979454488,True,0.7072966206917186,True
capacity,17,170,4.048312082886696,0.3310739994049072,8.987262845039368e-05,4.048401955515146,0.7077100600581616,True,0.7759652083108892,True
capacity,17,171,4.041317850351334,0.3333080094307661,0.00010011717677116394,4.041417967528105,0.7117780279368162,True,0.6951999250271197,True
capacity,17,172,4.613206023350358,0.32814801670610905,8.987262845039368e-05,4.613295895978808,0.7164248679764569,True,0.5026350884667353,False
capacity,17,173,4.025307949632406,0.3356828819960356,7.008202373981476e-05,4.025378031656146,0.7204818360041827,True,0.24567921247826216,False
capacity,17,174,4.0270008612424135,0.33301697112619877,9.103678166866302e-05,4.027091898024082,0.7245407679583877,True,0.2905738104139729,False
capacity,17,175,4.033102886751294,0.33343792892992496,0.00011106021702289581,4.033213946968317,0.7286007220391184,True,0.2880086681525164,False
capacity,17,176,4.62788506411016,0.3329480532556772,0.00010989606380462646,4.6279949601739645,0.7332591640297323,True,0.23228227826646244,False
capacity,17,177,4.043983994051814,0.32658595591783524,9.010545909404755e-05,4.044074099510908,0.7373309801332653,True,0.24704880738633672,False
capacity,17,178,4.035216988995671,0.3268860746175051,9.988434612751007e-05,4.035316873341799,0.7413933780044317,True,0.22715971901592538,False
capacity,17,179,4.046929068863392,0.3327371086925268,9.988434612751007e-05,4.047028953209519,0.7454669270664454,True,0.17290701811983253,False
capacity,17,180,4.237808985635638,0.33101392909884453,7.008202373981476e-05,4.237879067659378,0.7497316671069711,True,0.35718975246676604,False
capacity,17,181,4.020699067041278,0.32553402706980705,9.010545909404755e-05,4.020789172500372,0.753785438137129,True,0.35060677705389687,False
capacity,17,182,4.015679936856031,0.3253337927162647,0.00011012889444828033,4.01579006575048,0.7578280090820044,True,0.38833680222709815,False
capacity,17,183,4.020428983494639,0.3249719738960266,0.00010104849934577942,4.020530031993985,0.7618798180483282,True,0.2888454373379264,False
capacity,17,184,4.436914110556245,0.3306330181658268,8.987262845039368e-05,4.437003983184695,0.7663480110932142,True,0.26473257916300014,False
capacity,17,185,4.025728907436132,0.3254029434174299,6.100162863731384e-05,4.02578990906477,0.7704006009735167,True,0.24061972098807383,False
capacity,17,186,4.043292021378875,0.33049401827156544,8.009374141693115e-05,4.043372115120292,0.7744712640997022,True,0.21065347616251445,False
capacity,17,187,4.026159876957536,0.33013196662068367,9.010545909404755e-05,4.02624998241663,0.7785241049714386,True,0.18599455980233595,False
capacity,17,188,4.699739860370755,0.3407320473343134,0.00010011717677116394,4.699839977547526,0.7832548129372299,True,0.1841294809597918,False
capacity,17,189,4.055684898048639,0.3260339144617319,0.00011012889444828033,4.055795026943088,0.7873379800003022,True,0.3124838701946339,False
capacity,17,190,4.054633900523186,0.32504298724234104,9.010545909404755e-05,4.05472400598228,0.7914212080650032,True,0.20321040399274487,False
capacity,17,191,4.249220946803689,0.3311140462756157,0.00010011717677116394,4.24932106398046,0.7956988420337439,True,0.20200284322230583,False
capacity,17,192,4.130967892706394,0.3770508337765932,0.00014016404747962952,4.131108056753874,0.7998634530231357,True,0.20646355831600136,False
capacity,17,193,4.0546138770878315,0.3260350786149502,8.009374141693115e-05,4.054693970829248,0.8039534429553896,True,0.2115194321947129,False
capacity,17,194,4.0159509517252445,0.32455194741487503,8.009374141693115e-05,4.0160310454666615,0.8079960939940065,True,0.16971771098062763,False
capacity,17,195,4.031991120427847,0.3237500786781311,8.009374141693115e-05,4.032071214169264,0.812054755166173,True,0.14691792187514305,False
capacity,17,196,4.824413917958736,0.4052028525620699,0.00011106021702289581,4.824524978175759,0.816910709021613,True,0.12300146609927211,False
capacity,17,197,4.067176952958107,0.32379082404077053,0.00010011717677116394,4.067277070134878,0.8210055180825293,True,0.0996801691084172,False
capacity,17,198,4.042339976876974,0.3246318083256483,0.00010104849934577942,4.04244102537632,0.8250750601291656,True,0.0664375751713444,False
capacity,17,199,4.584633046761155,0.32199802808463573,0.00011012889444828033,4.584743175655603,0.8296862931456417,True,0.04318992908013524,False
capacity,17,200,4.0714258793741465,0.33201579935848713,7.008202373981476e-05,4.071495961397886,0.8337859220337123,True,0.03812412997432857,False
capacity,17,201,4.039353923872113,0.32373983412981033,0.00010104849934577942,4.039454972371459,0.8378576270770282,True,0.08732407708033633,False
capacity,17,202,4.058730788528919,0.3254939801990986,8.009374141693115e-05,4.058810882270336,0.8419433089438826,True,0.028903592087043992,False
capacity,17,203,4.186311969533563,0.3245919942855835,9.010545909404755e-05,4.186402074992657,0.8461651380639523,True,0.09441539250855019,False
capacity,17,204,4.276462132111192,0.4074079915881157,8.987262845039368e-05,4.276552004739642,0.8504753841552883,True,0.0948643861326188,False
capacity,17,205,4.047509981319308,0.3331177867949009,8.009374141693115e-05,4.047590075060725,0.8545497241429985,True,0.06749203831780333,False
capacity,17,206,4.035026067867875,0.33172499388456345,9.103678166866302e-05,4.035117104649544,0.8586113110650331,True,0.0897639971233218,False
capacity,17,207,4.094589035958052,0.3311641048640013,7.986091077327728e-05,4.094668896868825,0.862732470035553,True,0.0066709860315489105,False
capacity,17,208,4.16221609339118,0.36875507794320583,0.00012991949915885925,4.162346012890339,0.8669349420815706,True,0.055428843973616956,False
capacity,17,209,4.038562998175621,0.32927095890045166,0.00011990778148174286,4.038682905957103,0.8710003360174596,True,0.041037427325462554,False
capacity,17,210,4.034965997561812,0.3252930473536253,8.009374141693115e-05,4.035046091303229,0.8750622130464762,True,0.16159637919052075,False
capacity,17,211,4.3613119050860405,0.32606394961476326,9.010545909404755e-05,4.3614020105451345,0.8794507670681924,True,0.08571722200948532,False
capacity,17,212,4.106211010366678,0.3387089818716049,0.00010011717677116394,4.106311127543449,0.8835843291599303,True,0.11127190036807759,False
capacity,17,213,4.051217110827565,0.3383280709385872,8.987262845039368e-05,4.051306983456016,0.887677705148235,True,0.09793027714462432,False
capacity,17,214,4.071966977789998,0.33458112739026546,8.009374141693115e-05,4.072047071531415,0.8917771140113473,True,0.13950033690592822,False
capacity,17,215,4.095882177352905,0.32982206903398037,7.986091077327728e-05,4.0959620382636786,0.8958999761380255,True,0.00417563305097244,False
capacity,17,216,4.646007902920246,0.398511067032814,0.00015995465219020844,4.646167857572436,0.9005799579899758,True,0.08694757321012465,False
capacity,17,217,4.076184937730432,0.3370859194546938,0.00010011717677116394,4.076285054907203,0.9046837550122291,True,0.1065747848946868,False
capacity,17,218,4.032822092995048,0.3374360967427492,9.988434612751007e-05,4.032921977341175,0.9087428860366344,True,0.058735288970581286,False
capacity,17,219,4.368826048448682,0.329792033880949,0.00010011717677116394,4.368926165625453,0.9131439831107855,True,0.09735234757358513,False
capacity,17,220,4.1200879495590925,0.3351119812577963,7.986091077327728e-05,4.120167810469866,0.9172917329706252,True,0.09469933874634845,False
capacity,17,221,4.077726975083351,0.33145491033792496,7.008202373981476e-05,4.077797057107091,0.9213979130145162,True,0.09522953936058676,False
capacity,17,222,4.064912907779217,0.3360440023243427,6.0070306062698364e-05,4.0649729780852795,0.9254897669889033,True,0.056453977603202754,False
capacity,17,223,4.62905690073967,0.3369350451976061,9.010545909404755e-05,4.629147006198764,0.930160332005471,True,0.06234053941944036,False
capacity,17,224,4.035437013953924,0.32918015494942665,8.987262845039368e-05,4.035526886582375,0.9342223589774221,True,0.03991808002318198,False
capacity,17,225,4.023564979434013,0.3282390534877777,9.010545909404755e-05,4.023655084893107,0.938276241067797,True,0.11615353223168842,False
capacity,17,226,4.026771057397127,0.32575405202805996,9.010545909404755e-05,4.026861162856221,0.9423292321152985,True,0.15162019792594172,False
capacity,17,227,4.543425049632788,0.32771797850728035,0.00010989606380462646,4.543534945696592,0.9468989660963416,True,0.21329012465326205,False
capacity,17,228,4.062658874318004,0.32910099253058434,0.00010989606380462646,4.062768770381808,0.9509891369380057,True,0.41921449416223683,False
capacity,17,229,4.027521936222911,0.32781786285340786,0.00011106021702289581,4.027632996439934,0.9550450730603188,True,0.3985910143014647,False
capacity,17,230,4.039564868435264,0.32840901985764503,7.008202373981476e-05,4.0396349504590034,0.9591120400000364,True,0.3674319080735949,False
capacity,17,231,4.593038000166416,0.335172051563859,8.102506399154663e-05,4.593119025230408,0.9637324600480497,True,0.3881716329899638,False
capacity,17,232,4.038623999804258,0.3300029784440994,7.986091077327728e-05,4.038703860715032,0.9678099569864571,True,0.16106703047777446,False
capacity,17,233,4.016622202470899,0.3266951534897089,9.080395102500916e-05,4.016713006421924,0.9718576981686056,True,0.20053798654338462,False
capacity,17,234,4.034004872664809,0.3293908666819334,9.010545909404755e-05,4.034094978123903,0.9759185030125082,True,0.22440694319196622,False
capacity,17,235,4.340682877227664,0.337105942890048,9.010545909404755e-05,4.340772982686758,0.9802854750305414,True,0.06420764156460053,False
capacity,17,236,4.080913960933685,0.3282791003584862,0.00010011717677116394,4.0810140781104565,0.9843937000259757,True,0.08051877207185748,False
capacity,17,237,4.032972967252135,0.3321359399706125,9.010545909404755e-05,4.033063072711229,0.9884571200236678,True,0.038353357174201116,False
capacity,17,238,4.030729178339243,0.3305941354483366,7.986091077327728e-05,4.030809039250016,0.9925150901544839,True,0.0,False
capacity,17,239,4.5504579320549965,0.329039990901947,8.102506399154663e-05,4.550538957118988,0.9970925990492105,True,0.0,False
capacity,17,240,4.0316099766641855,0.32664486207067966,9.103678166866302e-05,4.031701013445854,1.001151140080765,True,0.0,False
capacity,17,241,4.050326067954302,0.32835896126925945,9.988434612751007e-05,4.050425952300429,1.0052286870777607,True,0.0,False
capacity,17,242,4.032392054796219,0.3258350770920515,0.00010989606380462646,4.0325019508600235,1.0092916660942137,True,0.022229737846421023,False
capacity,17,243,4.622473847121,0.32579386606812477,9.010545909404755e-05,4.622563952580094,1.013945498969406,True,0.0,False
capacity,17,244,4.026880953460932,0.32908981665968895,0.00010011717677116394,4.026981070637703,1.0179992211051285,True,0.0,False
capacity,17,245,4.030968993902206,0.3231898881494999,8.009374141693115e-05,4.031049087643623,1.0220563791226596,True,0.0,False
capacity,17,246,4.032050957903266,0.3210750874131918,8.987262845039368e-05,4.032140830531716,1.0261143289972097,True,0.056667479936692744,False
capacity,17,247,4.6116739977151155,0.3218371421098709,9.988434612751007e-05,4.611773882061243,1.0307526029646397,True,0.194809127086065,False
capacity,17,248,4.027332179248333,0.3241610247641802,0.00010989606380462646,4.027442075312138,1.0348079481627792,True,0.17077270073154585,False
capacity,17,249,4.0248180739581585,0.32420107163488865,9.010545909404755e-05,4.0249081794172525,1.038859787164256,True,0.19849137989255639,False
capacity,17,250,4.038714105263352,0.3257940988987684,8.987262845039368e-05,4.038803977891803,1.0429296491201967,True,0.24477323246795266,False
capacity,17,251,4.422898171469569,0.35252515226602554,9.988434612751007e-05,4.422998055815697,1.0473808201495558,True,0.20396555117656037,False
capacity,17,252,4.129515029489994,0.34294696524739265,8.009374141693115e-05,4.129595123231411,1.0515472241677344,True,0.14280750298815356,False
capacity,17,253,4.17384784668684,0.34155393950641155,0.00010011717677116394,4.173947963863611,1.0557563989423215,True,0.16753048769638468,False
capacity,17,254,4.093948053196073,0.3491390962153673,8.987262845039368e-05,4.094037925824523,1.0598828580696136,True,0.2528535871280699,False
capacity,17,255,4.742430988699198,0.3291910979896784,9.988434612751007e-05,4.742530873045325,1.0646558259613812,True,0.23945051139394216,False
capacity,17,256,4.133081063628197,0.35102199763059616,0.00014994293451309204,4.13323100656271,1.068829894065857,True,0.16149160735345375,False
capacity,17,257,4.086242988705635,0.34062215127050877,0.00017997808754444122,4.0864229667931795,1.0729529969394207,True,0.11184456430005396,False
capacity,17,258,4.075613105669618,0.3340600524097681,0.00016996636986732483,4.075783072039485,1.0770624440629035,True,0.0044507535688736895,False
capacity,17,259,4.729335894808173,0.33416994847357273,0.00010011717677116394,4.729436011984944,1.081824220949784,True,0.0,False
capacity,17,260,4.087917041033506,0.335032120347023,8.987262845039368e-05,4.088006913661957,1.0859449889976531,True,0.002517869307223654,False
capacity,17,261,4.045987036079168,0.33273687586188316,0.00010011717677116394,4.0460871532559395,1.0900213031563908,True,0.11271315262706012,False
capacity,17,262,4.049142822623253,0.33119390718638897,0.00011106021702289581,4.049253882840276,1.0941044909413904,True,0.07463905017948252,False
capacity,17,263,4.675153875723481,0.33205607905983925,9.010545909404755e-05,4.675243981182575,1.098813768941909,True,0.14263946791567447,False
capacity,17,264,4.073097836226225,0.3349308390170336,0.00010104849934577942,4.073198884725571,1.102915490977466,True,0.0765275079536806,False
capacity,17,265,4.032431170344353,0.33142417669296265,9.103678166866302e-05,4.032522207126021,1.10697481315583,True,0.1172808538993956,False
capacity,17,266,4.0587508119642735,0.33263699151575565,0.00010011717677116394,4.058850929141045,1.1110604349523783,True,0.153589951211987,False
capacity,17,267,4.798096138983965,0.36015897057950497,8.987262845039368e-05,4.798186011612415,1.1158850211650133,True,0.030938392771341937,False
capacity,17,268,4.064982989802957,0.3366537857800722,0.00010104849934577942,4.065084038302302,1.119978197151795,True,0.0,False
capacity,17,269,4.0593221783638,0.3367241006344557,6.100162863731384e-05,4.059383179992437,1.1240651111584157,True,0.0,False
capacity,17,270,4.0358679834753275,0.3292909823358059,8.009374141693115e-05,4.035948077216744,1.1281269281171262,True,0.010645158818493754,False
capacity,17,271,4.706963896751404,0.3297720104455948,7.008202373981476e-05,4.707033978775144,1.132864709943533,True,0.00427634476211515,False
capacity,17,272,4.072888055816293,0.3334989305585623,9.010545909404755e-05,4.072978161275387,1.1369659211486578,True,0.0,False
capacity,17,273,4.050225019454956,0.334771117195487,0.00010104849934577942,4.050326067954302,1.1410552100278437,True,0.001558572068260827,False
capacity,17,274,4.1126529686152935,0.331314979121089,9.010545909404755e-05,4.1127430740743876,1.145198110025376,True,0.0,False
capacity,17,275,4.599941894412041,0.406856881454587,0.00013015232980251312,4.600072046741843,1.1498321660328656,True,0.01827427773842547,False
capacity,17,276,4.058571998029947,0.3342509735375643,9.988434612751007e-05,4.058671882376075,1.1539186500012875,True,0.0,False
capacity,17,277,4.053751938045025,0.33396994695067406,8.009374141693115e-05,4.053832031786442,1.1579991420730948,True,0.0,False
capacity,17,278,4.057438112795353,0.33375900238752365,8.102506399154663e-05,4.0575191378593445,1.1620829901657999,True,0.031225451759561016,False
capacity,17,279,4.818242974579334,0.4127679858356714,0.0001310836523771286,4.818374058231711,1.1669358490034938,True,0.017270374830545467,False
capacity,17,280,4.042189801111817,0.33203582279384136,0.00012107193470001221,4.042310873046517,1.1710050399415195,True,0.028170427816690942,False
capacity,17,281,4.043282009661198,0.33163512125611305,8.102506399154663e-05,4.043363034725189,1.1750788500066847,True,0.025022653755431775,False
capacity,17,282,4.607185022905469,0.33226609230041504,9.988434612751007e-05,4.6072849072515965,1.1797133160289377,True,0.13645243012805533,False
capacity,17,283,4.316287115216255,0.34580216743052006,8.987262845039368e-05,4.316376987844706,1.1840622751042247,True,0.13119646873212618,False
capacity,17,284,4.032903118059039,0.3353930078446865,8.987262845039368e-05,4.0329929906874895,1.1881220880895853,True,0.13782305835492917,False
capacity,17,285,4.053101176396012,0.33265817910432816,9.988434612751007e-05,4.05320106074214,1.1922061671502888,True,0.1376005130236199,False
capacity,17,286,4.461219999939203,0.33167493529617786,9.103678166866302e-05,4.461311036720872,1.196694198064506,True,0.2535907876701958,False
capacity,17,287,4.107323009520769,0.3394798841327429,0.0001802109181880951,4.107503220438957,1.2008304451592267,True,0.11256661216831496,False
capacity,17,288,4.072456853464246,0.3331778571009636,0.00010011717677116394,4.072556970641017,1.204930244013667,True,0.014005968485178088,False
capacity,17,289,4.060534993186593,0.33396901562809944,0.00010011717677116394,4.060635110363364,1.209018822060898,True,0.0249351023605593,False
capacity,17,290,4.616212099790573,0.33323816023766994,8.102506399154663e-05,4.616293124854565,1.2136620550882071,True,0.08221787269055554,False
capacity,17,291,4.067548085004091,0.3412330988794565,9.988434612751007e-05,4.067647969350219,1.2177695780992508,True,0.039674138840445614,False
capacity,17,292,4.051388008520007,0.33234688453376293,9.010545909404755e-05,4.051478113979101,1.221848257118836,True,0.0,False
capacity,17,293,4.073688993230462,0.3333580680191517,8.987262845039368e-05,4.0737788658589125,1.225953205022961,True,0.0,False
capacity,17,294,4.6142281498759985,0.33087399788200855,8.987262845039368e-05,4.614318022504449,1.2305952161550522,True,0.0,False
capacity,17,295,4.067056113854051,0.3392389044165611,0.00010104849934577942,4.067157162353396,1.2346910871565342,True,0.0,False
capacity,17,296,4.067989066243172,0.34023099578917027,0.00012083910405635834,4.068109905347228,1.2387862580362707,True,0.0,False
capacity,17,297,4.063881002366543,0.33284700475633144,0.00011106021702289581,4.063992062583566,1.2428819790948182,True,0.002086031541481333,False
capacity,17,298,4.558242857456207,0.33167493529617786,8.009374141693115e-05,4.558322951197624,1.2474678040016443,True,0.0,False
capacity,17,299,4.071404924616218,0.33993995748460293,0.00011106021702289581,4.0715159848332405,1.2515651979483664,True,0.0,False
capacity,17,300,4.057479090988636,0.33525191247463226,0.00010011717677116394,4.057579208165407,1.255650068167597,True,0.0,False
capacity,17,301,4.058399936184287,0.33769593574106693,0.00010104849934577942,4.058500984683633,1.2597409400623292,True,0.0,False
capacity,17,302,4.36826515942812,0.3325571306049824,7.986091077327728e-05,4.368345020338893,1.2641426580958068,True,0.011786375788762078,False
capacity,17,303,4.109647125005722,0.33343909308314323,8.987262845039368e-05,4.109736997634172,1.2682840151246637,True,0.004963624267034056,False
capacity,17,304,4.075343022122979,0.33446098677814007,9.988434612751007e-05,4.075442906469107,1.2723879220429808,True,0.0,False
capacity,17,305,4.060344072058797,0.33909897319972515,8.987262845039368e-05,4.060433944687247,1.276475998107344,True,0.0,False
capacity,17,306,4.623085027560592,0.33987010829150677,9.103678166866302e-05,4.62317606434226,1.2811272470280528,True,0.0,False
capacity,17,307,4.047289025038481,0.33131404779851437,8.009374141693115e-05,4.047369118779898,1.285201006103307,True,0.0,False
capacity,17,308,4.035136895254254,0.3330179024487734,0.00010011717677116394,4.0352370124310255,1.289263254031539,True,0.06439772054847881,False
capacity,17,309,4.039695952087641,0.3328279126435518,9.010545909404755e-05,4.039786057546735,1.2933294700924307,True,0.0397707418602179,False
capacity,17,310,4.665374988690019,0.3317161463201046,8.987262845039368e-05,4.665464861318469,1.2980280870106071,True,0.030690106697835146,False
capacity,17,311,4.041519016027451,0.3319759853184223,0.00010989606380462646,4.041628912091255,1.3020965170580894,True,0.02334584729073679,False
capacity,17,312,4.034716170281172,0.33423001877963543,0.00010104849934577942,4.034817218780518,1.3061587151605636,True,0.016596746668654506,False
capacity,17,313,4.053691867738962,0.3321159165352583,0.00012014061212539673,4.053812008351088,1.3102439360227436,True,0.029765448626962097,False
capacity,17,314,4.632392898201942,0.3325969446450472,8.009374141693115e-05,4.632472991943359,1.314903249964118,True,0.041859169638017134,False
capacity,17,315,4.030387848615646,0.33293780870735645,8.009374141693115e-05,4.030467942357063,1.3189601469784975,True,0.0022028314530407617,False
capacity,17,316,4.0372509974986315,0.33430103212594986,9.010545909404755e-05,4.0373411029577255,1.323023958131671,True,0.0,False
capacity,17,317,4.047290189191699,0.33008214086294174,7.986091077327728e-05,4.047370050102472,1.32709770812653,True,0.017697787373654923,False
capacity,17,318,4.645117092877626,0.33184606581926346,7.986091077327728e-05,4.6451969537884,1.3317695350851864,True,0.0,False
capacity,17,319,4.029967123642564,0.3368249163031578,0.00011106021702289581,4.030078183859587,1.335830130148679,True,0.030630671046034307,False
capacity,17,320,4.01548994705081,0.33076293766498566,8.009374141693115e-05,4.015570040792227,1.3398764380253851,True,0.027700694926877906,False
capacity,17,321,4.049623850733042,0.32937084324657917,0.00010011717677116394,4.049723967909813,1.343957490986213,True,0.07589408026893273,False
capacity,17,322,4.597297171130776,0.32996200025081635,9.988434612751007e-05,4.597397055476904,1.3485814181622118,True,0.08321687776445899,False
capacity,17,323,4.049513954669237,0.33971993252635,9.988434612751007e-05,4.049613839015365,1.3526623309589922,True,0.09275977156716614,False
capacity,17,324,4.035457037389278,0.33679488115012646,0.00010011717677116394,4.03555715456605,1.3567247891332954,True,0.04267742941193843,False
capacity,17,325,4.036149010062218,0.3292611800134182,7.986091077327728e-05,4.036228870972991,1.360793448984623,True,0.05190280582138486,False
capacity,17,326,4.762027878314257,0.33770687878131866,0.00010011717677116394,4.762127995491028,1.3655820470303297,True,0.05541432319660012,False
capacity,17,327,4.062488907948136,0.3365750890225172,9.010545909404755e-05,4.06257901340723,1.369672497967258,True,0.047713780255632804,False
capacity,17,328,4.071414936333895,0.33846800215542316,7.986091077327728e-05,4.071494797244668,1.3737717049662024,True,0.10131177233349349,False
capacity,17,329,4.0405369363725185,0.32775686122477055,9.103678166866302e-05,4.040627973154187,1.377839514054358,True,0.03694022913766279,False
capacity,17,330,4.643343156203628,0.3261449746787548,0.00015087425708770752,4.643494030460715,1.3825152581557631,True,0.01168615533938098,False
capacity,17,331,4.039254039525986,0.33215596340596676,0.00010104849934577942,4.0393550880253315,1.3865823850501329,True,0.0,False
capacity,17,332,4.032202064990997,0.33522211015224457,8.987262845039368e-05,4.032291937619448,1.3906415980309248,True,0.1197808920297984,False
capacity,17,333,4.037351114675403,0.33593294210731983,0.00010989606380462646,4.037461010739207,1.3947125221602619,True,0.057433837896710305,False
capacity,17,334,4.600201966241002,0.3374658990651369,9.010545909404755e-05,4.600292071700096,1.3993392740376294,True,0.006526363773746488,False
capacity,17,335,4.0344661101698875,0.32895011827349663,9.988434612751007e-05,4.034565994516015,1.4034003200940788,True,0.009566847271998693,False
capacity,17,336,4.028683993965387,0.3337289672344923,0.00011012889444828033,4.028794122859836,1.4074560750741512,True,0.02462454907498398,False
capacity,17,337,4.050936084240675,0.3338789101690054,0.00012107193470001221,4.051057156175375,1.4115336721297354,True,0.07292492147796395,False
capacity,17,338,4.618417005985975,0.3289910964667797,7.986091077327728e-05,4.6184968668967485,1.4161835180129856,True,0.2524355876096341,False
capacity,17,339,4.0460070595145226,0.32371003180742264,9.988434612751007e-05,4.04610694386065,1.4202566361054778,True,0.18782780045309097,False
capacity,17,340,4.02504694648087,0.3247519489377737,9.103678166866302e-05,4.025137983262539,1.4243125419598073,True,0.18311294649276327,False
capacity,17,341,4.042740911245346,0.32549304887652397,8.009374141693115e-05,4.042821004986763,1.4283820339478552,True,0.1782565910477069,False
capacity,17,342,4.2887351009994745,0.3271761815994978,9.103678166866302e-05,4.288826137781143,1.4326972290873528,True,0.20636495412447634,False
capacity,17,343,4.0334840305149555,0.32933102920651436,8.009374141693115e-05,4.0335641242563725,1.4367618011310697,True,0.21732623003532864,False
capacity,17,344,4.020750056952238,0.32618502154946327,9.988434612751007e-05,4.020849941298366,1.4408128580544144,True,0.22302003856171831,False
capacity,17,345,4.024617141112685,0.32596499659121037,9.988434612751007e-05,4.024717025458813,1.4448642251081765,True,0.18110253870270324,False
capacity,17,346,4.626892972737551,0.32536406069993973,0.00010989606380462646,4.627002868801355,1.4495176479686052,True,0.14316682480930762,False
capacity,17,347,4.033733857795596,0.3300218377262354,0.00010011717677116394,4.033833974972367,1.4535776709672064,True,0.10080454040229753,False
capacity,17,348,4.028714960440993,0.33072405494749546,0.00011990778148174286,4.028834868222475,1.4576332969591022,True,0.28744063662597036,False
capacity,17,349,4.028113791719079,0.3330979961901903,0.00010011717677116394,4.02821390889585,1.4616922589484602,True,0.22323799217367457,False
capacity,17,350,4.6367410104721785,0.337105942890048,8.009374141693115e-05,4.636821104213595,1.4663558001630008,True,0.20662163123630967,False
capacity,17,351,4.045326029881835,0.3295110072940588,0.00010104849934577942,4.045427078381181,1.47042789706029,True,0.1404816638603226,False
capacity,17,352,4.033322911709547,0.3359129186719656,0.00010104849934577942,4.033423960208893,1.4744881910737604,True,0.17908394234646366,False
capacity,17,353,4.038773011416197,0.33688521943986416,0.00010081566870212555,4.038873827084899,1.4785575319547206,True,0.23480330876541547,False
capacity,17,354,4.376159980893135,0.34368783235549927,0.00010011717677116394,4.376260098069906,1.4829605431295931,True,0.20615503602138785,False
capacity,17,355,4.03796206228435,0.335803022608161,8.102506399154663e-05,4.038043087348342,1.487025055103004,True,0.34333619627704104,False
capacity,17,356,4.042330197989941,0.33713504672050476,8.987262845039368e-05,4.042420070618391,1.4910981431603432,True,0.14773152954679186,False
capacity,17,357,4.043793072924018,0.3375571686774492,8.987262845039368e-05,4.043882945552468,1.495169528061524,True,0.21822184489513344,False
capacity,17,358,4.61564096622169,0.33662491478025913,7.008202373981476e-05,4.61571104824543,1.499811589019373,True,0.2617483597440995,False
capacity,17,359,4.035908030346036,0.3370349295437336,0.00010011717677116394,4.036008147522807,1.503878696123138,True,0.21546007876160903,False
capacity,17,360,4.042159067466855,0.33574202097952366,9.103678166866302e-05,4.042250104248524,1.5079479771666229,True,0.1643594463111952,False
capacity,17,361,4.027722869068384,0.3358330577611923,9.103678166866302e-05,4.027813905850053,1.5120023109484464,True,0.08264589746291205,False
capacity,17,362,4.106911830604076,0.33870781771838665,9.010545909404755e-05,4.10700193606317,1.5161358329933137,True,0.053373798209263634,False
capacity,17,363,4.037271020933986,0.336033059284091,0.00011012889444828033,4.037381149828434,1.5202043030876666,True,0.05086660782072201,False
capacity,17,364,4.053952172398567,0.3368749748915434,9.988434612751007e-05,4.054052056744695,1.524284995160997,True,0.051115861652934635,False
capacity,17,365,4.037471022456884,0.3359029069542885,9.103678166866302e-05,4.037562059238553,1.528349077096209,True,0.04391658140800436,False
capacity,17,366,4.593619145452976,0.33739604987204075,9.988434612751007e-05,4.593719029799104,1.532969256164506,True,0.08196012417753984,False
capacity,17,367,4.035617923364043,0.3364740405231714,8.009374141693115e-05,4.03569801710546,1.5370352920144796,True,0.10457908676778445,False
capacity,17,368,4.0311990305781364,0.3345608711242676,6.0070306062698364e-05,4.031259100884199,1.5410932111553848,True,0.05261850181120753,False
capacity,17,369,4.050825955346227,0.3386489115655422,9.010545909404755e-05,4.050916060805321,1.545174665050581,True,0.10518787483787959,False
capacity,17,370,4.678059136494994,0.33746613189578056,8.987262845039368e-05,4.678149009123445,1.5498790740966797,True,0.18238883235079342,False
capacity,17,371,4.048422211781144,0.33522117882966995,8.079223334789276e-05,4.048503004014492,1.5539549081586301,True,0.14852184097610097,False
capacity,17,372,4.024246009066701,0.33500115387141705,9.988434612751007e-05,4.0243458934128284,1.5580058440100402,True,0.12862959439498614,False
capacity,17,373,4.03490592725575,0.3349210601300001,9.010545909404755e-05,4.034996032714844,1.5620714779943228,True,0.1873814853319783,False
capacity,17,374,4.18463908135891,0.3418039996176958,8.987262845039368e-05,4.18472895398736,1.5662840800359845,True,0.2249590238528794,False
capacity,17,375,4.0221018716692924,0.33711502328515053,8.102506399154663e-05,4.022182896733284,1.570333614014089,True,0.18233461488199024,False
capacity,17,376,4.048823146149516,0.33446098677814007,8.987262845039368e-05,4.0489130187779665,1.5744092070963234,True,0.1791900110635182,False
capacity,17,377,4.02835407294333,0.34076208248734474,9.010545909404755e-05,4.028444178402424,1.5784646321553737,True,0.30960471288564334,False
capacity,17,378,4.644596017897129,0.3431970253586769,7.986091077327728e-05,4.644675878807902,1.5831358879804611,True,0.2562047769692092,False
capacity,17,379,4.044675035402179,0.33498206175863743,8.009374141693115e-05,4.044755129143596,1.5872146871406585,True,0.20576550516294073,False
capacity,17,380,4.035247024148703,0.33633410930633545,7.986091077327728e-05,4.035326885059476,1.5912768649868667,True,0.14678471701620097,False
capacity,17,381,4.042450804263353,0.3346409648656845,8.009374141693115e-05,4.04253089800477,1.5953463369514793,True,0.18692254298264482,False
capacity,17,382,4.556721076369286,0.3344910219311714,0.00010011717677116394,4.556821193546057,1.5999295371584594,True,0.11597657601717279,False
capacity,17,383,4.045586101710796,0.33661420457065105,8.987262845039368e-05,4.045675974339247,1.6040060210507363,True,0.12231781697233705,False
capacity,17,384,4.034614888951182,0.33573200926184654,9.103678166866302e-05,4.034705925732851,1.6080672070384026,True,0.14449758160646614,False
capacity,17,385,4.119846969842911,0.3372260835021734,7.986091077327728e-05,4.119926830753684,1.6122134639881551,True,0.12265882866295401,False
capacity,17,386,4.265862051397562,0.4227070603519678,0.00010989606380462646,4.265971947461367,1.6165110250003636,True,0.13112236230308,False
capacity,17,387,4.081493942067027,0.3465029876679182,9.010545909404755e-05,4.081584047526121,1.6206215640995651,True,0.11864260480218694,False
capacity,17,388,4.0715348441153765,0.3439688589423895,9.010545909404755e-05,4.0716249495744705,1.6247260009404272,True,0.1351045309119789,False
capacity,17,389,4.072136944159865,0.3389290068298578,9.010545909404755e-05,4.072227049618959,1.6288310301024467,True,0.1304491397172727,False
capacity,17,390,4.840254783630371,0.4013669677078724,0.00012014061212539673,4.8403749242424965,1.633710057940334,True,0.14731988190679443,False
capacity,17,391,4.073780030012131,0.3477360587567091,8.987262845039368e-05,4.073869902640581,1.6378122409805655,True,0.12394565801163537,False
capacity,17,392,4.052859963849187,0.34658308140933514,9.988434612751007e-05,4.052959848195314,1.6418926829937845,True,0.10439465270710517,False
capacity,17,393,4.728353815153241,0.3388989716768265,8.009374141693115e-05,4.728433908894658,1.6466576759703457,True,0.10898430578640744,False
capacity,17,394,4.072437062859535,0.3472450189292431,9.010545909404755e-05,4.072527168318629,1.6507577251177281,True,0.1264493695175206,False
capacity,17,395,4.043292952701449,0.34059304744005203,9.010545909404755e-05,4.043383058160543,1.6548287400510162,True,0.13715182551417482,False
capacity,17,396,4.054141929373145,0.33908896148204803,0.00010011717677116394,4.054242046549916,1.658909993013367,True,0.1498372155134269,False
capacity,17,397,4.492779960855842,0.3387988545000553,0.00010011717677116394,4.492880078032613,1.663429063046351,True,0.1233475100372498,False
capacity,17,398,4.147097002714872,0.3552499692887068,0.00010011717677116394,4.1471971198916435,1.6676090720575303,True,0.1471520765265548,False
capacity,17,399,4.056978039443493,0.35758386366069317,0.00010011717677116394,4.057078156620264,1.6716934121213853,True,0.17227051915228833,False
capacity,17,400,4.083819221705198,0.3449700307101011,0.00010989606380462646,4.083929117769003,1.6758046131581068,True,0.15860867763829578,False
capacity,17,401,4.6267828438431025,0.3389790654182434,0.00010011717677116394,4.626882961019874,1.6804594779387116,True,0.13373121083557066,False
capacity,17,402,4.087776178494096,0.3479660954326391,9.988434612751007e-05,4.087876062840223,1.6845813081599772,True,0.15006528136302869,False
capacity,17,403,4.078529076650739,0.3496191930025816,8.987262845039368e-05,4.078618949279189,1.6886923080310225,True,0.14055570132727832,False
capacity,17,404,4.0732491761446,0.3472650423645973,8.987262845039368e-05,4.07333904877305,1.692792798159644,True,0.17710828828065428,False
capacity,17,405,4.6723079867661,0.33995998091995716,9.103678166866302e-05,4.672399023547769,1.6974931489676237,True,0.16917269672344182,False
capacity,17,406,4.082835977897048,0.3476249985396862,8.987262845039368e-05,4.082925850525498,1.7016053500119597,True,0.20960772630352034,False
capacity,17,407,4.069160902872682,0.3463628236204386,9.103678166866302e-05,4.06925193965435,1.705702685052529,True,0.16944654245283244,False
capacity,17,408,4.072958137840033,0.34638307988643646,0.00010989606380462646,4.073068033903837,1.7098087151534855,True,0.16568188732514602,False
capacity,17,409,4.707643995061517,0.3400910645723343,0.00015995465219020844,4.707803949713707,1.7145501230843365,True,0.16577097657820591,False
capacity,17,410,4.065274028107524,0.3471749369055033,7.008202373981476e-05,4.065344110131264,1.7186438210774213,True,0.17294110015927588,False
capacity,17,411,4.039144143462181,0.34449994564056396,9.988434612751007e-05,4.039244027808309,1.7227097251452506,True,0.15055453270262686,False
capacity,17,412,4.074671072885394,0.3465630579739809,7.986091077327728e-05,4.074750933796167,1.7268153850454837,True,0.13914959777929517,False
capacity,17,413,4.6337752137333155,0.3394091036170721,8.079223334789276e-05,4.633856005966663,1.7314795581623912,True,0.1543426238996158,False
capacity,17,414,4.087585955858231,0.3514229319989681,9.010545909404755e-05,4.087676061317325,1.735595918027684,True,0.16645697872239837,False
capacity,17,415,4.068990936502814,0.3479460719972849,8.009374141693115e-05,4.069071030244231,1.739692681003362,True,0.18221004154647458,False
capacity,17,416,4.09178389236331,0.3469139337539673,0.00010989606380462646,4.0918937884271145,1.743812246946618,True,0.16153653557117822,False
capacity,17,417,4.654575139284134,0.33996114507317543,9.988434612751007e-05,4.654675023630261,1.748494123108685,True,0.17188835892030743,False
capacity,17,418,4.089118912816048,0.3472049720585346,0.00011012889444828033,4.089229041710496,1.7526174259837717,True,0.21861501769743205,False
capacity,17,419,4.080391954630613,0.34428900107741356,8.987262845039368e-05,4.080481827259064,1.756725599989295,True,0.2614518339052532,False
capacity,17,420,4.070753930136561,0.33780699595808983,0.00011012889444828033,4.07086405903101,1.7608303180895746,True,0.3107449136380315,False
capacity,17,421,4.657079000025988,0.3360740374773741,9.988434612751007e-05,4.657178884372115,1.7655148089397699,True,0.33745239727453047,False
capacity,17,422,4.076363984495401,0.3489379305392504,9.010545909404755e-05,4.076454089954495,1.7696199880447239,True,0.33383195862882914,False
capacity,17,423,4.076034063473344,0.3434580285102129,8.987262845039368e-05,4.076123936101794,1.7737315190024674,True,0.24171707342105322,False
capacity,17,424,4.066024906933308,0.3377969842404127,9.010545909404755e-05,4.066115012392402,1.777830827049911,True,0.268424932327834,False
capacity,17,425,4.730418091639876,0.3856068942695856,9.988434612751007e-05,4.730517975986004,1.7825885261408985,True,0.25660830430912407,False
capacity,17,426,4.040607018396258,0.34102308563888073,9.010545909404755e-05,4.040697123855352,1.786657276097685,True,0.2554692803436151,False
capacity,17,427,4.04883292503655,0.33876788802444935,0.00010011717677116394,4.048933042213321,1.7907372179906815,True,0.323980161721427,False
capacity,17,428,4.037981852889061,0.33589289523661137,8.009374141693115e-05,4.038061946630478,1.794808872975409,True,0.33574215695878856,False
capacity,17,429,4.761476069688797,0.33841817639768124,7.986091077327728e-05,4.76155593059957,1.7995967590250075,True,0.32960889962735607,False
capacity,17,430,4.034927114844322,0.34283706918358803,8.987262845039368e-05,4.035016987472773,1.8036600190680474,True,0.19463609544529661,False
capacity,17,431,4.039354855194688,0.3384789451956749,0.00010011717677116394,4.039454972371459,1.8077262139413506,True,0.24158840334069698,False
capacity,17,432,4.068438895046711,0.33288681879639626,9.103678166866302e-05,4.06852993182838,1.8118271250277758,True,0.2884003018770292,False
capacity,17,433,4.56482614390552,0.4044231027364731,0.00012991949915885925,4.564956063404679,1.8164313051383942,True,0.22376550897257752,False
capacity,17,434,4.067047033458948,0.34440914168953896,8.102506399154663e-05,4.06712805852294,1.8205307030584663,True,0.2338281934317046,False
capacity,17,435,4.057239042595029,0.3404119051992893,0.00010011717677116394,4.0573391597718,1.8246157141402364,True,0.2179550356814797,False
capacity,17,436,4.069861955940723,0.3401110880076885,0.00011990778148174286,4.069981863722205,1.8287133979611099,True,0.1891162770465472,False
capacity,17,437,4.801261005923152,0.4087910056114197,0.00012014061212539673,4.801381146535277,1.8335555461235344,True,0.2579970213565682,False
capacity,17,438,4.049834096804261,0.3398200497031212,0.00011106021702289581,4.049945157021284,1.837634185096249,True,0.2473126063274796,False
capacity,17,439,4.025178961455822,0.3360440023243427,9.988434612751007e-05,4.0252788458019495,1.841687035979703,True,0.20938546364354294,False
capacity,17,440,4.099777899682522,0.3393199294805527,9.988434612751007e-05,4.099877784028649,1.8458141449373215,True,0.22189483773426294,False
capacity,17,441,4.187654936686158,0.40492299012839794,0.00015995465219020844,4.187814891338348,1.85003603505902,True,0.21260196305032725,False
capacity,17,442,4.023845074698329,0.33408007584512234,9.103678166866302e-05,4.023936111479998,1.8540869711432606,True,0.1712494660433753,False
capacity,17,443,4.062427906319499,0.3346309531480074,9.010545909404755e-05,4.062518011778593,1.8581805480644107,True,0.13648862818228824,False
capacity,17,444,4.107392858713865,0.3296108916401863,9.010545909404755e-05,4.107482964172959,1.862314251018688,True,0.1321343007198278,False
capacity,17,445,4.153098911046982,0.37432601675391197,0.00011012889444828033,4.15320903994143,1.8665061730425805,True,0.19351135413959228,False
capacity,17,446,4.050184972584248,0.3370449412614107,0.00011012889444828033,4.050295101478696,1.8705842611379921,True,0.2881476083490223,False
capacity,17,447,4.051749128848314,0.33493200317025185,8.987262845039368e-05,4.051839001476765,1.874668040079996,True,0.22205677237011245,False
capacity,17,448,4.073278047144413,0.33684493973851204,0.00010011717677116394,4.073378164321184,1.8787695311475545,True,0.23557655430446256,False
capacity,17,449,4.636069992557168,0.3343201242387295,9.988434612751007e-05,4.6361698769032955,1.883433423936367,True,0.27585725927144095,False
capacity,17,450,4.034685902297497,0.33718603663146496,9.010545909404755e-05,4.034776007756591,1.8874950299505144,True,0.3664842537277893,False
capacity,17,451,4.038352984935045,0.3348418977111578,8.009374141693115e-05,4.038433078676462,1.891560424119234,True,0.3935055272477333,False
capacity,17,452,4.093355964869261,0.3366239834576845,0.00010989606380462646,4.093465860933065,1.8956810419913381,True,0.3378964737150513,False
capacity,17,453,4.188907099887729,0.4067670088261366,0.00010989606380462646,4.189016995951533,1.8999093030579388,True,0.30430655751017144,False
capacity,17,454,4.0512168779969215,0.3384379670023918,8.102506399154663e-05,4.051297903060913,1.9039883730001748,True,0.3196901948585646,False
capacity,17,455,4.016991937533021,0.3350009210407734,0.00010104849934577942,4.017092986032367,1.908032265957445,True,0.30377345889328683,False
capacity,17,456,4.055534955114126,0.3410829231142998,0.00011012889444828033,4.0556450840085745,1.9121186390984803,True,0.2872839824673768,False
capacity,17,457,4.822200862690806,0.3885019104927778,9.010545909404755e-05,4.8222909681499,1.9169724599923939,True,0.2759113650311506,False
capacity,17,458,4.073869902640581,0.34087197855114937,9.988434612751007e-05,4.073969786986709,1.9210750239435583,True,0.2233840853777562,False
capacity,17,459,4.080062033608556,0.3431770019233227,7.986091077327728e-05,4.080141894519329,1.9251834789756685,True,0.22036007980679398,False
capacity,17,460,4.281370900571346,0.34128292463719845,9.010545909404755e-05,4.28146100603044,1.9294920309912413,True,0.1983157466273037,False
capacity,17,461,4.159791860729456,0.39157900027930737,0.00012014061212539673,4.159912001341581,1.9336866280063987,True,0.2068179272386509,False
capacity,17,462,4.063650034368038,0.3474550321698189,9.103678166866302e-05,4.063741071149707,1.9377790330909193,True,0.2777951944243793,False
capacity,17,463,4.062639083713293,0.34102308563888073,7.986091077327728e-05,4.062718944624066,1.9418744840659201,True,0.22014233151453036,False
capacity,17,464,4.872245015576482,0.3431770019233227,7.986091077327728e-05,4.872324876487255,1.9467745709698647,True,0.2467974919447276,False
capacity,17,465,4.054614109918475,0.3438279964029789,8.009374141693115e-05,4.054694203659892,1.9508583501446992,True,0.25781960813700733,False
capacity,17,466,4.07215696759522,0.341854989528656,0.00017997808754444122,4.072336945682764,1.9549630880355835,True,0.24718564528736883,False
capacity,17,467,4.055314930155873,0.3417239058762789,8.987262845039368e-05,4.055404802784324,1.9590463449712843,True,0.22458474345991275,False
capacity,17,468,4.629126051440835,0.348587054759264,0.00011990778148174286,4.629245959222317,1.9637075720820576,True,0.24799912873818258,False
capacity,17,469,4.077467136085033,0.3483870532363653,9.988434612751007e-05,4.077567020431161,1.96781298215501,True,0.2340614447271965,False
capacity,17,470,4.073980031535029,0.3423350863158703,0.00010081566870212555,4.0740808472037315,1.971915635978803,True,0.24412405471828588,False
capacity,17,471,4.069401882588863,0.34015090204775333,7.008202373981476e-05,4.069471964612603,1.9760128599591553,True,0.27188621224211557,False
capacity,17,472,4.629698116332293,0.341994920745492,0.00010989606380462646,4.629808012396097,1.980670350138098,True,0.2344154200194896,False
capacity,17,473,4.070453112944961,0.34930813126266,8.987262845039368e-05,4.070542985573411,1.9847737750969827,True,0.2843551668944837,False
capacity,17,474,4.049964947625995,0.34267595037817955,7.101334631443024e-05,4.050035960972309,1.988852133974433,True,0.2944997065954244,False
capacity,17,475,4.0423700120300055,0.3427560441195965,8.009374141693115e-05,4.042450105771422,1.9929212040733546,True,0.2936686595268626,False
capacity,17,476,4.638954997062683,0.3400510177016258,8.987262845039368e-05,4.6390448696911335,1.9975907469633967,True,0.32622354470210946,False
capacity,17,477,4.054112825542688,0.34653395414352417,9.010545909404755e-05,4.054202931001782,2.0016736439429224,True,0.29572050105976616,False
capacity,17,478,4.055185010656714,0.3462228924036026,8.009374141693115e-05,4.055265104398131,2.005756020080298,True,0.2878786638257152,False
capacity,17,479,4.0491928812116385,0.3402009606361389,9.010545909404755e-05,4.0492829866707325,2.0098358909599483,True,0.32963425070261404,False
capacity,17,480,4.559565102681518,0.3397099208086729,0.00010104849934577942,4.559666151180863,2.0144222071394324,True,0.3213299840222483,False
capacity,17,481,4.08917898312211,0.3475549165159464,0.00010011717677116394,4.0892791002988815,2.0185395490843803,True,0.3437582480288978,False
capacity,17,482,4.0763551369309425,0.34847715869545937,8.987262845039368e-05,4.076445009559393,2.0226437461096793,True,0.39167736549513277,False
capacity,17,483,4.068980924785137,0.3482659813016653,0.00010011717677116394,4.069081041961908,2.0267440860625356,True,0.40883103412545585,False
capacity,17,484,4.652140196412802,0.34257606603205204,9.988434612751007e-05,4.652240080758929,2.0314298991579562,True,0.42353956606474247,False
capacity,17,485,4.085240885615349,0.3517728764563799,0.00010011717677116394,4.08534100279212,2.035543143050745,True,0.5060652824243164,False
capacity,17,486,4.090130096301436,0.3546280786395073,8.987262845039368e-05,4.090219968929887,2.039672387065366,True,0.4733747838990538,False
capacity,17,487,4.077647114172578,0.34946901723742485,8.987262845039368e-05,4.077736986801028,2.043778167106211,True,0.43007166944735425,False
capacity,17,488,4.648773930966854,0.34367782063782215,8.009374141693115e-05,4.648854024708271,2.048454293049872,True,0.46134059816240963,False
capacity,17,489,4.087596200406551,0.3522441256791353,7.986091077327728e-05,4.087676061317325,2.052575101144612,True,0.4272626979192647,False
capacity,17,490,4.065274028107524,0.3487979993224144,7.008202373981476e-05,4.065344110131264,2.0566687581595033,True,0.4433749482724129,False
capacity,17,491,4.070583963766694,0.3478759899735451,0.00011012889444828033,4.070694092661142,2.060766553040594,True,0.47215797837124374,False
capacity,17,492,4.696354037150741,0.3495488781481981,9.010545909404755e-05,4.696444142609835,2.065490218112245,True,0.4609715409747844,False
capacity,17,493,4.079450154677033,0.3500401508063078,8.987262845039368e-05,4.079540027305484,2.0696015681605786,True,0.483737113717914,False
capacity,17,494,4.071536008268595,0.34899800084531307,8.987262845039368e-05,4.071625880897045,2.073700536042452,True,0.479051547838467,False
capacity,17,495,4.067727830260992,0.3482569009065628,9.010545909404755e-05,4.067817935720086,2.077796265948564,True,0.5269044347961734,False
capacity,17,496,4.634937038645148,0.3422950394451618,0.00011990778148174286,4.63505694642663,2.082463795086369,True,0.44789377915071765,False
capacity,17,497,4.067517817020416,0.35175285302102566,9.010545909404755e-05,4.06760792247951,2.0865607489831746,True,0.44525956389222837,False
capacity,17,498,4.081705119460821,0.350200105458498,0.00014994293451309204,4.081855062395334,2.0906701961066574,True,0.9871525373940571,False
capacity,17,499,4.078228026628494,0.3469940274953842,8.009374141693115e-05,4.078308120369911,2.0947766171302646,True,1.034010666018659,False
capacity,17,500,4.714056849479675,0.34546200186014175,0.00012014061212539673,4.714176990091801,2.0995259799528867,True,0.9435291678075481,True
capacity,17,501,4.082636907696724,0.35235402174293995,9.010545909404755e-05,4.082727013155818,2.10363782197237,True,0.5531680842794661,False
capacity,17,502,4.07098513096571,0.34980010241270065,9.988434612751007e-05,4.071085015311837,2.1077362580690533,True,0.5078840036405265,False
capacity,17,503,4.0780180133879185,0.34262589178979397,9.010545909404755e-05,4.0781081188470125,2.1118516160640866,True,0.5594444115765361,False
capacity,17,504,4.622144158929586,0.4234481602907181,0.00014994293451309204,4.6222941018640995,2.1165078841149807,True,0.6302765717517569,False
capacity,17,505,4.079510923475027,0.3484271001070738,0.00010011717677116394,4.079611040651798,2.12061999598518,True,0.6726909418407379,False
capacity,17,506,4.084059037268162,0.3527151420712471,9.103678166866302e-05,4.08415007404983,2.124732729047537,True,0.7036110579786938,False
capacity,17,507,4.6812850050628185,0.34368783235549927,8.009374141693115e-05,4.6813650988042355,2.1294479181524366,True,0.7861775324121689,True
capacity,17,508,4.119326127693057,0.35118195228278637,7.986091077327728e-05,4.11940598860383,2.1335952661465853,True,0.777460396521815,True
capacity,17,509,4.075412172824144,0.35066111013293266,7.986091077327728e-05,4.075492033734918,2.137699202168733,True,0.7216213530004315,True
capacity,17,510,4.077928140759468,0.34669414162635803,9.988434612751007e-05,4.078028025105596,2.1418092511594296,True,0.8355467451693285,True
capacity,17,511,4.231907892972231,0.3400808200240135,0.00010104849934577942,4.232008941471577,2.1460693220142275,True,0.8910454239182681,True
capacity,17,512,4.202462965622544,0.4070280119776726,0.00010011717677116394,4.2025630827993155,2.1503056481014937,True,0.6189770858894671,False
capacity,17,513,4.1088860016316175,0.3450510557740927,8.009374141693115e-05,4.1089660953730345,2.1544471750967205,True,0.728062698534321,False
capacity,17,514,4.104346968233585,0.3523840568959713,9.988434612751007e-05,4.104446852579713,2.1585829509422183,True,0.6886556230491756,False
capacity,17,515,4.7895589377731085,0.35159289836883545,6.0070306062698364e-05,4.789619008079171,2.163411223096773,True,0.6304416108748363,False
capacity,17,516,4.152737790718675,0.3552287817001343,8.009374141693115e-05,4.152817884460092,2.1676007809583098,True,0.6272962151406984,False
capacity,17,517,4.077656893059611,0.3480559680610895,0.00010011717677116394,4.0777570102363825,2.1717083449475467,True,0.57521610809825,False
capacity,17,518,4.074700875207782,0.34661288373172283,8.009374141693115e-05,4.074780968949199,2.175812931964174,True,0.5219484967588768,False
capacity,17,519,4.604961955919862,0.3377269022166729,8.987262845039368e-05,4.605051828548312,2.1804470689967275,True,0.5493610451295913,False
capacity,17,520,4.075371893122792,0.34443894401192665,0.00010104849934577942,4.075472941622138,2.184551164973527,True,0.484658688471055,False
capacity,17,521,4.075733013451099,0.3411630168557167,9.103678166866302e-05,4.075824050232768,2.188659911043942,True,1.3351307440576317,False
capacity,17,522,4.067117115482688,0.33829803578555584,8.987262845039368e-05,4.067206988111138,2.1927551811095327,True,1.2668496064449983,False
capacity,17,523,4.629907896742225,0.33264700323343277,9.010545909404755e-05,4.629998002201319,2.197417529998347,True,1.2354133651206376,True
capacity,17,524,4.063069820404053,0.3387387841939926,0.00011012889444828033,4.063179949298501,2.2015085329767317,True,1.207154673342094,True
capacity,17,525,4.0378819685429335,0.33674505539238453,0.00010989606380462646,4.037991864606738,2.205580187961459,True,1.416464569448621,True
capacity,17,526,4.062178079038858,0.33386913128197193,0.00010989606380462646,4.062287975102663,2.2096697681117803,True,1.195031931042236,True
capacity,17,527,4.630078095942736,0.34708413295447826,8.987262845039368e-05,4.630167968571186,2.2143274780828506,True,1.1653357176595365,True
capacity,17,528,4.0295959915965796,0.3296211361885071,0.00010081566870212555,4.029696807265282,2.21838386496529,True,1.2294415037451967,True
capacity,17,529,4.030217882245779,0.33081392757594585,8.009374141693115e-05,4.030297975987196,2.222440792946145,True,1.212996632893478,True
capacity,17,530,4.041137872263789,0.3391588106751442,0.00010011717677116394,4.04123798944056,2.2265089720021933,True,1.181445198106038,True
capacity,17,531,5.137124098837376,0.3436580300331116,8.009374141693115e-05,5.137204192578793,2.2316736781504005,True,1.1466275426932544,True
capacity,17,532,4.053931916132569,0.34106289967894554,8.009374141693115e-05,4.054012009873986,2.2357602620031685,True,0.9489862945642019,True
capacity,17,533,4.030368058010936,0.3333580680191517,6.984919309616089e-05,4.030437907204032,2.239821919007227,True,0.9324414582735917,True
capacity,17,534,4.055924946442246,0.33229589462280273,9.103678166866302e-05,4.056015983223915,2.2439046651124954,True,0.8132747785228545,True
capacity,17,535,4.628616152331233,0.3300029784440994,8.987262845039368e-05,4.628706024959683,2.248565622139722,True,0.7059636740117365,True
capacity,17,536,4.049283917993307,0.3377769608050585,7.008202373981476e-05,4.049354000017047,2.2526461749803275,True,1.1022119326757085,True
capacity,17,537,4.046608926728368,0.3335888031870127,8.009374141693115e-05,4.046689020469785,2.256719754077494,True,1.118448078296542,True
capacity,17,538,4.039936000481248,0.33411988988518715,8.009374141693115e-05,4.040016094222665,2.260786190163344,True,1.0951564032951895,True
capacity,17,539,4.619007930159569,0.3278879448771477,0.00010989606380462646,4.619117826223373,2.265431917971,True,1.008327725518626,True
capacity,17,540,4.063701024278998,0.337276142090559,8.987262845039368e-05,4.063790896907449,2.269524032017216,True,0.9543270049840344,True
capacity,17,541,4.063570173457265,0.3361429553478956,9.103678166866302e-05,4.063661210238934,2.273615575162694,True,0.979997989312041,True
capacity,17,542,4.065664019435644,0.34280610270798206,9.103678166866302e-05,4.065755056217313,2.277713380055502,True,1.1109326204389083,True
capacity,17,543,4.612755961716175,0.3428871277719736,0.00010989606380462646,4.61286585777998,2.2823590179905295,True,1.0080915708092832,True
capacity,17,544,4.073078045621514,0.33655506558716297,9.988434612751007e-05,4.073177929967642,2.286465629003942,True,1.090078438177592,True
capacity,17,545,4.059443017467856,0.3433970268815756,9.010545909404755e-05,4.0595331229269505,2.290552955120802,True,0.9177528775007247,True
capacity,17,546,4.050384974107146,0.3413830418139696,7.986091077327728e-05,4.0504648350179195,2.2946309719700366,True,0.7641980609546375,True
capacity,17,547,4.769570892676711,0.40471297688782215,8.009374141693115e-05,4.769650986418128,2.2994317619595677,True,0.7050167267585961,True
capacity,17,548,4.04231995344162,0.3425360191613436,0.00011012889444828033,4.042430082336068,2.3035015440545976,True,0.7128775236942251,True
capacity,17,549,4.038062179461122,0.34178420901298523,8.987262845039368e-05,4.038152052089572,2.3075663971249014,True,0.8240805225253394,True
capacity,17,550,4.039574880152941,0.34347688779234886,9.010545909404755e-05,4.039664985612035,2.3116326830349863,True,0.781490474981354,True
capacity,17,551,4.658603109419346,0.34193508327007294,9.988434612751007e-05,4.658702993765473,2.316318567143753,True,0.7188740918242792,True
capacity,17,552,4.050737014040351,0.33834786154329777,9.010545909404755e-05,4.050827119499445,2.3203962941188365,True,0.7244307192334498,True
capacity,17,553,4.049713956192136,0.3436780534684658,6.984919309616089e-05,4.049783805385232,2.324480111943558,True,0.6760273150403455,True
capacity,17,554,4.066215129569173,0.3451099619269371,8.987262845039368e-05,4.066305002197623,2.3285795501433313,True,0.6424328355365202,True
capacity,17,555,4.424621118232608,0.34610205329954624,9.988434612751007e-05,4.424721002578735,2.3330320741515607,True,1.3578441745343293,True
capacity,17,556,4.0470699314028025,0.33961096778512,8.009374141693115e-05,4.047150025144219,2.3371068460401148,True,1.2941268659694825,True
capacity,17,557,4.042291082441807,0.3370561171323061,8.987262845039368e-05,4.042380955070257,2.3411765480414033,True,1.2656685681526834,True
capacity,17,558,4.041889915242791,0.3365250304341316,0.00011012889444828033,4.0420000441372395,2.3452453380450606,True,1.2244742926733247,True
capacity,17,559,4.6361100394278765,0.3397800028324127,7.986091077327728e-05,4.63618990033865,2.349907997995615,True,1.2336723769341784,True
capacity,17,560,4.052578937262297,0.33886893652379513,7.008202373981476e-05,4.0526490192860365,2.3539882390759885,True,1.192780236588248,True
capacity,17,561,4.033423028886318,0.3374260850250721,7.986091077327728e-05,4.0335028897970915,2.3580493950285017,True,1.143050107888954,True
capacity,17,562,4.031589953228831,0.33567287027835846,9.010545909404755e-05,4.031680058687925,2.3621072750538588,True,1.104380037731973,True
capacity,17,563,4.242307040840387,0.3352309577167034,0.00011082738637924194,4.242417868226767,2.366381583036855,True,0.9931960162706172,True
capacity,17,564,4.044254077598453,0.34040212631225586,6.0070306062698364e-05,4.044314147904515,2.370458939112723,True,1.0019606073469545,True
capacity,17,565,4.045445937663317,0.3411630168557167,9.988434612751007e-05,4.045545822009444,2.3745313859544694,True,0.9824751083561045,True
capacity,17,566,4.047150025144219,0.34280610270798206,9.988434612751007e-05,4.047249909490347,2.3786059480626136,True,0.910980420060123,True
capacity,17,567,4.639897029846907,0.34127291291952133,0.00010011717677116394,4.639997147023678,2.383273166138679,True,0.8600261057870104,True
capacity,17,568,4.047430120408535,0.33733597956597805,8.987262845039368e-05,4.047519993036985,2.3873477270826697,True,0.8921641634103112,True
capacity,17,569,4.038172774016857,0.3385778982192278,9.010545909404755e-05,4.038262879475951,2.3914123999420553,True,0.8973708641125409,True
capacity,17,570,4.050376126542687,0.3426661714911461,9.988434612751007e-05,4.050476010888815,2.3954891450703144,True,0.8595058429348548,True
capacity,17,571,4.164560930803418,0.3426359035074711,8.009374141693115e-05,4.164641024544835,2.3996808570809662,True,0.8459480662323201,True
capacity,17,572,4.044134169816971,0.34370808862149715,8.987262845039368e-05,4.044224042445421,2.403752613114193,True,0.7338059341840742,True
capacity,17,573,4.045907873660326,0.3376270178705454,9.010545909404755e-05,4.04599797911942,2.4078291279729456,True,0.6032653075620372,False
capacity,17,574,4.048682050779462,0.3355930093675852,9.988434612751007e-05,4.048781935125589,2.4119087180588394,True,0.5307416563676763,False
capacity,17,575,4.55784285441041,0.3378570545464754,9.010545909404755e-05,4.557932959869504,2.4165028389543295,True,0.4693511536184154,False
capacity,17,576,4.052309086546302,0.3437481354922056,8.987262845039368e-05,4.052398959174752,2.420582049060613,True,0.5007397745585973,False
capacity,17,577,4.029216011986136,0.3406920004636049,9.988434612751007e-05,4.029315896332264,2.424637865042314,True,0.49258024522024063,False
capacity,17,578,4.048912785947323,0.34065195359289646,7.008202373981476e-05,4.048982867971063,2.428713507950306,True,0.47536275169091063,False
capacity,17,579,4.152317997068167,0.3454410471022129,8.987262845039368e-05,4.152407869696617,2.432892926968634,True,0.5283215764348321,False
capacity,17,580,4.038573009893298,0.3350810147821903,9.103678166866302e-05,4.038664046674967,2.436958541162312,True,0.5601451761687788,False
capacity,17,581,4.030107986181974,0.335803022608161,8.009374141693115e-05,4.030188079923391,2.4410149580799043,True,0.49976062288716766,False
capacity,18,0,3.8262829184532166,0.3349909093230963,9.103678166866302e-05,3.826373955234885,0.003845779923722148,False,,
capacity,18,1,3.792189061641693,0.33225701190531254,0.00014016404747962952,3.7923292256891727,0.007663897005841136,False,,
capacity,18,2,3.856720170006156,0.3349811304360628,0.00012083910405635834,3.8568410091102123,0.011543079977855086,False,,
capacity,18,3,3.7998929619789124,0.3401809372007847,0.000141095370054245,3.8000340573489666,0.01536494493484497,False,,
capacity,18,4,3.803611034527421,0.33851806074380875,0.00011990778148174286,3.8037309423089027,0.019190446939319372,False,,
capacity,18,5,4.287712974473834,0.3330879844725132,0.00012991949915885925,4.287842893972993,0.023499739822000265,False,,
capacity,18,6,3.843785962089896,0.3384379670023918,0.00011012889444828033,3.8438960909843445,0.027369454968720675,False,,
capacity,18,7,3.804901847615838,0.34134299494326115,0.00011106021702289581,3.805012907832861,0.031196358846500516,False,,
capacity,18,8,3.7919380702078342,0.3347510937601328,0.00011106021702289581,3.792049130424857,0.035010098945349455,False,,
capacity,18,9,4.259299021214247,0.3344598226249218,0.0001310836523771286,4.259430104866624,0.03929092898033559,False,,
capacity,18,10,3.8440870121121407,0.33984100446105003,0.00012991949915885925,3.8442169316112995,0.04315701685845852,False,,
capacity,18,11,3.818548982962966,0.33541186712682247,0.00013015232980251312,3.8186791352927685,0.04700208595022559,False,,
capacity,18,12,3.8042310625314713,0.33462001010775566,0.0001310836523771286,3.8043621461838484,0.05082799796946347,False,,
capacity,18,13,3.7934209685772657,0.33515202812850475,0.00010989606380462646,3.7935308646410704,0.05464304983615875,False,,
capacity,18,14,3.8548880256712437,0.33553317189216614,0.00010989606380462646,3.8549979217350483,0.0585200188215822,False,,
capacity,18,15,4.0138468611985445,0.3424359019845724,0.00011012889444828033,4.013956990092993,0.06255547585897148,False,,
capacity,18,16,4.007044015452266,0.34349807538092136,0.00013993121683597565,4.007183946669102,0.06658751680515707,False,,
capacity,18,17,4.011992830783129,0.3357129171490669,0.00010011717677116394,4.0120929479599,0.07062721182592213,False,,
capacity,18,18,4.603808978572488,0.33622398041188717,0.00010989606380462646,4.6039188746362925,0.07525320281274617,False,,
capacity,18,19,4.0094880387187,0.3456908743828535,0.00012107193470001221,4.0096091106534,0.07928521395660937,False,,
capacity,18,20,4.004239104688168,0.34146406687796116,0.00010989606380462646,4.004349000751972,0.08331175497733057,False,,
capacity,18,21,3.993788966909051,0.33925985917449,0.00014016404747962952,3.9939291309565306,0.0873321439139545,False,,
capacity,18,22,4.420212935656309,0.340241938829422,0.00013993121683597565,4.420352866873145,0.09177649184130132,False,,
capacity,18,23,3.9843718986958265,0.32511306926608086,0.00013993121683597565,3.9845118299126625,0.0957832857966423,False,,
capacity,18,24,3.9887588936835527,0.32684579491615295,0.00010011717677116394,3.988859010860324,0.09979413589462638,False,,
capacity,18,25,3.9904320146888494,0.32445183023810387,0.00012014061212539673,3.990552155300975,0.1038070609793067,False,,
capacity,18,26,4.575254861265421,0.32515288330614567,0.00011012889444828033,4.575364990159869,0.10840430785901845,False,,
capacity,18,27,4.0006618946790695,0.3313249908387661,0.00012014061212539673,4.000782035291195,0.11242744186893106,False,,
capacity,18,28,3.998788073658943,0.33642398193478584,0.00011106021702289581,3.998899133875966,0.11644867295399308,False,,
capacity,18,29,4.007143899798393,0.3344598226249218,0.0001310836523771286,4.00727498345077,0.12047801888547838,False,,
capacity,18,30,4.390787100419402,0.33980002626776695,0.00013085082173347473,4.390917951241136,0.12489159894175828,False,,
capacity,18,31,4.0003410540521145,0.33029308542609215,9.988434612751007e-05,4.000440938398242,0.1289207038935274,False,,
capacity,18,32,3.9927270263433456,0.33059390261769295,0.00012014061212539673,3.992847166955471,0.1329356429632753,False,,
capacity,18,33,3.992175916209817,0.33095385879278183,0.00012991949915885925,3.992305835708976,0.13694996084086597,False,,
capacity,18,34,4.558683838695288,0.33193593844771385,0.00011012889444828033,4.558793967589736,0.14153069583699107,False,,
capacity,18,35,4.051147028803825,0.3339000977575779,0.00012991949915885925,4.051276948302984,0.14560425491072237,True,0.0,False
capacity,18,36,4.028564086183906,0.3297820221632719,8.987262845039368e-05,4.028653958812356,0.14966922788880765,True,0.0,False
capacity,18,37,4.031651187688112,0.3290311433374882,7.986091077327728e-05,4.0317310485988855,0.15372742898762226,True,0.0,False
capacity,18,38,4.606334026902914,0.33052312210202217,8.009374141693115e-05,4.606414120644331,0.15835984190925956,True,0.0,False
capacity,18,39,4.039765102788806,0.3353320062160492,7.986091077327728e-05,4.039844963699579,0.16242615692317486,True,0.0,False
capacity,18,40,4.032432101666927,0.33632409758865833,6.984919309616089e-05,4.0325019508600235,0.16648509888909757,True,0.0,False
capacity,18,41,4.034525947645307,0.3347410820424557,6.984919309616089e-05,4.034595796838403,0.17055046278983355,True,0.0026566400266154954,False
capacity,18,42,4.618766950443387,0.34159398637712,9.010545909404755e-05,4.618857055902481,0.1751958099193871,True,0.0,False
capacity,18,43,4.04461519792676,0.32938108779489994,9.988434612751007e-05,4.044715082272887,0.17926713498309255,True,0.0,False
capacity,18,44,4.033723846077919,0.3362540155649185,0.00010011717677116394,4.03382396325469,0.18332728883251548,True,0.0,False
capacity,18,45,4.037281032651663,0.33594388514757156,8.009374141693115e-05,4.03736112639308,0.18739085900597274,True,0.0,False
capacity,18,46,4.667989909648895,0.3368249163031578,9.010545909404755e-05,4.668080015107989,0.19209010782651603,True,0.0,False
capacity,18,47,4.054573830217123,0.3310739994049072,8.009374141693115e-05,4.05465392395854,0.1961755098309368,True,0.0,False
capacity,18,48,4.046698100864887,0.3304129932075739,0.00011106021702289581,4.04680916108191,0.20024912897497416,True,0.0,False
capacity,18,49,4.050325835123658,0.3296718932688236,0.00010011717677116394,4.050425952300429,0.20432563382200897,True,0.0,False
capacity,18,50,4.600793123245239,0.340151134878397,8.987262845039368e-05,4.60088299587369,0.20895308698527515,True,0.01601101926932628,False
capacity,18,51,4.032171098515391,0.328318914398551,8.009374141693115e-05,4.032251192256808,0.2130158559884876,True,0.0037978569968838195,False
capacity,18,52,4.052548902109265,0.3283389378339052,9.010545909404755e-05,4.052639007568359,0.2170952558517456,True,0.0,False
capacity,18,53,4.029897041618824,0.32815802842378616,8.102506399154663e-05,4.0299780666828156,0.22115170396864414,True,0.0,False
capacity,18,54,4.089268855750561,0.3298218362033367,9.010545909404755e-05,4.089358961209655,0.22526763286441565,True,0.0,False
capacity,18,55,4.0398461278527975,0.33242697827517986,8.009374141693115e-05,4.039926221594214,0.2293347700033337,True,0.0,False
capacity,18,56,4.045627079904079,0.3308430314064026,0.00010011717677116394,4.045727197080851,0.23341118497774005,True,0.0,False
capacity,18,57,4.032121039927006,0.3315950743854046,7.986091077327728e-05,4.032200900837779,0.23747002589516342,True,0.0,False
capacity,18,58,4.5639940071851015,0.3336290828883648,0.00010989606380462646,4.564103903248906,0.24206060986034572,True,0.0,False
capacity,18,59,4.052008967846632,0.325813889503479,9.010545909404755e-05,4.052099073305726,0.2461406618822366,True,0.0,False
capacity,18,60,4.040516912937164,0.32328907400369644,8.009374141693115e-05,4.040597006678581,0.25020829983986914,True,0.0,False
capacity,18,61,4.040667088702321,0.32227812334895134,8.987262845039368e-05,4.0407569613307714,0.2542826998978853,True,0.0,False
capacity,18,62,4.178286995738745,0.33311895094811916,9.010545909404755e-05,4.178377101197839,0.25848805787973106,True,0.0,False
capacity,18,63,4.041327862069011,0.33027189783751965,9.010545909404755e-05,4.041417967528105,0.26255614683032036,True,0.0,False
capacity,18,64,4.04789112508297,0.3318560775369406,8.987262845039368e-05,4.04798099771142,0.2666300470009446,True,0.0,False
capacity,18,65,4.033403936773539,0.3278879448771477,0.00010011717677116394,4.03350405395031,0.27068999083712697,True,0.0,False
capacity,18,66,4.379325080662966,0.3281179815530777,0.00010989606380462646,4.37943497672677,0.27510061487555504,True,0.0,False
capacity,18,67,4.0301671251654625,0.32714707776904106,8.987262845039368e-05,4.030256997793913,0.2791571319103241,True,0.0,False
capacity,18,68,4.023655084893107,0.3274970222264528,8.102506399154663e-05,4.023736109957099,0.28321320889517665,True,0.0021061181504756143,False
capacity,18,69,4.0471290703862906,0.32790820114314556,9.080395102500916e-05,4.047219874337316,0.28728668787516654,True,0.007241594516683065,False
capacity,18,70,4.608888877555728,0.3459129948168993,9.010545909404755e-05,4.608978983014822,0.2919217958115041,True,0.09509521461834963,False
capacity,18,71,4.0321010164916515,0.32629515044391155,8.987262845039368e-05,4.032190889120102,0.2959857068490237,True,0.08427820370068248,False
capacity,18,72,4.035528050735593,0.3261950332671404,9.988434612751007e-05,4.03562793508172,0.30004803487099707,True,0.07881668520368722,False
capacity,18,73,4.047600086778402,0.32890005968511105,0.00010104849934577942,4.047701135277748,0.30412250594235957,True,0.10878981826156951,False
capacity,18,74,4.282963927835226,0.32793893478810787,0.00010011717677116394,4.283064045011997,0.3084363879170269,True,0.09683159037363404,False
capacity,18,75,4.0469691157341,0.3300120588392019,7.986091077327728e-05,4.047048976644874,0.31251442595385015,True,0.27630764780416617,False
capacity,18,76,4.025408998131752,0.3283391706645489,8.987262845039368e-05,4.025498870760202,0.31656609382480383,True,0.1998777680949243,False
capacity,18,77,4.028873983770609,0.3311140462756157,0.00010104849934577942,4.028975032269955,0.32062124786898494,True,0.07192121942678625,False
capacity,18,78,4.6355880331248045,0.3318050876259804,8.102506399154663e-05,4.635669058188796,0.3252839879132807,True,0.06236817697879699,False
capacity,18,79,4.026731010526419,0.3322460688650608,7.101334631443024e-05,4.026802023872733,0.32933737989515066,True,0.10186174993034937,False
capacity,18,80,4.030949203297496,0.333910109475255,9.988434612751007e-05,4.031049087643623,0.3333950689993799,True,0.06715994914665765,False
capacity,18,81,4.064592998474836,0.3375571686774492,9.988434612751007e-05,4.064692882820964,0.3374905898235738,True,0.05485206547252524,False
capacity,18,82,4.632452968508005,0.33345911651849747,8.987262845039368e-05,4.6325428411364555,0.34214943181723356,True,0.04487571633869329,False
capacity,18,83,4.050095099955797,0.32629515044391155,9.988434612751007e-05,4.050194984301925,0.3462254758924246,True,0.03623698657418498,False
capacity,18,84,4.044845001772046,0.3255130723118782,0.00011106021702289581,4.044956061989069,0.35029698186554015,True,0.2743822014996583,False
capacity,18,85,4.3719010427594185,0.332175986841321,9.988434612751007e-05,4.372000927105546,0.3546992698684335,True,0.1797947118059405,False
capacity,18,86,4.082577070221305,0.3320861142128706,8.987262845039368e-05,4.082666942849755,0.3588082268834114,True,0.14728902503551497,False
capacity,18,87,4.020128166303039,0.33024209551513195,8.987262845039368e-05,4.020218038931489,0.362858721986413,True,0.1480122955910557,False
capacity,18,88,4.017443163320422,0.3275470808148384,7.986091077327728e-05,4.0175230242311954,0.36690245498903096,True,0.08969162242741949,False
capacity,18,89,4.024907015264034,0.323970103636384,9.103678166866302e-05,4.024998052045703,0.370953471865505,True,0.21457579014287495,False
capacity,18,90,4.191540880128741,0.3256439231336117,9.103678166866302e-05,4.19163191691041,0.3751717337872833,True,0.22472127058200894,False
capacity,18,91,4.038043087348342,0.32335007563233376,7.008202373981476e-05,4.038113169372082,0.37924053496681154,True,0.27907103845778114,False
capacity,18,92,4.029315896332264,0.3247030545026064,7.008202373981476e-05,4.029385978356004,0.383296359796077,True,0.21070547318823432,False
capacity,18,93,4.020198015496135,0.3311438485980034,0.00010011717677116394,4.020298132672906,0.3873427379876375,True,0.3117431237814077,False
capacity,18,94,4.629757953807712,0.3318958915770054,9.010545909404755e-05,4.629848059266806,0.39199840486980975,True,0.27784342078272833,False
capacity,18,95,4.039594903588295,0.3284390550106764,0.00010011717677116394,4.039695020765066,0.39606874785386026,True,0.23071374529773964,False
capacity,18,96,4.043382126837969,0.32982206903398037,7.986091077327728e-05,4.043461987748742,0.4001385399606079,True,0.13820532733364607,False
capacity,18,97,4.04950394295156,0.32959203235805035,0.00010011717677116394,4.049604060128331,0.4042144138365984,True,0.15783686970952676,False
capacity,18,98,4.1645909659564495,0.3292809706181288,7.986091077327728e-05,4.164670826867223,0.40840564481914043,True,0.10801186673388441,False
capacity,18,99,4.048442002385855,0.33773714676499367,0.00010989606380462646,4.048551898449659,0.41248495480977,True,0.1414197562581892,False
capacity,18,100,4.05116705223918,0.3383280709385872,0.00011012889444828033,4.051277181133628,0.41656289296224713,True,0.13629444927581585,False
capacity,18,101,4.0297668892890215,0.3371960483491421,8.009374141693115e-05,4.029846983030438,0.4206230267882347,True,0.06254963980690531,False
capacity,18,102,4.606433911249042,0.33551198430359364,8.009374141693115e-05,4.6065140049904585,0.42525598080828786,True,0.020722551175097994,False
capacity,18,103,4.0364800952374935,0.33958000130951405,0.00010989606380462646,4.036589991301298,0.42931889998726547,True,0.017123889401860635,False
capacity,18,104,4.038672894239426,0.33968989737331867,0.00011012889444828033,4.038783023133874,0.43338367179967463,True,0.008025716215941744,False
capacity,18,105,4.041329026222229,0.33852807246148586,8.987262845039368e-05,4.041418898850679,0.4374555489048362,True,0.06634470908883763,False
capacity,18,106,4.642582032829523,0.33868802711367607,9.080395102500916e-05,4.642672836780548,0.44212466082535684,True,0.08389835026136283,False
capacity,18,107,4.051839001476765,0.3340700641274452,0.00011012889444828033,4.051949130371213,0.4462029589340091,True,0.12984115523103731,False
capacity,18,108,4.041980020701885,0.3333392087370157,7.986091077327728e-05,4.0420598816126585,0.45027117780409753,True,0.19826531424307647,False
capacity,18,109,4.041830077767372,0.3379171248525381,9.988434612751007e-05,4.0419299621135,0.4543392069172114,True,0.09760988952136532,False
capacity,18,110,4.113024100661278,0.34855701960623264,8.009374141693115e-05,4.113104194402695,0.4584828279912472,True,0.014673327369231291,False
capacity,18,111,4.038071958348155,0.33711502328515053,9.103678166866302e-05,4.038162995129824,0.4625519288238138,True,0.007770030960509554,False
capacity,18,112,4.0389851201325655,0.3389590419828892,8.987262845039368e-05,4.039074992761016,0.46661728294566274,True,0.012356984273896237,False
capacity,18,113,4.0325019508600235,0.33423001877963543,8.009374141693115e-05,4.03258204460144,0.4706765548326075,True,0.006104841237302375,False
capacity,18,114,4.5912249479442835,0.3327068407088518,9.010545909404755e-05,4.5913150534033775,0.47529811691492796,True,0.02148672003604282,False
capacity,18,115,4.037971841171384,0.3373958170413971,9.103678166866302e-05,4.0380628779530525,0.47936216881498694,True,0.024910370946847792,False
capacity,18,116,4.0512781124562025,0.33928011544048786,9.988434612751007e-05,4.05137799680233,0.48343984596431255,True,0.016995503054615273,False
capacity,18,117,4.0336640086025,0.3380868583917618,9.010545909404755e-05,4.033754114061594,0.48749970900826156,True,0.019253386695270002,False
capacity,18,118,4.581896821036935,0.3394398372620344,9.010545909404755e-05,4.581986926496029,0.4921153897885233,True,0.011461270302447056,False
capacity,18,119,4.048061091452837,0.3304129932075739,0.00010011717677116394,4.048161208629608,0.49618977098725736,True,0.024339762461713627,False
capacity,18,120,4.033803939819336,0.3288199659436941,0.00011106021702289581,4.033915000036359,0.5002502559218556,True,0.03999986227260273,False
capacity,18,121,4.034224897623062,0.33555179834365845,0.00011012889444828033,4.03433502651751,0.5043152188882232,True,0.2834540714667593,False
capacity,18,122,4.094709176570177,0.33599301241338253,8.987262845039368e-05,4.0947990491986275,0.5084364879876375,True,0.4295759505311873,False
capacity,18,123,4.036197904497385,0.32996200025081635,9.010545909404755e-05,4.036288009956479,0.5125031538773328,True,0.4059430195622867,False
capacity,18,124,4.036820027977228,0.33044302836060524,0.00010011717677116394,4.036920145153999,0.5165707219857723,True,0.2787974154684499,False
capacity,18,125,4.039826104417443,0.33142510801553726,9.988434612751007e-05,4.039925988763571,0.5206373389810324,True,0.2778880919668186,False
capacity,18,126,4.632401978597045,0.32566417939960957,9.103678166866302e-05,4.632493015378714,0.5252962308004498,True,0.26895072059616393,False
capacity,18,127,4.04114811681211,0.3316150978207588,0.00011082738637924194,4.041258944198489,0.5293640499003232,True,0.17640841004572164,False
capacity,18,128,4.0309790056198835,0.33312803134322166,8.009374141693115e-05,4.0310590993613005,0.5334212579764426,True,0.21793591396909345,False
capacity,18,129,4.031409975141287,0.332297058776021,8.987262845039368e-05,4.031499847769737,0.5374787168111652,True,0.30131886778443806,False
capacity,18,130,4.637191072106361,0.33017201349139214,0.00012107193470001221,4.637312144041061,0.5421426489483565,True,0.3139166973056495,False
capacity,18,131,4.024466034024954,0.3213959280401468,0.00010104849934577942,4.0245670825243,0.5461980439722538,True,0.40386449860756085,False
capacity,18,132,4.032040946185589,0.32547302544116974,8.009374141693115e-05,4.032121039927006,0.5502569258678705,True,0.35558191686106877,False
capacity,18,133,4.050124902278185,0.3352619241923094,0.00010989606380462646,4.0502347983419895,0.5543337007984519,True,0.30892590945949727,False
capacity,18,134,4.154762020334601,0.34279609099030495,8.987262845039368e-05,4.154851892963052,0.5585216258186847,True,0.2599743646816279,False
capacity,18,135,4.026651149615645,0.3396200481802225,9.988434612751007e-05,4.026751033961773,0.5625742459669709,True,0.22896406201372213,False
capacity,18,136,4.059232072904706,0.33885915763676167,7.986091077327728e-05,4.059311933815479,0.5666633339133114,True,0.1599305029251666,False
capacity,18,137,4.023934947326779,0.3288690932095051,0.00010104849934577942,4.024035995826125,0.5707132888492197,True,0.18022534882754015,False
capacity,18,138,4.595794016495347,0.3323061391711235,9.988434612751007e-05,4.5958939008414745,0.5753354928456247,True,0.30226474109692264,False
capacity,18,139,4.035789053887129,0.33593387342989445,0.00011012889444828033,4.035899182781577,0.5793988530058414,True,0.4092045762662964,False
capacity,18,140,4.037531092762947,0.3349210601300001,8.987262845039368e-05,4.0376209653913975,0.5834630839526653,True,0.3273160115197952,False
capacity,18,141,4.028974799439311,0.33637392334640026,0.00011106021702289581,4.029085859656334,0.5875234887935221,True,0.2371859025772576,False
capacity,18,142,4.081984981894493,0.3383180592209101,9.988434612751007e-05,4.082084866240621,0.5916321438271552,True,0.13766204206295024,False
capacity,18,143,4.030558047816157,0.3331480547785759,9.010545909404755e-05,4.030648153275251,0.5956890219822526,True,0.7156708928594575,False
capacity,18,144,4.038643091917038,0.3370349295437336,8.009374141693115e-05,4.038723185658455,0.599758252967149,True,0.1649649772000063,False
capacity,18,145,4.035888006910682,0.3323161508888006,8.102506399154663e-05,4.035969031974673,0.6038204408250749,True,0.2193488675307008,False
capacity,18,146,4.594682017341256,0.3379271365702152,8.987262845039368e-05,4.5947718899697065,0.6084453698713332,True,0.1708583681657439,False
capacity,18,147,4.0504359640181065,0.3411129582673311,9.010545909404755e-05,4.0505260694772005,0.6125220649410039,True,0.19572482014095924,False
capacity,18,148,4.034165060147643,0.34191389568150043,9.010545909404755e-05,4.034255165606737,0.6165826299693435,True,0.14989462577510954,False
capacity,18,149,4.047069000080228,0.3363939467817545,0.00010989606380462646,4.0471788961440325,0.6206615788396448,True,0.15000387782454383,False
capacity,18,150,4.6201900113373995,0.3354430664330721,8.987262845039368e-05,4.62027988396585,0.6253079078160226,True,0.11855410665711028,False
capacity,18,151,4.043802851811051,0.34031085669994354,9.010545909404755e-05,4.043892957270145,0.6293823388405144,True,0.10534265512207598,False
capacity,18,152,4.047350026667118,0.34417910501360893,9.988434612751007e-05,4.047449911013246,0.6334561489056796,True,0.12645414354990803,False
capacity,18,153,4.02299384586513,0.3385178279131651,9.010545909404755e-05,4.0230839513242245,0.6375096198171377,True,0.1053323041463427,False
capacity,18,154,4.4808469247072935,0.34449901431798935,8.987262845039368e-05,4.480936797335744,0.6420169267803431,True,0.0949600340314603,False
capacity,18,155,4.051839001476765,0.33781700767576694,0.00010011717677116394,4.051939118653536,0.6460954959038645,True,0.10218739796996182,False
capacity,18,156,4.030347103253007,0.33520092256367207,0.00011106021702289581,4.03045816347003,0.6501527039799839,True,0.06423942802490677,False
capacity,18,157,4.035016987472773,0.33509195782244205,9.988434612751007e-05,4.0351168718189,0.6542136098723859,True,0.07545964907294495,False
capacity,18,158,4.649244016036391,0.33494108356535435,0.00010104849934577942,4.649345064535737,0.658893110929057,True,0.0750451531808782,False
capacity,18,159,4.031730117276311,0.3349010366946459,9.080395102500916e-05,4.031820921227336,0.662951601902023,True,0.10310617197295845,False
capacity,18,160,4.030677955597639,0.33455993980169296,8.009374141693115e-05,4.030758049339056,0.6670085599180311,True,0.0794559673977432,False
capacity,18,161,4.052249016240239,0.3330581821501255,8.987262845039368e-05,4.0523388888686895,0.6710917968302965,True,0.09580453217384902,False
capacity,18,162,4.36602090485394,0.3345808945596218,9.010545909404755e-05,4.366111010313034,0.6754836668260396,True,0.06269267003375713,False
capacity,18,163,4.041769076138735,0.33792690373957157,9.010545909404755e-05,4.041859181597829,0.6795561739709228,True,0.04559957821096906,False
capacity,18,164,4.039383959025145,0.33949012868106365,0.00010989606380462646,4.039493855088949,0.6836223588325083,True,0.01032005333217871,False
capacity,18,165,4.385656910017133,0.3345608711242676,9.010545909404755e-05,4.385747015476227,0.6880347868427634,True,0.010579595501430786,False
capacity,18,166,4.10675210878253,0.33562304452061653,7.986091077327728e-05,4.106831969693303,0.6921748919412494,True,0.012725238772124938,False
capacity,18,167,4.0392938535660505,0.33295690082013607,9.103678166866302e-05,4.039384890347719,0.6962413678411394,True,0.012099986954737553,False
capacity,18,168,4.042360000312328,0.33337902277708054,8.987262845039368e-05,4.042449872940779,0.7003107687924057,True,0.030045847313055263,False
capacity,18,169,4.045736975967884,0.336984870955348,9.010545909404755e-05,4.045827081426978,0.7043875448871404,True,0.02151127033592474,False
capacity,18,170,4.3133210856467485,0.3401010762900114,8.102506399154663e-05,4.31340211071074,0.7087335779797286,True,0.042515011452690425,False
capacity,18,171,4.03553806245327,0.33194595016539097,0.00010011717677116394,4.035638179630041,0.7127994829788804,True,0.017793028235320106,False
capacity,18,172,4.031660035252571,0.33166492357850075,7.008202373981476e-05,4.031730117276311,0.716857231920585,True,0.1843987064888562,False
capacity,18,173,4.020359134301543,0.3300521057099104,8.987262845039368e-05,4.020449006929994,0.7209083489142358,True,0.2124076812359556,False
capacity,18,174,4.6327440068125725,0.33103395253419876,0.00010011717677116394,4.632844123989344,0.7255672519095242,True,0.20584602699883411,False
capacity,18,175,4.037841921672225,0.3356228116899729,9.010545909404755e-05,4.037932027131319,0.7296313329134136,True,0.11499404919490881,False
capacity,18,176,4.031069111078978,0.3273370675742626,8.987262845039368e-05,4.031158983707428,0.7336887218989432,True,0.130369736982632,False
capacity,18,177,4.037983017042279,0.32476289197802544,8.009374141693115e-05,4.038063110783696,0.7377528639044613,True,0.1167783370534478,False
capacity,18,178,4.222060088068247,0.32649608328938484,0.00010011717677116394,4.222160205245018,0.7420012829825282,True,0.1609913434639315,False
capacity,18,179,4.033172968775034,0.328318914398551,0.00010011717677116394,4.033273085951805,0.7460607648827136,True,0.14289571522009487,False
capacity,18,180,4.027863033115864,0.3261549863964319,8.987262845039368e-05,4.027952905744314,0.7501147268339992,True,0.15956416433716056,False
capacity,18,181,4.022212000563741,0.3272769972681999,0.00010011717677116394,4.022312117740512,0.754170001950115,True,0.08782460611089701,False
capacity,18,182,4.639565944671631,0.3275780472904444,0.00010989606380462646,4.6396758407354355,0.7588359077926725,True,0.1507507697388529,False
capacity,18,183,4.038492916151881,0.3300118260085583,7.008202373981476e-05,4.038562998175621,0.7629055099096149,True,0.16123068423539855,False
capacity,18,184,4.03019692748785,0.32984092831611633,0.00010104849934577942,4.030297975987196,0.7669619868975133,True,0.21100317687083697,False
capacity,18,185,4.03343397192657,0.3286998253315687,0.00010011717677116394,4.033534089103341,0.7710214399266988,True,0.45373812877663416,False
capacity,18,186,4.186621867120266,0.33291708678007126,0.00011012889444828033,4.186731996014714,0.775234020780772,True,0.4197605638429871,False
capacity,18,187,4.046278074383736,0.3313249908387661,9.988434612751007e-05,4.046377958729863,0.7793063579592854,True,0.37691203500691106,False
capacity,18,188,4.046397982165217,0.34098303876817226,7.008202373981476e-05,4.046468064188957,0.7833786748815328,True,0.37486071387731185,False
capacity,18,189,4.033063072711229,0.34084287472069263,0.00011012889444828033,4.033173201605678,0.7874379470013082,True,0.37545168820234504,False
capacity,18,190,4.60408884100616,0.3485269844532013,9.010545909404755e-05,4.604178946465254,0.7920687068253756,True,0.26097966423981345,False
capacity,18,191,4.033243050798774,0.33230590634047985,9.988434612751007e-05,4.033342935144901,0.796133128926158,True,0.6619942755931725,False
capacity,18,192,4.044214030727744,0.3355429507791996,8.987262845039368e-05,4.0443039033561945,0.8002077199053019,True,0.7806246448257443,False
capacity,18,193,4.0343760047107935,0.33402000553905964,0.00010989606380462646,4.034485900774598,0.8042724127881229,True,0.6762399291481943,True
capacity,18,194,4.1057399939745665,0.34869788214564323,9.010545909404755e-05,4.1058300994336605,0.8084049129392952,True,0.7201623059551678,True
capacity,18,195,4.029897041618824,0.3370449412614107,0.00011012889444828033,4.030007170513272,0.8124612299725413,True,0.625821797544122,False
capacity,18,196,4.033624194562435,0.33788708969950676,9.988434612751007e-05,4.033724078908563,0.8165208629798144,True,0.7157905465086398,False
capacity,18,197,4.036149010062218,0.34218491055071354,7.986091077327728e-05,4.036228870972991,0.8205835418775678,True,0.6882550874328774,False
capacity,18,198,4.5984480530023575,0.34225499257445335,8.102506399154663e-05,4.598529078066349,0.8252149319741875,True,0.607689652613846,False
capacity,18,199,4.041329026222229,0.33767707645893097,8.987262845039368e-05,4.041418898850679,0.8292827308177948,True,0.49006084799734456,False
capacity,18,200,4.0399059653282166,0.3455809783190489,8.987262845039368e-05,4.039995837956667,0.8333491168450564,True,0.38512501624758777,False
capacity,18,201,4.711412126198411,0.35252515226602554,7.986091077327728e-05,4.711491987109184,0.8380937809124589,True,0.38718999213375804,False
capacity,18,202,4.31391317397356,0.34339819103479385,9.988434612751007e-05,4.314013058319688,0.8424395939800888,True,0.3832596460223414,False
capacity,18,203,4.043731838464737,0.3498189616948366,9.103678166866302e-05,4.043822875246406,0.8465097658336163,True,0.371593544644671,False
capacity,18,204,4.047379828989506,0.34562195651233196,9.010545909404755e-05,4.0474699344486,0.8505841768346727,True,0.3813193707730049,False
capacity,18,205,4.3635249603539705,0.341612845659256,0.00010104849934577942,4.363626008853316,0.8549843819346279,True,0.3859681286176239,False
capacity,18,206,4.1016628965735435,0.34150388091802597,9.010545909404755e-05,4.101753002032638,0.8591125349048525,True,0.34853297634087504,False
capacity,18,207,4.042991902679205,0.339980935677886,0.00011012889444828033,4.043102031573653,0.8631819058209658,True,0.43106596661969254,False
capacity,18,208,4.050235962495208,0.339980935677886,0.00010011717677116394,4.050336079671979,0.867258250946179,True,0.40506940413962744,False
capacity,18,209,4.0441041346639395,0.34583196975290775,9.988434612751007e-05,4.044204019010067,0.8713286139536649,True,0.47731322999977005,False
capacity,18,210,4.228981910273433,0.3438577987253666,6.0070306062698364e-05,4.229041980579495,0.8755838049110025,True,0.4063622925901621,False
capacity,18,211,4.039534833282232,0.33939979039132595,0.00010011717677116394,4.0396349504590034,0.8796597188338637,True,0.36105318821211174,False
capacity,18,212,4.032792057842016,0.33579301089048386,7.008202373981476e-05,4.032862139865756,0.8837226280011237,True,0.3572435913045726,False
capacity,18,213,4.376820987090468,0.3359029069542885,8.009374141693115e-05,4.376901080831885,0.8881257788743824,True,0.2990174108443241,False
capacity,18,214,4.094287985935807,0.3371848724782467,0.00010104849934577942,4.094389034435153,0.8922501539345831,True,0.2890170944855045,False
capacity,18,215,4.045495996251702,0.34213485196232796,8.102506399154663e-05,4.045577021315694,0.8963220799341798,True,0.2753235107076016,False
capacity,18,216,4.049354000017047,0.34491997212171555,0.00010011717677116394,4.049454117193818,0.9004021019209176,True,0.2672650477738992,False
capacity,18,217,4.042740911245346,0.34235487692058086,8.009374141693115e-05,4.042821004986763,0.9044710018206388,True,0.2830113668050558,False
capacity,18,218,4.353927914053202,0.34315697848796844,9.010545909404755e-05,4.354018019512296,0.9088514398317784,True,0.23347345160129765,False
capacity,18,219,4.034045152366161,0.3363541327416897,8.987262845039368e-05,4.034135024994612,0.9129118539858609,True,0.21253737286476154,False
capacity,18,220,4.053891869261861,0.33690501004457474,6.0070306062698364e-05,4.0539519395679235,0.9169916547834873,True,0.19270063336080973,False
capacity,18,221,4.372050985693932,0.33706496469676495,9.103678166866302e-05,4.3721420224756,0.9213952058926225,True,0.12312828307099165,False
capacity,18,222,4.082696046680212,0.34022098407149315,8.009374141693115e-05,4.082776140421629,0.9255093019455671,True,0.08251763543565128,False
capacity,18,223,4.043563036248088,0.341854989528656,9.010545909404755e-05,4.043653141707182,0.9295797660015523,True,0.09484303463762729,False
capacity,18,224,4.0460170712322,0.33654412254691124,0.00011082738637924194,4.046127898618579,0.9336569518782198,True,0.11949092495265574,False
capacity,18,225,4.0306278970092535,0.3359029069542885,7.008202373981476e-05,4.030697979032993,0.9377142598386854,True,0.12620669714971394,False
capacity,18,226,4.09767497330904,0.3398300614207983,0.00010989606380462646,4.097784869372845,0.9418386158067733,True,0.12048786375285035,False
capacity,18,227,4.024826921522617,0.33760606311261654,9.103678166866302e-05,4.024917958304286,0.9458899428136647,True,0.1445922211067088,False
capacity,18,228,4.059152910485864,0.33748685382306576,9.010545909404755e-05,4.059243015944958,0.949979682918638,True,0.1299378771045409,False
capacity,18,229,4.040868021547794,0.33754692412912846,0.00010989606380462646,4.040977917611599,0.9540473208762705,True,0.12524403920844654,False
capacity,18,230,4.634747048839927,0.3399911802262068,9.988434612751007e-05,4.634846933186054,0.9587088278494775,True,0.10744290426142415,False
capacity,18,231,4.04695887118578,0.33760699443519115,0.00010011717677116394,4.047058988362551,0.9627885688096285,True,0.11918473400257357,False
capacity,18,232,4.021981963887811,0.336785102263093,0.00010104849934577942,4.0220830123871565,0.9668368508573622,True,0.12709792870046965,False
capacity,18,233,4.033584147691727,0.3361341077834368,9.988434612751007e-05,4.033684032037854,0.9708970549982041,True,0.11358930482718363,False
capacity,18,234,4.205198027193546,0.33950014039874077,8.987262845039368e-05,4.205287899821997,0.9751284818630666,True,0.10729401736390816,False
capacity,18,235,4.040858009830117,0.33639511093497276,8.987262845039368e-05,4.040947882458568,0.9791956888511777,True,0.07506688202748776,False
capacity,18,236,4.036277998238802,0.337155070155859,8.102506399154663e-05,4.0363590233027935,0.9832587079145014,True,0.10094933261922914,False
capacity,18,237,4.0318709798157215,0.3414738457649946,8.009374141693115e-05,4.031951073557138,0.987316878978163,True,0.11430516018189862,False
capacity,18,238,4.54789400100708,0.342977000400424,8.987262845039368e-05,4.5479838736355305,0.9918910118285567,True,0.09188001678163905,False
capacity,18,239,4.047940950840712,0.3373059444129467,0.00010011717677116394,4.048041068017483,0.995965652866289,True,0.1128362087983445,False
capacity,18,240,4.059663042426109,0.3377969842404127,8.009374141693115e-05,4.059743136167526,1.000057155964896,True,0.10919532095573807,False
capacity,18,241,4.048230824992061,0.33476087264716625,9.103678166866302e-05,4.048321861773729,1.0041385798249394,True,0.12485447155158921,False
capacity,18,242,4.209906095638871,0.3456410486251116,9.988434612751007e-05,4.210005979984999,1.0083758579567075,True,0.11576125939026424,False
capacity,19,0,3.7917380686849356,0.33410009928047657,7.986091077327728e-05,3.791817929595709,0.0038115750066936016,False,,
capacity,19,1,3.809842048212886,0.33908896148204803,0.00013993121683597565,3.809981979429722,0.007643318036571145,False,,
capacity,19,2,3.795043798163533,0.33398880623281,0.00012014061212539673,3.7951639387756586,0.01146040391176939,False,,
capacity,19,3,4.253769060596824,0.33220602199435234,0.00010989606380462646,4.253878956660628,0.015735944034531713,False,,
capacity,19,4,3.851991845294833,0.3309238236397505,0.00012014061212539673,3.8521119859069586,0.01960991695523262,False,,
capacity,19,5,3.790535032749176,0.3315350040793419,0.00010104849934577942,3.790636081248522,0.0234224540181458,False,,
capacity,19,6,3.7875911220908165,0.3331091720610857,0.00011990778148174286,3.7877110298722982,0.027231906075030565,False,,
capacity,19,7,4.244982032105327,0.3314439672976732,0.00014086253941059113,4.245122894644737,0.031499180011451244,False,,
capacity,19,8,3.8472421001642942,0.3329669125378132,0.0001310836523771286,3.8473731838166714,0.03537311311811209,False,,
capacity,19,9,3.7931709084659815,0.3323869314044714,0.00013015232980251312,3.793301060795784,0.039188636001199484,False,,
capacity,19,10,3.7772010546177626,0.33189496025443077,0.00011990778148174286,3.7773209623992443,0.04298756807111204,False,,
capacity,19,11,3.7776909302920103,0.33700489439070225,0.0001310836523771286,3.7778220139443874,0.04678698000498116,False,,
capacity,19,12,3.8546568248420954,0.3392798826098442,0.00013015232980251312,3.854786977171898,0.05066362791694701,False,,
capacity,19,13,3.784425090998411,0.33189612440764904,0.00013993121683597565,3.784565022215247,0.054469994036480784,False,,
capacity,19,14,3.8021779619157314,0.3320160321891308,0.00010989606380462646,3.802287857979536,0.05829381197690964,False,,
capacity,19,15,3.9992989040911198,0.33225584775209427,0.00012107193470001221,3.99941997602582,0.062315162969753146,False,,
capacity,19,16,4.577388986945152,0.3336588852107525,0.00012107193470001221,4.577510058879852,0.06691482407040894,False,,
capacity,19,17,3.988587995991111,0.33830711618065834,0.00010104849934577942,3.9886890444904566,0.0709259849973023,False,,
capacity,19,18,4.004779038950801,0.33788708969950676,0.00011990778148174286,4.004898946732283,0.07495744503103197,False,,
capacity,19,19,4.012865014374256,0.33794716000556946,0.00011990778148174286,4.012984922155738,0.07899664994329214,False,,
capacity,19,20,4.152817884460092,0.3459018189460039,0.00011106021702289581,4.1529289446771145,0.08317204099148512,False,,
capacity,19,21,3.9886690210551023,0.33236690796911716,0.00012014061212539673,3.9887891616672277,0.08718293206766248,False,,
capacity,19,22,3.9881879929453135,0.3335890360176563,0.00012991949915885925,3.9883179124444723,0.09119316190481186,False,,
capacity,19,23,4.010910866782069,0.33314782194793224,0.00011012889444828033,4.0110209956765175,0.09522620495408773,False,,
capacity,19,24,4.58989292383194,0.33049285411834717,0.00011012889444828033,4.590003052726388,0.09983792901039124,False,,
capacity,19,25,3.9922359865158796,0.33416994847357273,0.00011012889444828033,3.992346115410328,0.10385275701992214,False,,
capacity,19,26,3.986635012552142,0.33007189631462097,0.00010104849934577942,3.986736061051488,0.10786171513609588,False,,
capacity,19,27,3.987736999988556,0.32885000109672546,0.00010011717677116394,3.987837117165327,0.11187177407555282,False,,
capacity,19,28,4.5867369044572115,0.329039990901947,0.00010011717677116394,4.586837021633983,0.11648498103022575,False,,
capacity,19,29,4.006021888926625,0.3266250714659691,0.00012107193470001221,4.006142960861325,0.12051362590864301,False,,
capacity,19,30,4.003216978162527,0.32569398172199726,0.00011012889444828033,4.003327107056975,0.1245389140676707,False,,
capacity,19,31,3.9816161151975393,0.32598408870399,0.00011990778148174286,3.981736022979021,0.1285428220871836,False,,
capacity,19,32,4.571788944303989,0.3328779712319374,0.00013015232980251312,4.571919096633792,0.13313675206154585,False,,
capacity,19,33,3.992116078734398,0.3304930869489908,9.988434612751007e-05,3.9922159630805254,0.13715720106847584,False,,
capacity,19,34,3.98600404150784,0.3297820221632719,0.00012991949915885925,3.986133961006999,0.1411655070260167,False,,
capacity,19,35,4.031250020489097,0.32912101596593857,0.00012014061212539673,4.031370161101222,0.14521899912506342,True,0.0,False
capacity,19,36,4.601976135745645,0.3310639876872301,8.987262845039368e-05,4.602066008374095,0.14984873705543578,True,0.0,False
capacity,19,37,4.0453660767525434,0.34125312231481075,0.00010989606380462646,4.045475972816348,0.1539213340729475,True,0.0038960581964114756,False
capacity,19,38,4.038101993501186,0.33894903026521206,8.987262845039368e-05,4.038191866129637,0.15799069497734308,True,0.0,False
capacity,19,39,4.029737086966634,0.3383578732609749,8.009374141693115e-05,4.029817180708051,0.16204757313244045,True,0.0,False
capacity,19,40,4.6011339873075485,0.33992109820246696,9.988434612751007e-05,4.601233871653676,0.1666805469430983,True,0.0,False
capacity,19,41,4.047350026667118,0.3322369884699583,8.009374141693115e-05,4.047430120408535,0.17075509810820222,True,0.0,False
capacity,19,42,4.041317850351334,0.3413229715079069,9.010545909404755e-05,4.041407955810428,0.1748232669197023,True,0.0,False
capacity,19,43,4.034426063299179,0.33794716000556946,9.988434612751007e-05,4.034525947645307,0.1788937309756875,True,0.0,False
capacity,19,44,4.55881399102509,0.3402808215469122,9.010545909404755e-05,4.558904096484184,0.1834797461051494,True,0.007221507907688786,False
capacity,19,45,4.041618900373578,0.3330979961901903,9.010545909404755e-05,4.041709005832672,0.1875486159697175,True,0.0,False
capacity,19,46,4.057177808135748,0.33444096334278584,0.00011012889444828033,4.057287937030196,0.1916326149366796,True,0.0,False
capacity,19,47,4.04253089800477,0.332496827468276,9.010545909404755e-05,4.042621003463864,0.19570241798646748,True,0.0,False
capacity,19,48,4.180460004135966,0.3345098812133074,0.00010104849934577942,4.180561052635312,0.19991363608278334,True,0.0,False
capacity,19,49,4.028744995594025,0.3371359780430794,0.00010989606380462646,4.028854891657829,0.20396875101141632,True,0.0,False
capacity,19,50,4.0289550088346004,0.3367250319570303,9.010545909404755e-05,4.0290451142936945,0.20802433602511883,True,0.0,False
capacity,19,51,4.032241879031062,0.337876845151186,8.009374141693115e-05,4.032321972772479,0.21208354900591075,True,0.0,False
capacity,19,52,4.647049820050597,0.3341399133205414,0.00010011717677116394,4.647149937227368,0.21676269895397127,True,0.0,False
capacity,19,53,4.0642209351062775,0.3392188809812069,9.103678166866302e-05,4.064311971887946,0.22085887100547552,True,0.000964901180207298,False
capacity,19,54,4.047370050102472,0.33850898034870625,8.987262845039368e-05,4.047459922730923,0.22493706899695098,True,0.005529769061280592,False
capacity,19,55,4.055385012179613,0.33734599128365517,0.00010104849934577942,4.055486060678959,0.2290186940226704,True,0.0,False
capacity,19,56,4.339571110904217,0.34243520349264145,8.987262845039368e-05,4.339660983532667,0.23338590702041984,True,0.03713232155643566,False
capacity,19,57,4.041258944198489,0.3337401431053877,7.986091077327728e-05,4.0413388051092625,0.23745460691861808,True,0.03159648908893346,False
capacity,19,58,4.039474995806813,0.33394014462828636,8.987262845039368e-05,4.039564868435264,0.24152499996125698,True,0.0,False
capacity,19,59,4.043322987854481,0.3341399133205414,8.009374141693115e-05,4.043403081595898,0.2455945920664817,True,0.03698484534404288,False
capacity,19,60,4.73225093446672,0.3492089454084635,0.00010989606380462646,4.732360830530524,0.25035362294875085,True,0.002567230290268524,False
capacity,19,61,4.027703078463674,0.33215596340596676,8.987262845039368e-05,4.027792951092124,0.25440982007421553,True,0.0,False
capacity,19,62,4.030188079923391,0.329931965097785,8.987262845039368e-05,4.030277952551842,0.2584716770797968,True,0.0,False
capacity,19,63,4.072176991030574,0.33247703686356544,7.986091077327728e-05,4.072256851941347,0.26257040398195386,True,0.0,False
capacity,19,64,4.175511887297034,0.3899550065398216,9.010545909404755e-05,4.175601992756128,0.26677534100599587,True,0.00022244059589975485,False
capacity,19,65,4.045977024361491,0.3412938676774502,9.010545909404755e-05,4.046067129820585,0.270848689135164,True,0.0032473351207439436,False
capacity,19,66,4.152487963438034,0.3836429677903652,0.00010989606380462646,4.152597859501839,0.2750281279440969,True,0.0,False
capacity,19,67,4.233239917084575,0.42203511111438274,9.988434612751007e-05,4.233339801430702,0.27929347893223166,True,0.0,False
capacity,19,68,4.535940941423178,0.33888895995914936,9.010545909404755e-05,4.536031046882272,0.2838620920665562,True,0.0,False
capacity,19,69,4.070203052833676,0.34137419424951077,0.00010989606380462646,4.070312948897481,0.2879605779889971,True,0.0,False
capacity,19,70,4.128412809222937,0.4128988366574049,0.00011012889444828033,4.128522938117385,0.2921231349464506,True,0.000964901180207298,False
capacity,19,71,4.46622003801167,0.33508194610476494,9.010545909404755e-05,4.466310143470764,0.2966165461111814,True,0.0,False
capacity,19,72,4.093697061762214,0.3298709634691477,0.00010104849934577942,4.0937981102615595,0.3007430850993842,True,0.0,False
capacity,19,73,4.029126139357686,0.32933102920651436,8.987262845039368e-05,4.029216011986136,0.3047993320506066,True,0.0,False
capacity,19,74,4.019887885078788,0.3335089422762394,9.010545909404755e-05,4.019977990537882,0.3088461000006646,True,0.0,False
capacity,19,75,4.0860529989004135,0.33440999686717987,9.988434612751007e-05,4.086152883246541,0.31295904400758445,True,0.0,False
capacity,19,76,4.385767970234156,0.4056550096720457,0.00010989606380462646,4.38587786629796,0.3173780639190227,True,0.0,False
capacity,19,77,4.0367101319134235,0.327056972309947,8.987262845039368e-05,4.036800004541874,0.321442156098783,True,0.001535509665341452,False
capacity,19,78,4.032913129776716,0.3259850200265646,8.987262845039368e-05,4.033003002405167,0.32550619705580175,True,0.0,False
capacity,19,79,4.090039990842342,0.32617407850921154,9.103678166866302e-05,4.090131027624011,0.32962307799607515,True,0.0,False
capacity,19,80,4.1132839396595955,0.3529260866343975,8.987262845039368e-05,4.113373812288046,0.333766768919304,True,0.0,False
capacity,19,81,4.040497122332454,0.3346509765833616,7.986091077327728e-05,4.040576983243227,0.3378387060947716,True,0.0,False
capacity,19,82,4.037661943584681,0.33409008756279945,8.987262845039368e-05,4.037751816213131,0.3419075559359044,True,0.0,False
capacity,19,83,4.058721009641886,0.3330779727548361,7.986091077327728e-05,4.058800870552659,0.34599272697232664,True,0.0,False
capacity,19,84,4.703758051618934,0.4463121294975281,0.00010989606380462646,4.703867947682738,0.3507262410130352,True,0.0,False
capacity,19,85,4.028765019029379,0.3322470001876354,0.00011012889444828033,4.028875147923827,0.35478236712515354,True,0.0,False
capacity,19,86,4.041858948767185,0.3426459152251482,0.00010011717677116394,4.041959065943956,0.35885123698972166,True,0.0,False
capacity,19,87,4.596214974299073,0.3360339906066656,0.00010011717677116394,4.596315091475844,0.36347444308921695,True,0.011786375788762078,False
capacity,19,88,4.051656927913427,0.332806957885623,8.102506399154663e-05,4.051737952977419,0.36755883204750717,True,0.005534232752168216,False
capacity,19,89,4.032250959426165,0.32935081981122494,8.009374141693115e-05,4.032331053167582,0.3716184950899333,True,0.0,False
capacity,19,90,4.033173900097609,0.32836897298693657,8.009374141693115e-05,4.0332539938390255,0.3756792009808123,True,0.036893149134665175,False
capacity,19,91,4.111990798264742,0.32921996898949146,9.103678166866302e-05,4.112081835046411,0.3798177419230342,True,0.05624186445735065,False
capacity,19,92,4.129954846575856,0.3631638828665018,0.00011106021702289581,4.130065906792879,0.3839828339405358,True,0.10418338633049144,False
capacity,19,93,4.030948970466852,0.3358330577611923,0.00010011717677116394,4.031049087643623,0.38804077403619885,True,0.08204312299295144,False
capacity,19,94,4.02828399091959,0.3344209399074316,0.00011012889444828033,4.028394119814038,0.3920999460387975,True,0.05763222410266164,False
capacity,19,95,4.600091138854623,0.3305729478597641,0.00010104849934577942,4.600192187353969,0.39673203811980784,True,0.039746191560335986,False
capacity,19,96,4.057888872921467,0.33250683918595314,0.00011012889444828033,4.057999001815915,0.4008172689937055,True,0.03064100609807132,False
capacity,19,97,4.034214885905385,0.3369648475199938,9.010545909404755e-05,4.034304991364479,0.4048787460196763,True,0.04131564204963853,False
capacity,19,98,4.047450143843889,0.3384980373084545,0.00010989606380462646,4.047560039907694,0.40895743505097926,True,0.014510715127173177,False
capacity,19,99,4.101291066035628,0.3373660147190094,8.009374141693115e-05,4.101371159777045,0.4130855870898813,True,0.01486037091337011,False
capacity,19,100,4.2215578723698854,0.37441588938236237,0.00011012889444828033,4.221668001264334,0.4173480519093573,True,0.009123784174296426,False
capacity,19,101,4.020249005407095,0.32803788781166077,0.00010011717677116394,4.020349122583866,0.421399851096794,True,0.005767832575287025,False
capacity,19,102,4.0338539984077215,0.32602506689727306,8.987262845039368e-05,4.033943871036172,0.4254604149609804,True,0.0040009549322705595,False
capacity,19,103,4.56021586433053,0.3294008783996105,9.103678166866302e-05,4.560306901112199,0.4300472619943321,True,0.013123995158085714,False
capacity,19,104,4.027002025395632,0.3302220720797777,9.988434612751007e-05,4.027101909741759,0.43410115502774715,True,0.005974667023637627,False
capacity,19,105,4.029386211186647,0.32495311461389065,8.987262845039368e-05,4.029476083815098,0.43816329212859273,True,0.15335110527697454,False
capacity,19,106,4.017733968794346,0.3267561551183462,7.986091077327728e-05,4.017813829705119,0.4422075159382075,True,0.0,False
capacity,19,107,4.100859863683581,0.3246420528739691,9.103678166866302e-05,4.10095090046525,0.44633832294493914,True,0.07153110506835743,False
capacity,19,108,4.128732951357961,0.356131000444293,9.010545909404755e-05,4.128823056817055,0.4505012510344386,True,0.19113697606215022,False
capacity,19,109,4.036259138956666,0.32419105991721153,7.986091077327728e-05,4.036338999867439,0.45456451107747853,True,0.2879093746432569,False
capacity,19,110,4.032802069559693,0.324862077832222,7.986091077327728e-05,4.032881930470467,0.458623792976141,True,0.19508195174428974,False
capacity,19,111,4.552862839773297,0.32515288330614567,0.00010104849934577942,4.552963888272643,0.4632081859745085,True,0.20789659864332907,False
capacity,19,112,4.020830150693655,0.3275570925325155,0.00010081566870212555,4.020930966362357,0.46725604706443846,True,0.14965079170769463,False
capacity,19,113,4.035337129607797,0.3289401065558195,0.00010104849934577942,4.0354381781071424,0.4713179541286081,True,0.15218511467593326,False
capacity,19,114,4.023364977911115,0.326304929330945,7.986091077327728e-05,4.023444838821888,0.47536756796762347,True,0.11845220150634875,False
capacity,19,115,4.103515995666385,0.32526301220059395,9.010545909404755e-05,4.103606101125479,0.47949776402674615,True,0.05079995136144747,False
capacity,19,116,4.111952148377895,0.35925721749663353,8.987262845039368e-05,4.112042021006346,0.48363892105408013,True,0.2063325825030376,False
capacity,19,117,4.030328011140227,0.323339132592082,0.00011990778148174286,4.030447918921709,0.48769642994739115,True,0.27450874782611745,False
capacity,19,118,4.045506007969379,0.32638595439493656,8.009374141693115e-05,4.045586101710796,0.4917729541193694,True,0.29029125252897553,False
capacity,19,119,4.057849990203977,0.3360139671713114,9.988434612751007e-05,4.057949874550104,0.495858235983178,True,0.22785305276673018,False
capacity,19,120,4.713194910436869,0.4133989568799734,0.00011012889444828033,4.713305039331317,0.5006091219838709,True,0.305845634304517,False
capacity,19,121,4.03200089931488,0.32955105416476727,9.010545909404755e-05,4.032091004773974,0.504672982962802,True,0.23752297921659818,False
capacity,19,122,4.049743991345167,0.3312451299279928,8.987262845039368e-05,4.0498338639736176,0.5087493569590151,True,0.20223391386901018,False
capacity,19,123,4.112552851438522,0.34096301533281803,0.00010011717677116394,4.1126529686152935,0.5128882599528879,True,0.13269505623821035,False
capacity,19,124,4.123163176700473,0.3613110166043043,8.987262845039368e-05,4.123253049328923,0.5170434031169862,True,0.25030705756997707,False
capacity,19,125,4.030418116599321,0.3386491443961859,7.986091077327728e-05,4.030497977510095,0.5211004810407758,True,0.27905370938904267,False
capacity,19,126,4.02819411829114,0.33275713212788105,8.987262845039368e-05,4.02828399091959,0.5251604150980711,True,0.2571312328773351,False
capacity,19,127,4.051828058436513,0.3346111625432968,4.98257577419281e-05,4.051877884194255,0.529238292016089,True,0.1459177238736966,False
capacity,19,128,4.797173198312521,0.4067372065037489,9.988434612751007e-05,4.7972730826586485,0.5340660631190985,True,0.09057989463061195,False
capacity,19,129,4.054022021591663,0.3399609122425318,9.010545909404755e-05,4.054112127050757,0.5381469160784036,True,0.08125887960696794,False
capacity,19,130,4.034846089780331,0.3331981133669615,7.986091077327728e-05,4.034925950691104,0.5422080720309168,True,0.0,False
capacity,19,131,4.10633091814816,0.3329678438603878,9.010545909404755e-05,4.106421023607254,0.5463451710529625,True,0.00893333336309127,False
capacity,19,132,4.130576970055699,0.37280283868312836,0.00011012889444828033,4.130687098950148,0.5505100830923766,True,0.0013621696692055305,False
capacity,19,133,4.042439861223102,0.3345299046486616,0.00010011717677116394,4.042539978399873,0.5545791229233146,True,0.0,False
capacity,19,134,4.029507050290704,0.33416994847357273,0.00010011717677116394,4.029607167467475,0.5586351701058447,True,0.0,False
capacity,19,135,4.564856179058552,0.3336991649121046,8.987262845039368e-05,4.564946051687002,0.5632262350991368,True,0.0,False
capacity,19,136,4.051496973261237,0.33659394830465317,8.102506399154663e-05,4.051577998325229,0.567304773023352,True,0.0,False
capacity,19,137,4.040227038785815,0.3351320046931505,0.00010011717677116394,4.040327155962586,0.5713716400787234,True,0.0,False
capacity,19,138,4.036961123347282,0.3324470017105341,9.988434612751007e-05,4.03706100769341,0.5754395790863782,True,0.0,False
capacity,19,139,4.123924067243934,0.33411895856261253,7.101334631443024e-05,4.123995080590248,0.579590043053031,True,0.0,False
capacity,19,140,4.217990906909108,0.40123588405549526,0.00012107193470001221,4.218111978843808,0.5838440619409084,True,0.023077445767642764,False
capacity,19,141,4.0434428956359625,0.33791689202189445,9.010545909404755e-05,4.0435330010950565,0.5879146959632635,True,0.014146857740659645,False
capacity,19,142,4.026800859719515,0.33812783658504486,0.00010011717677116394,4.026900976896286,0.59196821693331,True,0.022652788256145116,False
capacity,19,143,4.078228026628494,0.3668519202619791,0.00010011717677116394,4.078328143805265,0.5960727951023728,True,0.031973136727543,False
capacity,19,144,4.196621011942625,0.34524104557931423,9.988434612751007e-05,4.1967208962887526,0.6002963569480926,True,0.04176436601859217,False
capacity,19,145,4.036029102280736,0.33279811032116413,0.00010989606380462646,4.036138998344541,0.6043690850492567,True,0.0,False
capacity,19,146,4.025158006697893,0.3335180226713419,0.00010011717677116394,4.025258123874664,0.6084206730592996,True,0.0,False
capacity,19,147,4.027392016723752,0.33140508458018303,9.988434612751007e-05,4.0274919010698795,0.612474394030869,True,0.02181143221336171,False
capacity,19,148,4.11395519040525,0.33284700475633144,0.00010081566870212555,4.114056006073952,0.6166192081291229,True,0.0,False
capacity,19,149,4.053551936522126,0.33310800790786743,9.010545909404755e-05,4.05364204198122,0.6206993600353599,True,0.002106118150475622,False
capacity,19,150,4.0364989545196295,0.3312139306217432,9.010545909404755e-05,4.0365890599787235,0.6247687709983438,True,0.023054011097124977,False
capacity,19,151,4.047599853947759,0.34186383709311485,0.00010104849934577942,4.0477009024471045,0.6288447249680758,True,0.011235853912622207,False
capacity,19,152,4.682085942476988,0.3440580330789089,9.010545909404755e-05,4.682176047936082,0.6335553249809891,True,0.0402036987561634,False
capacity,19,153,4.0887570939958096,0.3440980799496174,8.102506399154663e-05,4.088838119059801,0.6376776860561222,True,0.01808315573423214,False
capacity,19,154,4.074461059644818,0.340151134878397,0.00010104849934577942,4.074562108144164,0.6417834770400077,True,0.021506806645037107,False
capacity,19,155,4.085933091118932,0.3419651184231043,0.00010989606380462646,4.086042987182736,0.6458988250233233,True,0.0,False
capacity,19,156,4.443916957825422,0.35319593735039234,9.010545909404755e-05,4.444007063284516,0.6503768060356379,True,0.0011918054669946634,False
capacity,19,157,4.082856001332402,0.3387080505490303,9.103678166866302e-05,4.082947038114071,0.6544932459946722,True,0.002952731522160975,False
capacity,19,158,4.0654840413481,0.33662491478025913,8.009374141693115e-05,4.065564135089517,0.658599317073822,True,0.0,False
capacity,19,159,4.065743880346417,0.3337189555168152,9.010545909404755e-05,4.0658339858055115,0.6626932339277118,True,0.0,False
capacity,19,160,4.16979007422924,0.3376961685717106,9.988434612751007e-05,4.169889958575368,0.6668971290346235,True,0.0,False
capacity,19,161,4.039976978674531,0.34058187156915665,9.010545909404755e-05,4.040067084133625,0.670965189114213,True,0.00030129913491438044,False
capacity,19,162,4.0474089328199625,0.3393490333110094,0.00010104849934577942,4.047509981319308,0.6750396389979869,True,0.0,False
capacity,19,163,4.020750056952238,0.3369960468262434,9.010545909404755e-05,4.020840162411332,0.6790870290715247,True,0.0,False
capacity,19,164,4.640457918867469,0.3361930139362812,9.010545909404755e-05,4.640548024326563,0.683760629966855,True,0.0037182545093879197,False
capacity,19,165,4.044554894790053,0.34076208248734474,9.010545909404755e-05,4.044645000249147,0.6878323359414935,True,0.0,False
capacity,19,166,4.0350668132305145,0.3403318114578724,0.00010011717677116394,4.035166930407286,0.6918943729251623,True,0.014639418214432886,False
capacity,19,167,4.050546092912555,0.34049199894070625,8.102506399154663e-05,4.050627117976546,0.6959718300495297,True,0.008387275177839023,False
capacity,19,168,4.153460031375289,0.34063193015754223,9.010545909404755e-05,4.153550136834383,0.7001573001034558,True,0.04816386140067574,False
capacity,19,169,4.027922870591283,0.33434992656111717,0.00010104849934577942,4.028023919090629,0.7042120839469135,True,0.038058916404815415,False
capacity,19,170,4.051388008520007,0.33404980786144733,9.010545909404755e-05,4.051478113979101,0.7082951511256397,True,0.06257053096570242,False
capacity,19,171,4.043441964313388,0.3331778571009636,0.00010104849934577942,4.043543012812734,0.7123692410532385,True,0.06701150817033438,False
capacity,19,172,4.626702051609755,0.33587287180125713,0.00012014061212539673,4.62682219222188,0.7170235051307827,True,0.04267288488565254,False
capacity,19,173,4.046047106385231,0.3396300598978996,9.988434612751007e-05,4.0461469907313585,0.7210960821248591,True,0.03937382121930117,False
capacity,19,174,4.049002891406417,0.3352819476276636,9.010545909404755e-05,4.049092996865511,0.7251777069177479,True,0.04967946586025626,False
capacity,19,175,4.356401972472668,0.33357786014676094,0.00011106021702289581,4.356513032689691,0.7295609400607646,True,0.07075773413173067,False
capacity,19,176,4.094738978892565,0.33648405224084854,9.080395102500916e-05,4.09482978284359,0.733684022910893,True,0.0370173409356505,False
capacity,19,177,4.075061995536089,0.3373059444129467,9.010545909404755e-05,4.075152100995183,0.7377867270261049,True,0.0492794661492017,False
capacity,19,178,4.055995959788561,0.343977939337492,8.009374141693115e-05,4.056076053529978,0.7418750540819019,True,0.02328544741538296,False
capacity,19,179,4.232549108564854,0.3436270635575056,8.102506399154663e-05,4.232630133628845,0.7461402551271021,True,0.028754672056898564,False
capacity,19,180,4.260510904714465,0.35294494591653347,9.010545909404755e-05,4.260601010173559,0.7504358720034361,True,0.004915267615751497,False
capacity,19,181,4.081052960827947,0.34433905966579914,8.987262845039368e-05,4.081142833456397,0.754548474913463,True,0.04393235942632902,False
capacity,19,182,4.122451180592179,0.33537205308675766,0.00010081566870212555,4.122551996260881,0.7587014341261238,True,0.06787181372578457,False
capacity,19,183,4.573382204398513,0.38932403549551964,0.00013993121683597565,4.573522135615349,0.7633155931252986,True,0.08731699592429405,False
capacity,19,184,5.847913911566138,0.35452796146273613,0.00012107193470001221,5.848034983500838,0.7692005769349635,True,0.15120179797648592,False
capacity,19,185,5.392185179516673,0.4350310191512108,0.00012991949915885925,5.392315099015832,0.7746318851131946,True,0.10534621001436084,False
capacity,19,186,4.093256080523133,0.34013111144304276,0.00013993121683597565,4.093396011739969,0.778758374042809,True,0.1251746316964688,False
capacity,19,187,4.7112419269979,0.34892791882157326,9.010545909404755e-05,4.711332032456994,0.7835003740619868,True,0.0789021921457462,False
capacity,19,188,4.111510934308171,0.3330779727548361,0.00010011717677116394,4.111611051484942,0.7876475020311773,True,0.14566724558298982,False
capacity,19,189,4.06467285938561,0.3446899354457855,9.010545909404755e-05,4.064762964844704,0.7917464389465749,True,0.04771898420423289,False
capacity,19,190,4.06396109610796,0.32848911359906197,9.988434612751007e-05,4.064060980454087,0.7958386030513793,True,0.034782274099059325,False
capacity,19,191,4.238741006702185,0.34507992677390575,9.010545909404755e-05,4.238831112161279,0.800107411108911,True,0.10462584577652928,False
capacity,19,192,4.076836165040731,0.34096301533281803,7.986091077327728e-05,4.076916025951505,0.8042180601041764,True,0.13736817202435753,False
capacity,19,193,4.029385978356004,0.3296509385108948,0.00010989606380462646,4.029495874419808,0.8082751180045307,True,0.18709610997418866,False
capacity,19,194,4.068420035764575,0.3343201242387295,7.986091077327728e-05,4.068499896675348,0.8123712099622935,True,0.15350523398992397,False
capacity,19,195,4.622082924470305,0.3472939133644104,0.000141095370054245,4.62222401984036,0.8170214060228318,True,0.11531567454496272,False
capacity,19,196,4.053371027112007,0.33584306947886944,8.987262845039368e-05,4.0534608997404575,0.821108239935711,True,0.13051556659057958,False
capacity,19,197,4.057108890265226,0.3248928114771843,0.00011012889444828033,4.057219019159675,0.8252004249952734,True,0.2629088402819172,False
capacity,19,198,4.072447074577212,0.3222981467843056,9.988434612751007e-05,4.07254695892334,0.8293055130634457,True,0.19410774195489253,False
capacity,19,199,4.427887033671141,0.3372358623892069,0.00010011717677116394,4.427987150847912,0.8337672140914947,True,0.11914432667015928,False
capacity,19,200,4.085632041096687,0.35150209441781044,7.986091077327728e-05,4.085711902007461,0.8378818309865892,True,0.19815886288274248,False
capacity,19,201,4.108314868062735,0.3331778571009636,0.00012014061212539673,4.10843500867486,0.8420182089321315,True,0.23719505884774308,False
capacity,19,202,4.078028025105596,0.3379671834409237,8.987262845039368e-05,4.078117897734046,0.8461246199440211,True,0.14763602178424926,False
capacity,19,203,4.461450036615133,0.32828887924551964,0.00013993121683597565,4.461589967831969,0.8506152650807053,True,0.1519544584384633,False
capacity,19,204,4.0957811288535595,0.33942004665732384,8.987262845039368e-05,4.09587100148201,0.8547380070667714,True,0.05479658192706004,False
capacity,19,205,4.05169790610671,0.3334989305585623,0.00010011717677116394,4.051798023283482,0.8588170169387013,True,0.10890892506036218,False
capacity,19,206,4.61328704841435,0.35960786044597626,9.010545909404755e-05,4.613377153873444,0.8634573151357472,True,0.0984476873870528,False
capacity,19,207,4.038913873955607,0.3290208987891674,8.009374141693115e-05,4.038993967697024,0.8675252429675311,True,0.1271068272002159,False
capacity,19,208,4.058441147208214,0.3332989290356636,0.00010989606380462646,4.058551043272018,0.8716192811261863,True,0.16102972967312223,False
capacity,19,209,4.560417961329222,0.34208502620458603,0.00010989606380462646,4.560527857393026,0.8762122099287808,True,0.10413149688504508,False
capacity,19,210,4.5866770669817924,0.3393299411982298,9.988434612751007e-05,4.58677695132792,0.8808264080435038,True,0.22320518342480744,False
capacity,19,211,4.276031162589788,0.3512732218950987,9.988434612751007e-05,4.276131046935916,0.8851329460740089,True,0.2767041358544989,False
capacity,19,212,4.088506801053882,0.3483269829303026,0.00012014061212539673,4.088626941666007,0.8892499369103462,True,0.19183963876959886,False
capacity,19,213,4.156335024163127,0.33563212491571903,0.00010081566870212555,4.156435839831829,0.893433874938637,True,0.15780013957035358,False
capacity,19,214,4.679110832512379,0.34402799792587757,0.00011012889444828033,4.679220961406827,0.8981410989072174,True,0.10647508421729862,False
capacity,19,215,4.186753183603287,0.3434480167925358,8.987262845039368e-05,4.186843056231737,0.902356285136193,True,0.6983836908707256,False
capacity,19,216,4.0973639115691185,0.35075098276138306,9.010545909404755e-05,4.0974540170282125,0.9064827340189368,True,0.6446625793276974,False
capacity,19,217,4.129003966227174,0.3536068834364414,0.00011012889444828033,4.129114095121622,0.9106404720805585,True,0.5943349495252206,False
capacity,19,218,4.670344991609454,0.34230505116283894,0.00011990778148174286,4.670464899390936,0.9153471349272877,True,0.20476803359904622,False
capacity,19,219,4.070914117619395,0.3491679672151804,0.00010104849934577942,4.071015166118741,0.9194467330817133,True,0.20570122626409992,False
capacity,19,220,4.041970008984208,0.3408319316804409,0.00010989606380462646,4.042079905048013,0.9235210639890283,True,0.24264397300978163,False
capacity,19,221,4.084519809111953,0.34747482277452946,9.010545909404755e-05,4.084609914571047,0.9276332359295338,True,0.19670228051291408,False
capacity,19,222,4.617715021595359,0.33722585067152977,9.010545909404755e-05,4.617805127054453,0.932278182124719,True,0.16670396081476552,False
capacity,19,223,4.06627613119781,0.3413730300962925,9.988434612751007e-05,4.066376015543938,0.936374104116112,True,0.1435893484203727,False
capacity,19,224,4.0685199201107025,0.3475761041045189,0.00010011717677116394,4.068620037287474,0.9404738219454885,True,0.15455099531912042,False
capacity,19,225,4.071664996445179,0.34355721436440945,9.080395102500916e-05,4.071755800396204,0.9445739109069109,True,0.6385940977391964,False
capacity,19,226,4.650337155908346,0.3347410820424557,9.988434612751007e-05,4.650437040254474,0.9492516301106662,True,0.5474659632570371,False
capacity,19,227,4.0857018902897835,0.3359629772603512,0.00010989606380462646,4.085811786353588,0.9533651939127594,True,0.557624112494172,False
capacity,19,228,4.208693979308009,0.36143092438578606,9.010545909404755e-05,4.208784084767103,0.957608754048124,True,0.5497871442425905,False
capacity,19,229,4.068539943546057,0.3384880255907774,0.00011012889444828033,4.068650072440505,0.9617059379816055,True,0.5199868552544626,False
capacity,19,230,4.664473002776504,0.3428261261433363,9.988434612751007e-05,4.664572887122631,0.9663985739462078,True,0.5075444853074209,False
capacity,19,231,4.0759139228612185,0.34495978616178036,0.00010011717677116394,4.07601404003799,0.9705024410504848,True,0.5157270485115818,False
capacity,19,232,4.056326812133193,0.33913878723978996,0.00013015232980251312,4.0564569644629955,0.9745930419303477,True,0.703156332196557,False
capacity,19,233,4.348958842456341,0.3469139337539673,0.00010011717677116394,4.349058959633112,0.9789692019112408,True,0.5031083707952361,False
capacity,19,234,4.334661876782775,0.35186391323804855,0.00011012889444828033,4.334772005677223,0.9833371059503406,True,0.3360322964877177,False
capacity,19,235,4.146296996623278,0.34048198722302914,0.00010011717677116394,4.146397113800049,0.9875128380954266,True,0.19980521940863397,False
capacity,19,236,4.075663164258003,0.3438082057982683,0.00010989606380462646,4.075773060321808,0.9916162830777466,True,0.19806289206549946,False
capacity,19,237,4.102494101971388,0.33479114063084126,7.986091077327728e-05,4.102573962882161,0.9957457380369306,True,0.19743723139275124,False
capacity,19,238,4.721951903775334,0.44710305519402027,0.00011990778148174286,4.722071811556816,1.0005202889442444,True,0.25201254803024403,False
capacity,19,239,4.099337849766016,0.34986878745257854,0.00012014061212539673,4.099457990378141,1.0046473289839923,True,0.21380632982613715,False
capacity,19,240,4.100018879398704,0.3356828819960356,0.00010011717677116394,4.100118996575475,1.008776071947068,True,0.1807098488749268,False
capacity,19,241,4.082415951415896,0.34272600896656513,8.009374141693115e-05,4.082496045157313,1.0128872820641845,True,0.14226600005072151,False
capacity,19,242,4.265449941158295,0.35271490924060345,0.00010104849934577942,4.2655509896576405,1.0171810360625386,True,0.11964758393353488,False
capacity,19,243,4.153601126745343,0.34023215994238853,9.988434612751007e-05,4.153701011091471,1.0213627500925213,True,0.08254565594666692,False
capacity,19,244,4.093257011845708,0.3495488781481981,0.00011990778148174286,4.09337691962719,1.0254886080510914,True,0.06159618926714128,False
capacity,19,245,4.537844797596335,0.3359729889780283,8.009374141693115e-05,4.537924891337752,1.0300542549230158,True,0.02203214085692978,False
capacity,19,246,4.0850110817700624,0.34728506579995155,8.987262845039368e-05,4.085100954398513,1.0341683300212026,True,0.059813572980064206,False
capacity,19,247,4.099668003618717,0.3401110880076885,9.988434612751007e-05,4.099767887964845,1.0382954999804497,True,0.0871521343073013,False
capacity,19,248,4.273165017366409,0.3426761832088232,8.987262845039368e-05,4.27325488999486,1.0426192309241742,True,0.08320118939000287,False
capacity,19,249,4.411326022818685,0.3572141285985708,8.987262845039368e-05,4.411415895447135,1.0470654929522425,True,0.11535113649260954,False
capacity,19,250,4.19230293482542,0.35208393819630146,0.00010011717677116394,4.1924030520021915,1.051286821020767,True,0.13012369356720793,False
capacity,19,251,4.113874863833189,0.342715997248888,7.008202373981476e-05,4.113944945856929,1.0554283179808408,True,0.10593409633331786,False
capacity,19,252,4.107713932171464,0.3388389013707638,9.010545909404755e-05,4.107804037630558,1.0595639450475574,True,0.12103612914120362,False
capacity,19,253,4.674031864851713,0.3478759899735451,0.00011012889444828033,4.6741419937461615,1.0642659289296716,True,0.15356710415462552,False
capacity,19,254,4.063911037519574,0.33907988108694553,0.00011012889444828033,4.0640211664140224,1.0683578720781952,True,0.13447052526814227,False
capacity,19,255,4.089890047907829,0.3494890406727791,0.00010011717677116394,4.0899901650846004,1.0724752740934491,True,0.1497013341501467,False
capacity,19,256,4.083106992766261,0.34357793629169464,9.010545909404755e-05,4.083197098225355,1.0765904020518064,True,0.166045864561224,False
capacity,19,257,4.585795104503632,0.3593980800360441,0.00011990778148174286,4.585915012285113,1.0812080970499665,True,0.13807655331160557,False
capacity,19,258,4.450730979442596,0.3460219595581293,0.00010011717677116394,4.450831096619368,1.0856901570223272,True,0.16505252112667718,False
capacity,19,259,4.087124951183796,0.3424850292503834,9.010545909404755e-05,4.08721505664289,1.0898055450525135,True,0.15754551915643927,False
capacity,19,260,4.08504088409245,0.35530002787709236,6.0070306062698364e-05,4.085100954398513,1.093918998958543,True,0.15740195139800178,False
capacity,19,261,4.654694115743041,0.34773489460349083,0.00012107193470001221,4.654815187677741,1.0986037701368332,True,0.1660452508507982,False
capacity,19,262,4.083929117769003,0.350691145285964,8.987262845039368e-05,4.084018990397453,1.1027159630320966,True,0.17637638980910558,False
capacity,19,263,4.062307998538017,0.353796873241663,0.00016996636986732483,4.062477964907885,1.1068066840525717,True,0.19877395499787914,False
capacity,19,264,4.068108974024653,0.3465539775788784,9.010545909404755e-05,4.0681990794837475,1.1109023850876838,True,0.20751459890095936,False
capacity,19,265,4.66301990672946,0.346573069691658,8.987262845039368e-05,4.66310977935791,1.1155933279078454,True,0.24650855104791225,False
capacity,19,266,4.089499823749065,0.34165382385253906,0.00010011717677116394,4.089599940925837,1.1197168119251728,True,0.23553311733572152,False
capacity,19,267,4.166745115071535,0.34621194936335087,0.00014994293451309204,4.166895058006048,1.1239207671023905,True,0.22487826216302687,False
capacity,19,268,4.133741836994886,0.3541379701346159,0.00010011717677116394,4.133841954171658,1.1280869299080223,True,0.24220611001414083,False
capacity,19,269,4.69609210267663,0.3478759899735451,8.102506399154663e-05,4.696173127740622,1.1328165461309254,True,0.2417558919315781,False
capacity,19,270,4.488572012633085,0.34685409627854824,8.987262845039368e-05,4.488661885261536,1.1373342829756439,True,0.22861714617487205,False
capacity,19,271,4.150614142417908,0.36994693800807,0.00010104849934577942,4.1507151909172535,1.1415126901119947,True,0.22032297045021626,False
capacity,19,272,4.262093920260668,0.33745612017810345,0.00010104849934577942,4.262194968760014,1.145803137915209,True,0.2368835419974421,False
capacity,19,273,4.598458996042609,0.35389699041843414,0.00010104849934577942,4.598560044541955,1.1504341389518231,True,0.2444755673043666,False
capacity,19,274,4.317909944802523,0.34760497510433197,0.00012014061212539673,4.318030085414648,1.154781464021653,True,0.23325080323130737,False
capacity,19,275,4.574132850393653,0.3508809022605419,9.010545909404755e-05,4.574222955852747,1.1593836499378085,True,0.23793917827669936,False
capacity,19,276,4.369135946035385,0.3410030622035265,0.00010011717677116394,4.369236063212156,1.1637810789979994,True,0.23135319868001963,False
paced_30fps,12,0,3.943794872611761,0.35608187317848206,0.09081093594431877,4.03460580855608,0.00403460580855608,False,,
paced_30fps,12,1,5.674848100170493,0.45609893277287483,0.0632044393569231,5.738052539527416,0.03907138598151505,False,,
paced_30fps,12,2,6.55808299779892,0.4900740459561348,0.063770217821002,6.621853215619922,0.07328851986676455,False,,
paced_30fps,12,3,4.094097996130586,0.41006295941770077,0.06487779319286346,4.158975789323449,0.1041589758824557,False,,
paced_30fps,12,4,4.440050106495619,0.47395401634275913,0.06290851160883904,4.502958618104458,0.1378362919203937,False,,
paced_30fps,12,5,4.1095169726759195,0.4419940523803234,0.06137019954621792,4.1708871722221375,0.17083755391649902,False,,
paced_30fps,12,6,5.7180700823664665,0.47257100231945515,0.06341887637972832,5.781488958746195,0.20578148891218007,False,,
paced_30fps,12,7,4.324142122641206,0.39450405165553093,0.06424542516469955,4.388387547805905,0.2377217209432274,False,,
paced_30fps,12,8,4.143891157582402,0.4507990088313818,0.06261817179620266,4.206509329378605,0.2708731759339571,False,,
paced_30fps,12,9,4.050936084240675,0.38420408964157104,0.06162072531878948,4.1125568095594645,0.3041125568561256,False,,
paced_30fps,12,10,4.108506022021174,0.3832029178738594,0.0623166561126709,4.170822678133845,0.33750415593385696,False,,
paced_30fps,12,11,6.076333811506629,0.47772983089089394,0.06325426511466503,6.139588076621294,0.37280625477433205,False,,
paced_30fps,12,12,4.0628688875585794,0.38302200846374035,0.06227707490324974,4.125145962461829,0.40412514586932957,False,,
paced_30fps,12,13,5.025804042816162,0.46196114271879196,0.0636344775557518,5.089438520371914,0.4384227718692273,False,,
paced_30fps,12,14,5.598815158009529,0.4399500321596861,0.06330828182399273,5.662123439833522,0.4723287899978459,False,,
paced_30fps,12,15,4.830766003578901,0.4116459749639034,0.06706081330776215,4.897826816886663,0.5048978268168867,False,,
paced_30fps,12,16,4.982131998986006,0.47656893730163574,0.22154650650918484,5.203678505495191,0.5385370119474828,False,,
paced_30fps,12,17,4.638122860342264,0.412187073379755,0.0663392711430788,4.704462131485343,0.57137112878263,False,,
paced_30fps,12,18,5.343051860108972,0.45636994764208794,0.06360886618494987,5.4066607262939215,0.6054066608194262,False,,
paced_30fps,12,19,4.677667981013656,0.4344990011304617,0.0632135197520256,4.740881500765681,0.6380742148030549,False,,
paced_30fps,12,20,4.650356946513057,0.4188599996268749,0.061685219407081604,4.712042165920138,0.671378708910197,False,,
paced_30fps,12,21,4.767277045175433,0.4229680635035038,0.0605778768658638,4.827854922041297,0.7048278548754752,False,,
paced_30fps,12,22,4.639865830540657,0.4048328846693039,0.06446056067943573,4.704326391220093,0.7380376597866416,False,,
paced_30fps,12,23,4.930273862555623,0.40324986912310123,0.06865337491035461,4.998927237465978,0.7716655938420445,False,,
paced_30fps,12,24,4.699398996308446,0.41406997479498386,0.06568292155861855,4.7650819178670645,0.8047650819644332,False,,
paced_30fps,12,25,5.539672914892435,0.5136081017553806,0.06711063906550407,5.606783553957939,0.8389401168096811,False,,
paced_30fps,12,26,5.636624991893768,0.4311930388212204,0.06811716593801975,5.704742157831788,0.8723714088555425,False,,
paced_30fps,12,27,5.104192066937685,0.4222660791128874,0.0668899156153202,5.171081982553005,0.9051710818894207,False,,
paced_30fps,12,28,4.886101000010967,0.47714984975755215,0.06667361594736576,4.952774615958333,0.9382861079648137,False,,
paced_30fps,12,29,4.864269867539406,0.49527385272085667,0.06816140376031399,4.93243127129972,0.9715990978293121,False,,
paced_30fps,12,30,5.019692936912179,0.5371228326112032,0.07169297896325588,5.091385915875435,1.0050913859158754,False,,
paced_30fps,12,31,4.965401021763682,0.4145619459450245,0.06707943975925446,5.032480461522937,1.0383658139035106,False,,
paced_30fps,12,32,4.28898585960269,0.37953583523631096,0.06283633410930634,4.351822193711996,1.0710184888448566,False,,
paced_30fps,12,33,5.50307403318584,0.46219094656407833,0.07016584277153015,5.57323987595737,1.1055732399690896,False,,
paced_30fps,12,34,5.197126884013414,0.44562993571162224,0.06495066918432713,5.2620775531977415,1.138595410855487,False,,
paced_30fps,12,35,6.503039970993996,0.39238017052412033,0.06402307190001011,6.567063042894006,1.1732337297871709,True,0.00506926495137438,False
paced_30fps,12,36,6.463414989411831,0.478202011436224,0.06763497367501259,6.5310499630868435,1.2065310499165207,True,0.004001698880751799,False
paced_30fps,12,37,4.710509907454252,0.40620588697493076,0.06832159124314785,4.7788314986974,1.238112164894119,True,0.0035292915951452963,False
paced_30fps,12,38,5.397865083068609,0.4042009823024273,0.5315602757036686,5.929425358772278,1.2725960919633508,True,0.003652043094554865,False
paced_30fps,12,39,4.561017965897918,0.404491787776351,0.06371294148266315,4.624730907380581,1.3046247309539467,True,0.004369953378980511,False
paced_30fps,12,40,4.631350981071591,0.3993019927293062,0.06362772546708584,4.694978706538677,1.3380283119622618,True,0.00568302244842223,False
paced_30fps,12,41,4.584281938150525,0.3941529430449009,0.06236019544303417,4.646642133593559,1.3713133088313043,True,0.007591250302880026,False
paced_30fps,12,42,4.700911929830909,0.40781893767416477,0.06313598714768887,4.764047916978598,1.4047640478238463,True,0.010094636942353883,False
paced_30fps,12,43,4.418659955263138,0.44644204899668694,0.06334157660603523,4.482001531869173,1.4378153348807245,True,0.01294767936802469,False
paced_30fps,12,44,4.372061928734183,0.4323949106037617,0.06258534267544746,4.434647271409631,1.471101313829422,True,0.0158007217936955,False
paced_30fps,12,45,4.3147539254277945,0.426494050770998,0.06142794154584408,4.3761818669736385,1.5043761818669736,True,0.0186537642193663,False
paced_30fps,12,46,4.345993045717478,0.35971798934042454,0.06082141771912575,4.4068144634366035,1.5377401479054242,True,0.021506806645037107,False
paced_30fps,12,47,5.544592859223485,0.375768868252635,0.06236927583813667,5.606962135061622,1.5722736287862062,True,0.004811858776854951,False
paced_30fps,12,48,4.301009001210332,0.41158590465784073,0.059818848967552185,4.360827850177884,1.6043608279433101,True,0.007118843017273512,False
paced_30fps,12,49,4.361832980066538,0.42892899364233017,0.0619285274296999,4.423761507496238,1.6377570948097855,True,0.001786964252010749,False
paced_30fps,12,50,4.267033888027072,0.4223259165883064,0.06042025052011013,4.327454138547182,1.670994120882824,True,0.004167599392075048,False
paced_30fps,12,51,4.288404015824199,0.37541682831943035,0.060555990785360336,4.348960006609559,1.7043489599600434,True,0.007689451502407676,False
paced_30fps,12,52,4.42511192522943,0.375187024474144,0.06290548481047153,4.488017410039902,1.7378213508054614,True,0.0,False
paced_30fps,12,53,4.340212093666196,0.3727830480784178,0.06271922029554844,4.402931313961744,1.7710695979185402,True,0.0,False
paced_30fps,12,54,4.219183931127191,0.36623096093535423,0.0620128121227026,4.281196743249893,1.804281196789816,True,0.0,False
paced_30fps,12,55,4.249540856108069,0.38045691326260567,0.06007472984492779,4.309615585952997,1.8376429488416761,True,0.0007439484812700968,False
paced_30fps,12,56,4.13305195979774,0.3420049324631691,0.05902722477912903,4.192079184576869,1.8708587458822876,True,0.0032473351207439544,False
paced_30fps,12,57,4.431955050677061,0.3796860110014677,0.060986028984189034,4.49294107966125,1.904492940986529,True,0.0,False
paced_30fps,12,58,4.162035882472992,0.35116192884743214,0.058716628700494766,4.220752511173487,1.9375540858600289,True,0.0,False
paced_30fps,12,59,4.233510931953788,0.3952349070459604,0.05810032598674297,4.291611257940531,1.970958277815953,True,0.0,False
paced_30fps,12,60,4.2479680851101875,0.4210530314594507,0.059848884120583534,4.307816969230771,2.0043078169692308,True,0.0,False
paced_30fps,12,61,4.138932796195149,0.3470249939709902,0.05849055014550686,4.197423346340656,2.0375307567883283,True,0.0,False
paced_30fps,12,62,4.666968015953898,0.3464228939265013,0.0597082544118166,4.726676270365715,2.0713933429215103,True,0.0,False
paced_30fps,12,63,4.470858024433255,0.38357311859726906,0.0628586858510971,4.533716710284352,2.1045337168034166,True,0.0,False
paced_30fps,12,64,4.32517402805388,0.4345490597188473,0.05944748409092426,4.384621512144804,2.137717954814434,True,0.0,False
paced_30fps,12,65,4.23421198502183,0.4229170735925436,0.05883118137717247,4.293043166399002,2.170959709910676,True,0.0,False
paced_30fps,12,66,4.23245900310576,0.38339290767908096,0.05782395601272583,4.2902829591184855,2.2042902829125524,True,0.0,False
paced_30fps,12,67,4.289526026695967,0.4210839979350567,0.059121521189808846,4.348647547885776,2.2376819809433073,True,0.0,False
paced_30fps,12,68,5.0576250068843365,0.4898039624094963,0.06608921103179455,5.123714217916131,2.2717903808224946,True,0.0,False
paced_30fps,12,69,4.266513045877218,0.43153390288352966,0.061004888266325,4.327517934143543,2.3043275179807097,True,0.0,False
paced_30fps,12,70,4.253468010574579,0.388110987842083,0.05953758955001831,4.3130056001245975,2.3376463388558477,True,0.0,False
paced_30fps,12,71,4.260512068867683,0.4174569621682167,0.060353195294737816,4.320865264162421,2.370987531961873,True,0.0,False
paced_30fps,12,72,4.211960127577186,0.42433012276887894,0.05894596688449383,4.2709060944616795,2.4042709060013294,True,0.0,False
paced_30fps,12,73,4.162507131695747,0.34316699020564556,0.0583394430577755,4.220846574753523,2.437554179923609,True,0.0,False
paced_30fps,12,74,4.289785865694284,0.4101227968931198,0.06006844341754913,4.349854309111834,2.471016520867124,True,0.0,False
paced_30fps,12,75,4.239040892571211,0.4279760178178549,0.061505939811468124,4.300546832382679,2.5043005468323827,True,0.0026767266356097844,False
paced_30fps,12,76,4.198003793135285,0.41549280285835266,0.061009544879198074,4.2590133380144835,2.537592346780002,True,0.007812203001817235,False
paced_30fps,12,77,4.191801883280277,0.36035897210240364,0.059481244534254074,4.251283127814531,2.570917949778959,True,0.01294767936802469,False
paced_30fps,12,78,4.226987948641181,0.4217850510030985,0.06074877455830574,4.287736723199487,2.6042877368163317,True,0.016941938763963816,False
paced_30fps,12,79,4.2206470388919115,0.41914009489119053,0.06126449443399906,4.281911533325911,2.637615244835615,True,0.020936198159902948,False
paced_30fps,12,80,4.109666915610433,0.3406219184398651,0.05949614569544792,4.1691630613058805,2.6708358298055828,True,0.023789240585573756,False
paced_30fps,12,81,4.1911310981959105,0.3810280468314886,0.0595608726143837,4.250691970810294,2.704250691924244,True,0.026642283011244564,False
paced_30fps,12,82,4.146787105128169,0.3493279218673706,0.059766462072730064,4.206553567200899,2.7375398869626224,True,0.028924716951781212,False
paced_30fps,12,83,4.222959978505969,0.4199009854346514,0.06102421320974827,4.283984191715717,2.770950650796294,True,0.020341039374886873,False
paced_30fps,12,84,4.118664190173149,0.347465043887496,0.05845376290380955,4.177117953076959,2.804177117999643,True,0.02264802361530543,False
paced_30fps,12,85,4.1235031094402075,0.3405720926821232,0.05789753049612045,4.181400639936328,2.8375147338956594,True,0.02550106604097624,False
paced_30fps,12,86,4.281872184947133,0.42358809150755405,0.06122910417616367,4.343101289123297,2.871009767986834,True,0.027212891496378722,False
paced_30fps,12,87,4.49667708016932,0.5116239190101624,0.19327295012772083,4.689950030297041,2.904689949937165,True,0.00514045031671622,False
paced_30fps,12,88,5.470362026244402,0.34300703555345535,0.05794246681034565,5.528304493054748,2.93886163784191,True,0.05972271691416074,False
paced_30fps,12,89,4.362734034657478,0.5505080334842205,0.06219535134732723,4.424929386004806,2.971091595944017,True,0.0016456140405694288,False
paced_30fps,12,90,4.218072164803743,0.4205731675028801,0.07075583562254906,4.288828000426292,3.0042888280004263,True,0.0017192649402151697,False
paced_30fps,12,91,4.122941987589002,0.3471840173006058,0.05802744999527931,4.180969437584281,3.037514302879572,True,0.001443260053663976,False
paced_30fps,12,92,4.173067165538669,0.35486905835568905,0.059184152632951736,4.23225131817162,3.0708989179693162,True,0.002357572737144919,False
paced_30fps,12,93,4.2820521630346775,0.4531741142272949,0.021558720618486404,4.303610883653164,3.1043036109767854,True,0.004216699991838884,False
paced_30fps,12,94,4.231526982039213,0.4165160935372114,0.05956459790468216,4.291091579943895,3.137624424882233,True,0.0066709860315489105,False
paced_30fps,12,95,4.145233891904354,0.3444089088588953,0.05953013896942139,4.2047640308737755,3.1708714307751507,True,0.009524028457219719,False
paced_30fps,12,96,4.482550080865622,0.5205210763961077,0.06210990250110626,4.544659983366728,3.2045446599368006,True,0.012377070882890527,False
paced_30fps,12,97,4.273326136171818,0.4158539231866598,0.059298472478985786,4.332624608650804,3.2376659580040723,True,0.0,False
paced_30fps,12,98,4.093517083674669,0.3343198914080858,0.05748029798269272,4.150997381657362,3.270817663986236,True,0.0,False
paced_30fps,12,99,4.1597920935601,0.3502198960632086,0.058306846767663956,4.218098940327764,3.304218098986894,True,0.0,False
paced_30fps,12,100,4.120797850191593,0.33749593421816826,0.059013720601797104,4.17981157079339,3.3375131448265165,True,0.0,False
paced_30fps,12,101,4.103615880012512,0.33390987664461136,0.05769520066678524,4.1613110806792974,3.37082797777839,True,0.0,False
paced_30fps,12,102,4.107955144718289,0.3430470824241638,0.05711894482374191,4.165074089542031,3.4041650739964098,True,0.0,False
paced_30fps,12,103,4.198194015771151,0.37806201726198196,0.05752546712756157,4.255719482898712,3.437589052831754,True,0.000793049081033909,False
paced_30fps,12,104,4.118172917515039,0.34261588007211685,0.05958438850939274,4.177757306024432,3.470844423864037,True,0.004959160576146422,False
paced_30fps,12,105,4.140506032854319,0.3478359431028366,0.05871686153113842,4.199222894385457,3.5041992228943855,True,0.009524028457219714,False
paced_30fps,12,106,4.112783120945096,0.33837812952697277,0.0590223353356123,4.171805456280708,3.5375051388982683,True,0.0,False
paced_30fps,12,107,4.121840000152588,0.336723867803812,0.05806633271276951,4.179906332865357,3.57084657298401,True,0.0,False
paced_30fps,12,108,4.103175131604075,0.33998116850852966,0.058010686188936234,4.161185817793012,3.6041611859109253,True,0.0,False
paced_30fps,12,109,4.11400618031621,0.33733597956597805,0.05815550684928894,4.172161687165499,3.6375054949894547,True,0.0,False
paced_30fps,12,110,4.098596051335335,0.33536204136908054,0.05844119004905224,4.157037241384387,3.6708237039856613,True,0.0,False
paced_30fps,12,111,4.1953090112656355,0.39810012094676495,0.05778484046459198,4.2530938517302275,3.704253093805164,True,0.0,False
paced_30fps,12,112,4.560246132314205,0.3862080629914999,0.06383145228028297,4.624077584594488,3.737957410980016,True,0.0,False
paced_30fps,12,113,4.748020088300109,0.4050629213452339,0.06583030335605145,4.81385039165616,3.7714805169962347,True,0.0026767266356097844,False
paced_30fps,12,114,4.432776011526585,0.38608815521001816,0.0626987311989069,4.4954747427254915,3.8044954747892916,True,0.007241594516683075,False
paced_30fps,12,115,4.224142991006374,0.35598105750977993,0.05995854735374451,4.284101538360119,3.8376174347940832,True,0.011806462397756366,False
paced_30fps,12,116,4.344731103628874,0.43496000580489635,0.06057415157556534,4.405305255204439,3.871071971952915,True,0.016371330278829657,False
paced_30fps,12,117,4.825948039069772,0.3552499692887068,0.059416983276605606,4.885365022346377,3.904885364929214,True,0.020936198159902948,False
paced_30fps,12,118,4.234794061630964,0.3862581215798855,0.05882047116756439,4.293614532798529,3.937626947881654,True,0.023218632100439597,False
paced_30fps,12,119,4.253037041053176,0.41633518412709236,0.05988823249936104,4.312925273552537,3.970979591831565,True,0.02550106604097624,False
paced_30fps,12,120,4.118633922189474,0.34605199471116066,0.058209989219903946,4.176843911409378,4.004176843911409,True,0.027783499981512885,False
paced_30fps,12,121,4.1013420559465885,0.3378470428287983,0.057913362979888916,4.159255418926477,4.037492588860914,True,0.03006593392204953,False
paced_30fps,12,122,4.177965922281146,0.350029906257987,0.059141311794519424,4.2371072340756655,4.07090377388522,True,0.03234836786258618,False
paced_30fps,12,123,4.326656926423311,0.4345888737589121,0.061750877648591995,4.388407804071903,4.104388407897204,True,0.03463080180312283,False
paced_30fps,12,124,4.557591862976551,0.5137789994478226,0.061234692111611366,4.618826555088162,4.137952159857377,True,0.03691323574365946,False
paced_30fps,12,125,4.1818139143288136,0.3556499723345041,0.05838414654135704,4.240198060870171,4.170906864805147,True,0.03919566968419611,False
paced_30fps,12,126,4.133681999519467,0.3465129993855953,0.0584898516535759,4.192171851173043,4.204192171804607,True,0.04147810362473276,False
paced_30fps,12,127,4.140565870329738,0.3433569800108671,0.05810358561575413,4.198669455945492,4.237532002851367,True,0.04147810362473276,False
paced_30fps,12,128,4.114136099815369,0.3405821043998003,0.05855923518538475,4.172695335000753,4.270839361939579,True,0.04147810362473276,False
paced_30fps,12,129,4.192292923107743,0.37640007212758064,0.05894480273127556,4.251237725839019,4.304251237772405,True,0.04147810362473276,False
paced_30fps,12,130,4.490615101531148,0.5035391077399254,0.06288755685091019,4.553502658382058,4.337886835914105,True,0.04147810362473276,False
paced_30fps,12,131,4.834594205021858,0.3373262006789446,0.058734090998768806,4.893328296020627,4.371559994993731,True,0.04147810362473276,False
paced_30fps,12,132,4.105409840121865,0.3438789863139391,0.059240031987428665,4.164649872109294,4.404164649778977,True,0.04147810362473276,False
paced_30fps,12,133,4.202072042971849,0.3851859364658594,0.05846354179084301,4.2605355847626925,4.437593868933618,True,0.04147810362473276,False
paced_30fps,12,134,4.512888146564364,0.41613494977355003,0.059901271015405655,4.57278941757977,4.471239455975592,True,0.04147810362473276,False
paced_30fps,12,135,4.108645021915436,0.34355814568698406,0.1912037841975689,4.299848806113005,4.504299848806113,True,0.04147810362473276,False
paced_30fps,12,136,4.466840997338295,0.5097209941595793,0.060802558436989784,4.527643555775285,4.537860976997763,True,0.04147810362473276,False
paced_30fps,12,137,4.756908165290952,0.43388805352151394,0.069744186475873,4.826652351766825,4.5714933190029114,True,0.04147810362473276,False
paced_30fps,12,138,5.03977108746767,0.4138599615544081,0.0647897832095623,5.104560870677233,4.6051045609638095,True,0.04147810362473276,False
paced_30fps,12,139,4.852097015827894,0.41292794048786163,0.06559654138982296,4.917693557217717,4.638251026859507,True,0.04147810362473276,False
paced_30fps,12,140,5.192348035052419,0.3948539961129427,0.0617241021245718,5.2540721371769905,4.671920738881454,True,0.04147810362473276,False
paced_30fps,12,141,4.254200030118227,0.36457693204283714,0.0598859041929245,4.3140859343111515,4.704314085887745,True,0.011119054001062806,False
paced_30fps,12,142,4.336254904046655,0.43020094744861126,0.06071152165532112,4.396966425701976,4.7377302998211235,True,0.009431778845542235,False
paced_30fps,12,143,5.170097108930349,0.47498499043285847,0.06956327706575394,5.239660385996103,4.771906326990575,True,0.008339662475037741,False
paced_30fps,12,144,5.3438839968293905,0.5691430997103453,0.06568082608282566,5.409564822912216,4.805409564869478,True,0.00784270488954932,False
paced_30fps,12,145,5.1578429993242025,0.4270551726222038,0.06330152973532677,5.221144529059529,4.838554477784783,True,0.007940906089076976,False
paced_30fps,12,146,5.000636912882328,0.417026923969388,0.0628551933914423,5.06349210627377,4.8717301588039845,True,0.008634266073620694,False
paced_30fps,12,147,4.224925069138408,0.37979590706527233,0.06260001100599766,4.287525080144405,4.904287524987012,True,0.0,False
paced_30fps,12,148,5.816273856908083,0.4853149875998497,0.06663263775408268,5.882906494662166,4.9392162398435175,True,0.0,False
paced_30fps,12,149,5.222724983468652,0.4664489533752203,0.06850133650004864,5.2912263199687,4.971957892877981,True,0.0,False
paced_30fps,12,150,4.690572153776884,0.4057150799781084,0.06745383143424988,4.758025985211134,5.004758025985211,True,0.029807605352007063,False
paced_30fps,12,151,5.555022042244673,0.45281415805220604,0.06706733256578445,5.622089374810457,5.038955422816798,True,0.01406880972929872,False
paced_30fps,12,152,4.941985942423344,0.46435510739684105,0.06934721022844315,5.011333152651787,5.071677999803796,True,0.017469619529439158,False
paced_30fps,12,153,4.936124896630645,0.508457887917757,0.06800983101129532,5.00413472764194,5.105004134820774,True,0.004475155107272111,False
paced_30fps,12,154,5.945278098806739,0.49282913096249104,0.06683147512376308,6.012109573930502,5.13934544287622,True,0.014883446053538515,False
paced_30fps,12,155,4.554626997560263,0.4899140913039446,0.06666616536676884,4.6212931629270315,5.171287959907204,True,0.003506772598550485,False
paced_30fps,12,156,4.537863889709115,0.4595760256052017,0.06354600191116333,4.601409891620278,5.204601409845054,True,0.00956416876904277,False
paced_30fps,12,157,5.200743908062577,0.39578601717948914,0.06629549898207188,5.267039407044649,5.238600372802466,True,0.0,False
paced_30fps,12,158,4.340131999924779,0.4293099045753479,0.06109033711254597,4.401222337037325,5.271067888941616,True,0.005258227865617003,False
paced_30fps,12,159,4.310766933485866,0.42961002327501774,0.06305892020463943,4.373825853690505,5.304373825900257,True,0.0,False
paced_30fps,12,160,4.2774430476129055,0.4220549017190933,0.06048963405191898,4.3379326816648245,5.337671265937388,True,0.0,False
paced_30fps,12,161,4.125948064029217,0.33552292734384537,0.05905120633542538,4.184999270364642,5.370851665968075,True,0.008864696854267407,False
paced_30fps,12,162,4.175490932539105,0.34707412123680115,0.058745965361595154,4.234236897900701,5.404234236804768,True,0.014854594750270428,False
paced_30fps,12,163,4.10808390006423,0.33179507590830326,0.0586705282330513,4.166754428297281,5.437500087777153,True,0.0021874185711186194,False
paced_30fps,12,164,4.22260002233088,0.4053739830851555,0.06132037378847599,4.283920396119356,5.470950586954132,True,0.0,False
paced_30fps,12,165,4.130437038838863,0.34130411222577095,0.0597718171775341,4.1902088560163975,5.504190208856016,True,0.008203350556803627,False
paced_30fps,12,166,4.119887016713619,0.3339499235153198,0.058434437960386276,4.1783214546740055,5.537511654896662,True,0.05630344277472239,False
paced_30fps,12,167,4.106421023607254,0.3332379274070263,0.058149220421910286,4.164570244029164,5.570831236895174,True,0.04433114605040357,False
paced_30fps,12,168,4.198394948616624,0.40861102752387524,0.0604577362537384,4.258852684870362,5.604258852778003,True,0.047184188476074376,False
paced_30fps,12,169,4.110448062419891,0.335402088239789,0.05883048288524151,4.169278545305133,5.637502611847594,True,0.05003723090174519,False
paced_30fps,12,170,4.208433907479048,0.38424390368163586,0.0585741363465786,4.267008043825626,5.6709336747881025,True,0.05289027332741597,False
paced_30fps,12,171,4.238179884850979,0.41706603951752186,0.05942094139754772,4.297600826248527,5.704297600779682,True,0.13505789518673522,False
paced_30fps,12,172,4.2080332059413195,0.41189719922840595,0.05990639328956604,4.2679395992308855,5.737601272994652,True,0.1310636357907961,False
paced_30fps,12,173,4.399843979626894,0.3766098525375128,0.06317836232483387,4.463022341951728,5.77112968894653,True,0.1274248520014359,False
paced_30fps,12,174,4.284407012164593,0.4191210027784109,0.06037694402039051,4.344783956184983,5.804344784002751,True,0.12307511699891786,False
paced_30fps,12,175,4.273244878277183,0.4146709106862545,0.060362741351127625,4.33360761962831,5.837666940875351,True,0.11908085760297873,False
paced_30fps,12,176,4.225776065140963,0.41615497320890427,0.060066115111112595,4.285842180252075,5.870952508877963,True,0.11917475900433717,False
paced_30fps,12,177,4.197313217446208,0.37016812711954117,0.059499870985746384,4.256813088431954,5.9042568129953,True,0.1624376333743739,False
paced_30fps,12,178,4.1444620583206415,0.343838008120656,0.058914534747600555,4.203376593068242,5.937536709941924,True,0.11142768812177141,False
paced_30fps,12,179,4.229864105582237,0.34096301533281803,0.05918927490711212,4.289053380489349,5.970955719938502,True,0.11674257153287124,False
paced_30fps,12,180,5.9197701048105955,0.5196400452405214,0.06288080476224422,5.98265090957284,6.005982650909573,True,0.12038568645619559,False
paced_30fps,12,181,4.130216082558036,0.3436179831624031,0.05772639997303486,4.187942482531071,6.037521275924519,True,0.11465289310395063,False
paced_30fps,12,182,4.17143409140408,0.3494389820843935,0.05900324322283268,4.230437334626913,6.0708971039857715,True,0.11612749203415958,False
paced_30fps,12,183,4.164400976151228,0.354147981852293,0.05831685848534107,4.222717834636569,6.104222717927769,True,0.11322503449111068,False
paced_30fps,12,184,4.80912602506578,0.40725781582295895,0.061648664996027946,4.870774690061808,6.138204107992351,True,0.08939642822596063,False
paced_30fps,12,185,4.233752144500613,0.40024518966674805,0.05866703577339649,4.29241918027401,6.170959085924551,True,0.03696159239494202,False
paced_30fps,12,186,4.194487119093537,0.35065109841525555,0.05847192369401455,4.252959042787552,6.204252958996221,True,0.027856406932677356,False
paced_30fps,12,187,4.156806040555239,0.3506408538669348,0.0593685545027256,4.216174595057964,6.2375495079904795,True,0.021058205710831248,False
paced_30fps,12,188,4.137601004913449,0.34534209407866,0.05892221815884113,4.19652322307229,6.270863189827651,True,0.01485516327400121,False
paced_30fps,12,189,4.130918066948652,0.34708413295447826,0.05974876694381237,4.190666833892465,6.304190666880459,True,0.023014790216571598,False
paced_30fps,12,190,4.105169093236327,0.3389189951121807,0.05903257988393307,4.16420167312026,6.337497534928843,True,0.014013757541684739,False
paced_30fps,12,191,4.096271935850382,0.33742585219442844,0.05793524906039238,4.154207184910774,6.3708208738826215,True,0.005651032663727629,False
paced_30fps,12,192,4.205378005281091,0.37695118226110935,0.05771988071501255,4.263097885996103,6.404263097792864,True,0.0203455030657745,False
paced_30fps,12,193,4.099078010767698,0.33929990604519844,0.05774456076323986,4.156822571530938,6.437490155920386,True,0.014191561228708295,False
paced_30fps,12,194,4.116951022297144,0.3418540582060814,0.05792034789919853,4.1748713701963425,6.470841537928209,True,0.009227936961674222,False
paced_30fps,12,195,4.116399912163615,0.34661288373172283,0.05790498107671738,4.174304893240333,6.50417430489324,True,0.005700133263491459,False
paced_30fps,12,196,4.202383104711771,0.3944940399378538,0.05747843533754349,4.2598615400493145,6.537593194982037,True,0.003859604720829229,False
paced_30fps,12,197,4.118724027648568,0.3416340332478285,0.05738413892686367,4.176108166575432,6.57084277481772,True,0.003209393748199186,False
paced_30fps,12,198,4.11388510838151,0.34427898935973644,0.057548750191926956,4.171433858573437,6.604171433951706,True,0.00374950034560126,False
paced_30fps,12,199,4.125918028876185,0.33878907561302185,0.05746353417634964,4.183381563052535,6.637516714865342,True,0.018063069125237852,False
paced_30fps,12,200,4.117230884730816,0.3409020137041807,0.05776924081146717,4.175000125542283,6.670841666869819,True,0.00972489454716266,False
paced_30fps,12,201,4.2203261982649565,0.4170360043644905,0.05857483483850956,4.278901033103466,6.704278900986537,True,0.002871641137702564,False
paced_30fps,12,202,4.119375953450799,0.3414340317249298,0.05742744542658329,4.176803398877382,6.737510136794299,True,0.0011037728038079924,False
paced_30fps,12,203,4.116761032491922,0.3413229715079069,0.05813431926071644,4.174895351752639,6.770841561956331,True,0.0,False
paced_30fps,12,204,4.114086041226983,0.3443090245127678,0.05776784382760525,4.171853885054588,6.804171853931621,True,0.0,False
paced_30fps,12,205,4.5463209971785545,0.3776419907808304,0.06014760583639145,4.606468603014946,6.837939801858738,True,0.0,False
paced_30fps,12,206,4.546290030702949,0.4766681231558323,0.06388011388480663,4.610170144587755,6.8712768368422985,True,0.0,False
paced_30fps,12,207,4.840936046093702,0.5107829347252846,0.0647660344839096,4.905702080577612,6.904905701987445,True,0.004959160576146427,False
paced_30fps,12,208,4.838661989197135,0.4716489929705858,0.06783660501241684,4.906498594209552,6.938239831943065,True,0.010094636942353883,False
paced_30fps,12,209,5.061751930043101,0.38955407217144966,0.06322329863905907,5.12497522868216,6.9717916417866945,True,0.03836408765563251,False
paced_30fps,12,210,4.8424790147691965,0.4895031452178955,0.06647384725511074,4.908952862024307,7.004908952862024,True,0.06632877322411924,False
paced_30fps,12,211,7.559341145679355,0.5072460044175386,0.06812135688960552,7.62746250256896,7.040960795944557,True,0.02257437271565969,False
paced_30fps,12,212,5.270024994388223,0.7399148307740688,0.06981031037867069,5.339835304766893,7.0720065019559115,True,0.0571161148254012,False
paced_30fps,12,213,4.333899822086096,0.3814289811998606,0.060567865148186684,4.3944676872342825,7.1043944677803665,True,0.07521628072811157,False
paced_30fps,12,214,4.320275038480759,0.406085979193449,0.06192456930875778,4.3821996077895164,7.137715532910079,True,0.0864496788239155,False
paced_30fps,12,215,4.3278587982058525,0.4326959606260061,0.06062723696231842,4.388486035168171,7.171055152779445,True,0.0714184227146766,False
paced_30fps,12,216,4.217670997604728,0.36767288111150265,0.05910894833505154,4.276779945939779,7.204276779899374,True,0.08233068706457414,False
paced_30fps,12,217,4.221518989652395,0.35673310048878193,0.058973440900444984,4.28049243055284,7.237613825825974,True,0.1053082297150996,False
paced_30fps,12,218,4.223691998049617,0.3915878478437662,0.05861837416887283,4.28231037221849,7.270948976976797,True,0.03691323574365946,False
paced_30fps,12,219,4.151616944000125,0.35452889278531075,0.05777087062597275,4.209387814626098,7.304209387861192,True,0.056018351877822996,False
paced_30fps,12,220,4.204695811495185,0.4183878190815449,0.05890871398150921,4.263604525476694,7.3375969377812,True,0.028329558166765134,False
paced_30fps,12,221,4.112533060833812,0.34478004090487957,0.057350145652890205,4.169883206486702,7.3708365499041975,True,0.028354108466647043,False
paced_30fps,12,222,4.207883030176163,0.40791905485093594,0.05735503509640694,4.26523806527257,7.40426523797214,True,0.028924716951781212,False
paced_30fps,12,223,4.123753868043423,0.3444589674472809,0.05706958472728729,4.18082345277071,7.437514156801626,True,0.02949532543691537,False
paced_30fps,12,224,4.116098862141371,0.3439879510551691,0.05795643664896488,4.174055298790336,7.470840721856803,True,0.03006593392204953,False
paced_30fps,12,225,4.180761054158211,0.3629140555858612,0.05742977373301983,4.238190827891231,7.504238190827891,True,0.01977043088975271,False
paced_30fps,12,226,4.262756090611219,0.42055314406752586,0.060239341109991074,4.3229954317212105,7.537656328873709,True,0.02036558967476879,False
paced_30fps,12,227,4.1074929758906364,0.3425360191613436,0.057449331507086754,4.164942307397723,7.570831608958542,True,0.021506806645037107,False
paced_30fps,12,228,4.21904306858778,0.42984005995094776,0.05972874350845814,4.278771812096238,7.6042787719052285,True,0.03357746360531018,False
paced_30fps,12,229,4.1223110165447,0.3434969112277031,0.057539669796824455,4.179850686341524,7.637513183988631,True,0.023789240585573756,False
paced_30fps,12,230,4.241185029968619,0.41942112147808075,0.05927705205976963,4.300462082028389,7.670967128826305,True,0.0260716745261104,False
paced_30fps,12,231,4.114456940442324,0.3475260455161333,0.05710800178349018,4.171564942225814,7.70417156489566,True,0.028354108466647043,False
paced_30fps,12,232,4.129575099796057,0.3432868979871273,0.0572234857827425,4.186798585578799,7.737520131981,True,0.02949532543691537,False
paced_30fps,12,233,4.112561931833625,0.34016091376543045,0.05701836198568344,4.169580293819308,7.770836246898398,True,0.030636542407183692,False
paced_30fps,12,234,4.225085023790598,0.4210839979350567,0.05831476300954819,4.283399786800146,7.804283399833366,True,0.031777759377452024,False
paced_30fps,12,235,4.1225210297852755,0.34284614957869053,0.05737855099141598,4.179899580776691,7.8375132328365,True,0.03291897634772034,False
paced_30fps,12,236,4.158508963882923,0.3478548023849726,0.05771429277956486,4.216223256662488,7.870882889954373,True,0.03406019331798866,False
paced_30fps,12,237,4.098706878721714,0.34583196975290775,0.057829078286886215,4.1565359570086,7.904156535863876,True,0.03520141028825699,False
paced_30fps,12,238,4.118925193324685,0.34283706918358803,0.06270245648920536,4.1816276498138905,7.937514960998669,True,0.03634262725852531,False
paced_30fps,12,239,4.132469883188605,0.34470995888113976,0.057668425142765045,4.19013830833137,7.970856804866344,True,0.03748384422879364,False
paced_30fps,12,240,4.1249459609389305,0.34721498377621174,0.05760299973189831,4.182548960670829,8.00418254896067,True,0.012579424869795994,False
paced_30fps,12,241,4.133010981604457,0.3413830418139696,0.05742744542658329,4.19043842703104,8.037523771869019,True,0.012033366684543748,False
paced_30fps,12,242,4.139503929764032,0.3471449017524719,0.5261353217065334,4.665639251470566,8.071332305902615,True,0.012082467284307574,False
paced_30fps,12,243,4.357113968580961,0.4269250202924013,0.06102374754846096,4.418137716129422,8.104418137809262,True,0.014347374014732761,False
paced_30fps,12,244,6.054943893104792,0.5534328520298004,0.0650966539978981,6.12004054710269,8.139453373849392,True,0.03268543671127159,False
paced_30fps,12,245,4.5186481438577175,0.5205310881137848,0.0624160747975111,4.581064218655229,8.171247730962932,True,0.020934570144985478,False
paced_30fps,12,246,4.416364943608642,0.4161850083619356,0.0581229105591774,4.474487854167819,8.204474487807602,True,0.01751254724909798,False
paced_30fps,12,247,4.1321690659970045,0.3419038839638233,0.059911515563726425,4.192080581560731,8.237525413976982,True,0.019224372704500465,False
paced_30fps,12,248,4.215727094560862,0.40151714347302914,0.05995621904730797,4.2756833136081696,8.270942349918187,True,0.039550263130451235,False
paced_30fps,12,249,4.119436023756862,0.3444401081651449,0.057365745306015015,4.176801769062877,8.304176801815629,True,0.14734848375991996,False
paced_30fps,12,250,4.184789024293423,0.4017171449959278,0.058222562074661255,4.243011586368084,8.337576344842091,True,0.13399797843848635,False
paced_30fps,12,251,4.234412917867303,0.3978000022470951,0.0582071952521801,4.292620113119483,8.37095928681083,True,0.09560747182511824,False
paced_30fps,12,252,4.438686883077025,0.4430550616234541,0.05999603308737278,4.498682916164398,8.404498682823032,True,0.15014757496437162,False
paced_30fps,12,253,4.179339157417417,0.35114213824272156,0.05865748971700668,4.237996647134423,8.43757132999599,True,0.1867896152375229,False
paced_30fps,12,254,4.162888042628765,0.3433378878980875,0.05867239087820053,4.221560433506966,8.47088822699152,True,0.09697639328665059,False
paced_30fps,12,255,4.15020389482379,0.34447992220520973,0.05856691859662533,4.208770813420415,8.50420877081342,True,0.13975714054559413,False
paced_30fps,12,256,5.919710034504533,0.5482439883053303,0.06522447802126408,5.984934512525797,8.539318267954513,True,0.12800824253525528,False
paced_30fps,12,257,4.857115913182497,0.3935119602829218,0.06136228330433369,4.918478196486831,8.571585144847631,True,0.09800879066981488,False
paced_30fps,12,258,4.615610931068659,0.4399889148771763,0.06108684465289116,4.67669777572155,8.604676697868854,True,0.08068018835900871,False
paced_30fps,12,259,4.6361100394278765,0.43503008782863617,0.06048055365681648,4.696590593084693,8.638029923895374,True,0.14134105130832375,False
paced_30fps,12,260,4.867395153269172,0.3749770112335682,0.0592630822211504,4.926658235490322,8.671593324979767,True,0.15487688886175272,False
paced_30fps,12,261,4.479655064642429,0.38596801459789276,0.06301491521298885,4.542669979855418,8.70454266993329,True,0.1388581642757914,False
paced_30fps,12,262,4.635708872228861,0.4259929992258549,0.06454251706600189,4.700251389294863,8.738033584784716,True,0.14781701088261467,False
paced_30fps,12,263,4.4509300496429205,0.4451789427548647,0.061732251197099686,4.51266230084002,8.771179328905419,True,0.13696170119715753,False
paced_30fps,12,264,4.395606927573681,0.4431649576872587,0.06124586798250675,4.456852795556188,8.804456852842122,True,0.13988713543546585,False
paced_30fps,12,265,4.2800079099833965,0.3581650089472532,0.05955761298537254,4.339565522968769,8.837672898778692,True,0.10417596733815901,False
paced_30fps,12,266,6.465317914262414,0.47292187809944153,0.06269826553761959,6.528016179800034,8.87319468287751,True,0.05976655221313143,False
paced_30fps,12,267,4.830715944990516,0.4942510277032852,0.06660097278654575,4.8973169177770615,8.904897316824645,True,0.11880497726461813,False
paced_30fps,12,268,5.118269007652998,0.4569920711219311,0.06849854253232479,5.186767550185323,8.93852010089904,True,0.10748448666991522,False
paced_30fps,12,269,6.40542502515018,0.5811948794871569,0.06900541484355927,6.474430439993739,8.973141096998006,True,0.078282539927437,False
paced_30fps,12,270,4.499000962823629,0.43711415491998196,0.06207684054970741,4.561077803373337,9.004561077803373,True,0.12558950467525964,False
paced_30fps,12,271,4.613226978108287,0.44451793655753136,0.06444542668759823,4.677672404795885,9.038011005846784,True,0.13381541683886733,False
paced_30fps,12,272,4.635968944057822,0.3889231011271477,0.06571318954229355,4.701682133600116,9.071368348784745,True,0.13519362140267363,False
paced_30fps,12,273,4.905167035758495,0.5700539331883192,0.06857374683022499,4.97374078258872,9.104973740875721,True,0.14813423446929724,False
paced_30fps,12,274,4.559124121442437,0.4389469977468252,0.06110453978180885,4.620228661224246,9.137953561963513,True,0.19562355617722368,False
paced_30fps,12,275,4.224192816764116,0.3574038855731487,0.06067822687327862,4.284871043637395,9.170951537787914,True,0.2710437710089256,False
paced_30fps,12,276,4.216499160975218,0.3601391799747944,0.0602018553763628,4.276701016351581,9.204276700969785,True,0.22375269100033746,False
paced_30fps,12,277,4.238660214468837,0.36844401620328426,0.05878438241779804,4.297444596886635,9.237630777992308,True,0.17424664210451257,False
paced_30fps,12,278,4.255512030795217,0.4125379491597414,0.06097322329878807,4.316485254094005,9.270983151858672,True,0.2104584578405179,False
paced_30fps,12,279,4.178297007456422,0.38848305121064186,0.060025835409760475,4.238322842866182,9.304238322889432,True,0.12873192943997835,False
paced_30fps,12,280,4.105560015887022,0.3366549499332905,0.05760672502219677,4.163166740909219,9.337496499996632,True,0.15368633652763944,False
paced_30fps,12,281,4.198634997010231,0.3736040089279413,0.057170167565345764,4.255805164575577,9.370922471862286,True,0.15868140305670916,False
paced_30fps,12,282,4.107664106413722,0.33976114355027676,0.057034892961382866,4.164698999375105,9.404164698906243,True,0.15484804274261021,False
paced_30fps,12,283,4.106651991605759,0.3326169680804014,0.05698949098587036,4.163641482591629,9.437496974831447,True,0.18714033598115984,False
paced_30fps,12,284,4.662308841943741,0.4469419363886118,0.06467942148447037,4.726988263428211,9.47139365482144,True,0.2391456509876825,False
paced_30fps,12,285,4.465298028662801,0.45797391794621944,0.07327995263040066,4.5385779812932014,9.504538577981293,True,0.2509352480629536,False
paced_30fps,12,286,4.343376960605383,0.43330597691237926,0.0738364178687334,4.417213378474116,9.537750546820462,True,0.2225006866336193,False
paced_30fps,12,287,4.134625196456909,0.3435080870985985,0.060415128245949745,4.195040324702859,9.570861706975847,True,0.14073024377282542,False
paced_30fps,12,288,4.1365670040249825,0.3506310749799013,0.05820672959089279,4.194773733615875,9.604194773826748,True,0.2175536548176183,False
paced_30fps,12,289,4.128842847421765,0.3435669932514429,0.05822163075208664,4.187064478173852,9.637520397780463,True,0.1322198081529201,False
paced_30fps,12,290,4.108274821192026,0.3377269022166729,0.059478217735886574,4.167753038927913,9.670834419783205,True,0.06703656881159949,False
paced_30fps,12,291,4.370599985122681,0.3690959420055151,0.059031881392002106,4.429631866514683,9.704429631819949,True,0.08156772024091685,False
paced_30fps,12,292,4.338228143751621,0.4069870337843895,0.0608004629611969,4.399028606712818,9.737732362002134,True,0.11122300034652641,False
paced_30fps,12,293,4.280288936570287,0.42254687286913395,0.06064539775252342,4.34093433432281,9.771007600938901,True,0.08430393588965347,False
paced_30fps,12,294,4.201570991426706,0.41417102329432964,0.0590768177062273,4.260647809132934,9.804260647855699,True,0.10560817947928579,False
paced_30fps,12,295,4.116951022297144,0.3377259708940983,0.05821068771183491,4.175161710008979,9.837508494965732,True,0.0699889175237972,False
paced_30fps,12,296,4.220746923238039,0.38773100823163986,0.05786423571407795,4.278611158952117,9.870945277856663,True,0.09955674066811675,False
paced_30fps,12,297,4.222911084070802,0.4156830254942179,0.059762969613075256,4.282674053683877,9.904282673960552,True,0.031406824674004956,False
paced_30fps,12,298,4.109888104721904,0.33499207347631454,0.057402532547712326,4.167290637269616,9.937500623986125,True,0.06309488885775466,False
paced_30fps,12,299,4.15515317581594,0.3464131150394678,0.057498225942254066,4.212651401758194,9.97087931795977,True,0.07845212712049522,False
paced_30fps,12,300,4.221006995067,0.4123779945075512,0.057632802054286,4.278639797121286,10.004278639797121,True,0.05550807080005744,False
paced_30fps,12,301,4.110538866370916,0.3314749337732792,0.05771848373115063,4.168257350102067,10.03750159079209,True,0.0,False
paced_30fps,12,302,4.219394875690341,0.35277497954666615,0.058013247326016426,4.277408123016357,10.070944074774161,True,0.0,False
paced_30fps,12,303,4.238690948113799,0.3802469000220299,0.05884980782866478,4.297540755942464,10.104297540849075,True,0.0,False
paced_30fps,12,304,4.170201951637864,0.34547201357781887,0.058453530073165894,4.22865548171103,10.137561988784,True,0.0297468831006957,False
paced_30fps,12,305,4.154792986810207,0.34134392626583576,0.05773711018264294,4.21253009699285,10.17087919684127,True,0.07271348379530829,False
paced_30fps,12,306,4.161815857514739,0.34813699312508106,0.058213016018271446,4.2200288735330105,10.204220028826967,True,0.06431281798808398,False
paced_30fps,12,307,4.229203099384904,0.38769119419157505,0.0575364101678133,4.286739509552717,10.237620072904974,True,0.045647506546777794,False
paced_30fps,12,308,4.126087995246053,0.33930898644030094,0.057762255892157555,4.18385025113821,10.270850516855717,True,0.011786375788762078,False
paced_30fps,12,309,4.260472021996975,0.42849802412092686,0.059439800679683685,4.319911822676659,10.304319911869243,True,0.015868892028646255,False
paced_30fps,12,310,4.123974125832319,0.33970107324421406,0.05780160427093506,4.181775730103254,10.337515108985826,True,0.00022095269893720912,False
paced_30fps,12,311,4.864790942519903,0.47380290925502777,0.06133317947387695,4.92612412199378,10.371592790819705,True,0.008640697478496348,False
paced_30fps,12,312,4.801550880074501,0.38274098187685013,0.06378302350640297,4.865333903580904,10.404865333810449,True,0.0,False
paced_30fps,12,313,4.346683854237199,0.36137085407972336,0.059950631111860275,4.406634485349059,10.437739967834204,True,0.0933283029517248,False
paced_30fps,12,314,5.001759855076671,0.44681294821202755,0.061387429013848305,5.063147284090519,10.471729813842103,True,0.013787785287254176,False
paced_30fps,12,315,4.394645104184747,0.4576330538839102,0.06324588321149349,4.45789098739624,10.504457890987396,True,0.05998844095875804,False
paced_30fps,12,316,4.467601887881756,0.3809579648077488,0.062088482081890106,4.529690369963646,10.537863023811951,True,0.03649835267859135,False
paced_30fps,12,317,4.351333016529679,0.37339399568736553,0.060821184888482094,4.412154201418161,10.571078820852563,True,0.035258588453278346,False
paced_30fps,12,318,4.437485942617059,0.4220160190016031,0.06031477823853493,4.497800720855594,10.604497800813988,True,0.0,False
paced_30fps,12,319,4.955842159688473,0.4624011926352978,0.06644148379564285,5.022283643484116,10.638355616945773,True,0.0029399248444212604,False
paced_30fps,12,320,4.361120983958244,0.3735439386218786,0.05998415872454643,4.421105142682791,10.67108777188696,True,0.0,False
paced_30fps,12,321,4.336704965680838,0.37344382144510746,0.05887704901397228,4.39558201469481,10.704395581968129,True,0.0,False
paced_30fps,12,322,4.288323922082782,0.3603198565542698,0.05854060873389244,4.346864530816674,10.737680197926238,True,0.0,False
paced_30fps,12,323,4.714336944743991,0.3860779106616974,0.060239341109991074,4.774576285853982,10.771441242890432,True,0.0,False
paced_30fps,12,324,5.945869022980332,0.4157440271228552,0.06631482392549515,6.0121838469058275,10.806012183893472,True,0.0,False
paced_30fps,12,325,6.29922398366034,0.5006829742342234,0.07376470603048801,6.372988689690828,10.839706321945414,True,0.002086031541481333,False
paced_30fps,12,326,4.867756040766835,0.40640588849782944,0.0662852544337511,4.934041295200586,10.871600707992911,True,0.0,False
paced_30fps,12,327,5.5750899482518435,0.4893930163234472,0.06603891961276531,5.641128867864609,10.905641128774732,True,0.0,False
paced_30fps,12,328,4.703255835920572,0.3956358414143324,0.06524263881146908,4.768498474732041,10.938101831823587,True,0.012356984273896237,False
paced_30fps,12,329,4.459928022697568,0.379796139895916,0.5272382404655218,4.98716626316309,10.971653832821175,True,0.006104841237302375,False
paced_30fps,12,330,4.677177872508764,0.403751851990819,0.06477092392742634,4.741948796436191,11.004741948796436,True,0.0004478569857245905,False
paced_30fps,12,331,4.408439854159951,0.43603195808827877,0.062331557273864746,4.470771411433816,11.037804104853421,True,0.037463757619799344,False
paced_30fps,12,332,4.476297879591584,0.3917878493666649,0.06268732249736786,4.538985202088952,11.071205651853234,True,0.02892918064266883,False
paced_30fps,12,333,4.569814074784517,0.3918181173503399,0.07677869871258736,4.646592773497105,11.10464659286663,True,0.020989762450554405,False
paced_30fps,12,334,4.743091994896531,0.4606279544532299,0.06223563104867935,4.8053276259452105,11.138138660928234,True,0.013645503043456042,False
paced_30fps,12,335,5.506249843165278,0.5061440169811249,0.06399420090019703,5.5702440440654755,11.172236910788342,True,0.0351813236792627,False
paced_30fps,12,336,4.405334824696183,0.40682684630155563,0.0634780153632164,4.4688128400594,11.204468812793493,True,0.026646746702132188,False
paced_30fps,12,337,5.084494827315211,0.3761090338230133,0.06044656038284302,5.144941387698054,11.23847827478312,True,0.018854630309309242,False
paced_30fps,12,338,4.789178026840091,0.3928800579160452,0.06446917541325092,4.853647202253342,11.271520313806832,True,0.01225283148651844,False
paced_30fps,12,339,5.495409015566111,0.4605380818247795,0.06360281258821487,5.5590118281543255,11.30555901187472,True,0.006841350233759794,False
paced_30fps,12,340,4.35918802395463,0.4204430151730776,0.06288569420576096,4.422073718160391,11.337755406973884,True,0.0037614035213016047,False
paced_30fps,12,341,4.685994004830718,0.41110487654805183,0.061277300119400024,4.747271304950118,11.37141393800266,True,0.0017244725795840864,False
paced_30fps,12,342,4.90601803176105,0.4190201871097088,0.061753904446959496,4.96777193620801,11.404967771843076,True,0.000626404621229418,False
paced_30fps,12,343,4.450570093467832,0.4624009598046541,0.06238953210413456,4.512959625571966,11.437846292974427,True,0.0007186542329069019,False
paced_30fps,12,344,5.149277159944177,0.4075679462403059,0.06717327050864697,5.216450430452824,11.471883116988465,True,0.0020012214146165356,False
paced_30fps,12,345,7.525956956669688,0.587747897952795,0.207151984795928,7.733108941465616,11.507733108941466,True,0.006333233421052289,False
paced_30fps,12,346,4.914914956316352,0.5867760628461838,0.06590038537979126,4.980815341696143,11.538314148783684,True,0.04547236302067189,False
paced_30fps,12,347,5.931560881435871,0.5942699499428272,0.06730831228196621,5.998869193717837,11.572665535844862,True,0.049466622416611025,False
paced_30fps,12,348,5.317013012245297,0.5810549482703209,0.06695184856653214,5.38396486081183,11.605383964953944,True,0.05346088181255016,False
paced_30fps,12,349,7.222044048830867,0.5474921781569719,0.06720749661326408,7.289251545444131,11.640622584847733,True,0.05574331575308681,False
paced_30fps,12,350,5.785305984318256,0.5002128891646862,0.07085921242833138,5.856165196746588,11.672522831941023,True,0.05802574969362346,False
paced_30fps,12,351,4.644745960831642,0.4643150605261326,0.06867991760373116,4.713425878435373,11.70471342583187,True,0.06030818363416011,False
paced_30fps,12,352,4.3476358987390995,0.4302910529077053,0.06146053783595562,4.409096436575055,11.737742429831997,True,0.06030818363416011,False
paced_30fps,12,353,4.151245811954141,0.3446699120104313,0.05918135866522789,4.2104271706193686,11.770877093775198,True,0.06030818363416011,False
paced_30fps,12,354,6.061536958441138,0.5103820003569126,0.0612097792327404,6.122746737673879,11.80612274678424,True,0.06030818363416011,False
paced_30fps,12,355,4.263828042894602,0.3558110911399126,0.06054365076124668,4.3243716936558485,11.837657704949379,True,0.06030818363416011,False
paced_30fps,12,356,5.25865308009088,0.3464631736278534,0.059717101976275444,5.318370182067156,11.871985036879778,True,0.05859635817875762,False
paced_30fps,12,357,4.1302458848804235,0.34994003362953663,0.05949102342128754,4.189736908301711,11.90418973681517,True,0.05688453272335514,False
paced_30fps,12,358,4.116490017622709,0.3428871277719736,0.05822349339723587,4.174713511019945,11.937508046859875,True,0.029127070938686665,False
paced_30fps,12,359,4.214244894683361,0.34604291431605816,0.06044236943125725,4.274687264114618,11.970941353822127,True,0.026298578812897766,False
paced_30fps,12,360,4.209245089441538,0.3586460370570421,0.06090779788792133,4.270152887329459,12.00427015288733,True,0.06992534862494716,False
paced_30fps,12,361,4.148400155827403,0.3465530462563038,0.8600594010204077,5.008459556847811,12.038341792998835,True,0.06213335027078022,False
paced_30fps,12,362,4.562100162729621,0.5497760139405727,0.06729015149176121,4.629390314221382,12.071296056965366,True,0.038041058273427894,False
paced_30fps,12,363,4.195638932287693,0.3603789955377579,0.060241902247071266,4.255880834534764,12.104255880927667,True,0.04886112994655677,False
paced_30fps,12,364,4.732782021164894,0.390827190130949,0.06281048990786076,4.795592511072755,12.138128925813362,True,0.056304901235836445,False
paced_30fps,12,365,4.218491958454251,0.35380711778998375,0.08093006908893585,4.299422027543187,12.17096608877182,True,0.09862987409862364,False
paced_30fps,12,366,4.168228013440967,0.34800590947270393,0.059233978390693665,4.22746199183166,12.204227461945266,True,0.08337360845170844,False
paced_30fps,12,367,4.196620779111981,0.3454608377069235,0.0583576038479805,4.254978382959962,12.237588311778381,True,0.04607989345251968,False
paced_30fps,12,368,4.333588993176818,0.3604399971663952,0.060215359553694725,4.393804352730513,12.271060470957309,True,0.04058176869922415,False
paced_30fps,12,369,4.255563020706177,0.3657899796962738,0.06065075285732746,4.316213773563504,12.30431621382013,True,0.07038286911548111,False
paced_30fps,12,370,4.248217912390828,0.3992919810116291,0.059193698689341545,4.30741161108017,12.337640744866803,True,0.058747528803606786,False
paced_30fps,12,371,4.127911990508437,0.338538084179163,0.05787517875432968,4.185787169262767,12.370852453866974,True,0.0,False
paced_30fps,12,372,4.099698970094323,0.3401010762900114,0.05784002132713795,4.157538991421461,12.40415753889829,True,0.0,False
paced_30fps,12,373,4.1459850035607815,0.3364440053701401,0.05792547017335892,4.20391047373414,12.43753724382259,True,0.02771645982998991,False
paced_30fps,12,374,4.588118987157941,0.5441659595817327,0.06485334597527981,4.652972333133221,12.471319638891146,True,0.024500036951861495,False
paced_30fps,12,375,7.024992955848575,0.5586729384958744,0.06604986265301704,7.091042818501592,12.507091042818502,True,0.06231414681105818,False
paced_30fps,12,376,4.173276945948601,0.34690392203629017,0.06107543595135212,4.234352381899953,12.537567685823888,True,0.035878853209214266,False
paced_30fps,12,377,4.132099915295839,0.3373159561306238,0.05875527858734131,4.190855193883181,12.570857521845028,True,0.06966847411280847,False
paced_30fps,12,378,4.43564192391932,0.3377269022166729,0.059451907873153687,4.495093831792474,12.604495093924925,True,0.0779108399374311,False
paced_30fps,12,379,5.14210294932127,0.49960194155573845,0.857561593875289,5.999664543196559,12.639332997845486,True,0.0,False
paced_30fps,12,380,4.117472097277641,0.3370551858097315,0.05957204848527908,4.17704414576292,12.67084371089004,True,0.05887127564017044,False
paced_30fps,12,381,4.140706034377217,0.34744502045214176,0.058725010603666306,4.199431044980884,12.704199430998415,True,0.08292732121742365,False
paced_30fps,12,382,4.133871989324689,0.33825705759227276,0.057878438383340836,4.19175042770803,12.73752508382313,True,0.07146041973655957,False
paced_30fps,12,383,4.128872882574797,0.34160399809479713,0.0579033512622118,4.1867762338370085,12.770853442838416,True,0.08057345133857963,False
paced_30fps,12,384,4.14390186779201,0.3466429188847542,0.058238860219717026,4.202140728011727,12.804202140774578,True,0.044042842100774166,False
paced_30fps,12,385,4.1085050906986,0.335523160174489,0.05753152072429657,4.166036611422896,12.837499369867146,True,0.11318608390900797,False
paced_30fps,12,386,4.104758147150278,0.33459998667240143,0.057557132095098495,4.162315279245377,12.870828981976956,True,0.04652795109031088,False
paced_30fps,12,387,4.110037814825773,0.34070294350385666,0.0578220933675766,4.16785990819335,12.904167859815061,True,0.05805583360186873,False
paced_30fps,12,388,4.097955068573356,0.3359729889780283,0.05741650238633156,4.155371570959687,12.937488704919815,True,0.12913288258741323,False
paced_30fps,12,389,4.215056076645851,0.4117460921406746,0.05913432687520981,4.274190403521061,12.970940856961533,True,0.1595851429422604,False
paced_30fps,12,390,4.104588180780411,0.3450301010161638,0.05787680856883526,4.162464989349246,13.00416246498935,True,0.17322796056094852,False
paced_30fps,12,391,4.107203101739287,0.33852807246148586,0.05751033313572407,4.1647134348750114,13.037498046876863,True,0.1248327006234481,False
paced_30fps,12,392,4.239752888679504,0.3876208793371916,0.058206263929605484,4.29795915260911,13.070964625803754,True,0.03663077412354659,False
paced_30fps,12,393,4.273915896192193,0.43201399967074394,0.06022583693265915,4.334141733124852,13.104334141826257,True,0.01207267525888933,False
paced_30fps,12,394,4.721551202237606,0.3497700672596693,0.06062048487365246,4.7821716871112585,13.1381155049894,True,0.02627264099822863,False
paced_30fps,12,395,4.281481029465795,0.43538096360862255,1.541297184303403,5.8227782137691975,13.172489444958046,True,0.07465036147798418,False
paced_30fps,12,396,4.202502081170678,0.3676230553537607,0.05869683809578419,4.261198919266462,13.2042611988727,True,0.04189048777363595,False
paced_30fps,12,397,4.403111059218645,0.34402916207909584,0.057739438489079475,4.460850497707725,13.23779418389313,True,0.03370802149224746,False
paced_30fps,12,398,4.117513075470924,0.34135417081415653,0.05716318264603615,4.1746762581169605,13.270841342862695,True,0.5066953746165007,False
paced_30fps,12,399,4.11025807261467,0.3423350863158703,0.05878182128071785,4.169039893895388,13.304169039940462,True,0.498159106885021,False
paced_30fps,12,400,4.27252403460443,0.41831890121102333,0.06117066368460655,4.333694698289037,13.337667027954012,True,0.4713474746152767,False
paced_30fps,12,401,4.1064308024942875,0.33695483580231667,0.058460282161831856,4.164891084656119,13.370831557782367,True,0.4789345502495134,False
paced_30fps,12,402,4.12395503371954,0.34336792305111885,0.05899602547287941,4.182951059192419,13.40418295096606,True,0.4617515147334858,False
paced_30fps,12,403,4.191320855170488,0.3753479104489088,0.05765864625573158,4.24897950142622,13.437582312850282,True,0.4370559626122065,False
paced_30fps,12,404,4.111439920961857,0.3412130754441023,0.05797436460852623,4.169414285570383,13.470836080843583,True,0.46756522996772887,False
paced_30fps,12,405,4.098937148228288,0.3426161129027605,0.05797878839075565,4.156915936619043,13.504156915936619,True,0.4237098516616925,False
paced_30fps,12,406,5.614734021946788,0.46227104030549526,0.07134838961064816,5.686082411557436,13.539019415853545,True,0.3246732015699546,False
paced_30fps,12,407,4.750104155391455,0.4032701253890991,0.06524217315018177,4.8153463285416365,13.571482012979686,True,0.2685742502770249,False
paced_30fps,12,408,4.635608987882733,0.4841929767280817,0.0647958368062973,4.700404824689031,13.604700404917821,True,0.2402388193656635,False
paced_30fps,12,409,4.6397659461945295,0.39187888614833355,0.06247661076486111,4.702242556959391,13.638035575859249,True,0.22444750198300317,False
paced_30fps,12,410,4.771244945004582,0.4062959924340248,0.06321212276816368,4.834457067772746,13.67150112381205,True,0.2270971200975493,False
paced_30fps,12,411,4.340111976489425,0.4393679555505514,0.05988101474940777,4.3999929912388325,13.704399992944673,True,0.20986181383970856,False
paced_30fps,12,412,4.171073203906417,0.3506110515445471,0.05919439718127251,4.230267601087689,13.73756360099651,True,0.18692677312778583,False
paced_30fps,12,413,4.792624153196812,0.39214896969497204,0.06384821608662605,4.856472369283438,13.771523138973862,True,0.13996410228498055,False
paced_30fps,12,414,4.125127103179693,0.34280610270798206,0.05861278623342514,4.183739889413118,13.80418373993598,True,0.10585196570903392,False
paced_30fps,12,415,4.241756163537502,0.4121260717511177,0.06143352948129177,4.303189693018794,13.837636522948742,True,0.0862980238273308,False
paced_30fps,12,416,4.143871832638979,0.34319679252803326,0.05885330028831959,4.2027251329272985,13.870869391830638,True,0.06733924073064373,False
paced_30fps,12,417,4.1664340533316135,0.35113212652504444,0.059448881074786186,4.2258829344064,13.904225882841274,True,0.05265587948041118,False
paced_30fps,12,418,4.125838167965412,0.34301611594855785,0.06028544157743454,4.186123609542847,13.937519456958398,True,0.03472058148393019,False
paced_30fps,12,419,4.121048143133521,0.34043099731206894,0.06288522854447365,4.183933371677995,13.97085059992969,True,0.04691238330646687,False
paced_30fps,12,420,4.122682148590684,0.3419851418584585,0.05900184623897076,4.181683994829655,14.00418168399483,True,0.04221691274981098,False
paced_30fps,12,421,4.117652075365186,0.3389890771359205,0.05923747085034847,4.176889546215534,14.037510222988203,True,0.05043113768280176,False
paced_30fps,12,422,4.375980002805591,0.3738550003618002,0.06085517816245556,4.436835180968046,14.071103501832113,True,0.05984563805466965,False
paced_30fps,12,423,4.209395032376051,0.360389007255435,0.06001885049045086,4.269413882866502,14.104269413975999,True,0.06561385408831141,False
paced_30fps,12,424,4.168609157204628,0.3504811320453882,0.058630481362342834,4.227239638566971,14.137560572940856,True,0.07381070701641665,False
paced_30fps,12,425,4.142999881878495,0.3445488400757313,0.05878624506294727,4.2017861269414425,14.170868452871218,True,0.044788908729888194,False
paced_30fps,12,426,4.154582973569632,0.34294696524739265,0.05864002741873264,4.213223000988364,14.204213222954422,True,0.24502923921531508,False
paced_30fps,12,427,4.225105047225952,0.3883820027112961,0.06329338066279888,4.288398427888751,14.23762173182331,True,0.8133291891008659,False
paced_30fps,12,428,4.112262045964599,0.33375900238752365,0.05813920870423317,4.170401254668832,14.270837067859247,True,0.955886030831985,False
paced_30fps,12,429,4.316176054999232,0.37149013951420784,0.06072875112295151,4.376904806122184,14.304376904852688,True,0.7409674191486108,True
paced_30fps,12,430,5.351698957383633,0.45788404531776905,0.06581260822713375,5.417511565610766,14.338750844821334,True,0.6563579762708982,True
paced_30fps,12,431,5.979171954095364,0.3943340852856636,0.06838212721049786,6.0475540813058615,14.372714220779017,True,0.6542687599762703,True
paced_30fps,12,432,4.331284901127219,0.37265289574861526,0.06233598105609417,4.393620882183313,14.404393620789051,True,0.6420735520289444,True
paced_30fps,12,433,5.157021107152104,0.5289171822369099,0.06309244781732559,5.22011355496943,14.438553446903825,True,0.5277355009383278,False
paced_30fps,12,434,4.476538859307766,0.34730485640466213,0.06268639117479324,4.539225250482559,14.471205891808495,True,0.539081782302399,False
paced_30fps,12,435,4.212592029944062,0.3507109358906746,0.05915388464927673,4.271745914593339,14.504271745914593,True,0.4820300371981939,False
paced_30fps,12,436,4.8950279597193,0.40694698691368103,0.06312644109129906,4.958154400810599,14.538291487842798,True,0.451179556494351,False
paced_30fps,12,437,4.671026021242142,0.470456900075078,0.06466428749263287,4.735690308734775,14.57140235695988,True,0.39037061295193537,False
paced_30fps,12,438,4.470798186957836,0.3888329956680536,0.06307568401098251,4.533873870968819,14.604533873964101,True,0.4226747737809,False
paced_30fps,12,439,4.575053928419948,0.3921990282833576,0.063321553170681,4.638375481590629,14.63797170878388,True,0.38118556594493463,False
paced_30fps,12,440,4.771274048835039,0.43152295984327793,0.06480910815298557,4.836083156988025,14.671502749901265,True,0.36948234512551936,False
paced_30fps,12,441,4.516142886132002,0.3848548512905836,0.06215902976691723,4.578301915898919,14.704578301869333,True,0.3161922500963469,False
paced_30fps,12,442,5.631695967167616,0.5712469574064016,0.06845546886324883,5.700151436030865,14.739033484831452,True,0.3082019416271409,False
paced_30fps,12,443,4.490655846893787,0.4460308700799942,0.0639413483440876,4.554597195237875,14.771221263799816,True,0.4684607312942437,False
paced_30fps,12,444,4.299664869904518,0.41443086229264736,0.060780905187129974,4.360445775091648,14.804360445821658,True,0.5719859926961743,False
paced_30fps,12,445,4.147347994148731,0.3437679260969162,0.0609357375651598,4.208283731713891,14.837541616987437,True,0.4844205013441084,False
paced_30fps,12,446,4.133702954277396,0.34396909177303314,0.058906152844429016,4.192609107121825,14.870859275804833,True,0.5067218442380986,False
paced_30fps,12,447,4.176603863015771,0.35117194056510925,0.0589410774409771,4.235544940456748,14.904235544847324,True,0.29968056611239113,False
paced_30fps,12,448,4.24896995536983,0.40743802674114704,0.05810451693832874,4.307074472308159,14.937640407821164,True,0.3016382781391473,False
paced_30fps,12,449,4.2408849112689495,0.4144918639212847,0.05939137190580368,4.300276283174753,14.970966942841187,True,0.25592345885579193,False
paced_30fps,12,450,4.2105980683118105,0.42323791421949863,0.06038788706064224,4.270985955372453,15.004270985955372,True,0.26337585184632895,False
paced_30fps,12,451,4.119175020605326,0.3383280709385872,0.0575273297727108,4.1767023503780365,15.037510035792366,True,0.3384410827239872,False
paced_30fps,12,452,4.123484017327428,0.3410130739212036,0.058584148064255714,4.182068165391684,15.070848734816536,True,0.28078845523752494,False
paced_30fps,12,453,4.221427952870727,0.42113405652344227,0.05887984298169613,4.280307795852423,15.104280307888985,True,0.3188140092011378,False
paced_30fps,12,454,4.121940117329359,0.3416941035538912,0.05820346996188164,4.180143587291241,15.13751347688958,True,0.28747013681361155,False
paced_30fps,12,455,4.136037081480026,0.3421648871153593,0.05887914448976517,4.194916225969791,15.170861582970247,True,0.2509523870159782,False
paced_30fps,12,456,4.162898054346442,0.3591170534491539,0.05824281834065914,4.221140872687101,15.204221140826121,True,0.33985867123254804,False
paced_30fps,12,457,6.716470932587981,0.5167238414287567,0.06171455606818199,6.778185488656163,15.240111518884078,True,0.3506008776175781,False
paced_30fps,12,458,4.193425877019763,0.34416886046528816,0.05841231904923916,4.251838196069002,15.270918504800647,True,0.33872841830858735,False
paced_30fps,12,459,4.146086052060127,0.34873816184699535,0.059128738939762115,4.205214790999889,15.304205214837566,True,0.3194483862895894,False
paced_30fps,12,460,6.216950016096234,0.3476659767329693,0.058261677622795105,6.275211693719029,15.339608544949442,True,0.33830706214060957,False
paced_30fps,12,461,4.211018793284893,0.419901916757226,0.05822628736495972,4.269245080649853,15.37093591177836,True,0.2594998230021813,False
paced_30fps,12,462,4.2334808968007565,0.37236185744404793,0.05729007534682751,4.290770972147584,15.404290770879015,True,0.2746433274331859,False
paced_30fps,12,463,4.231947008520365,0.3541470505297184,0.058216508477926254,4.290163516998291,15.437623496865854,True,0.23565736812748567,False
paced_30fps,12,464,4.168788902461529,0.359848840162158,0.059082405641674995,4.227871308103204,15.470894537866116,True,0.19972354444343887,False
paced_30fps,12,465,4.437274998053908,0.4072878509759903,0.06392598152160645,4.501200979575515,15.504501200979576,True,0.18009468417209107,False
paced_30fps,12,466,5.10458298958838,0.4082599189132452,0.06577442400157452,5.170357413589954,15.538503690855578,True,0.15724884217366966,False
paced_30fps,12,467,4.339521052315831,0.37843408063054085,0.06314413622021675,4.402665188536048,15.57106933183968,True,0.14637727845227713,False
paced_30fps,12,468,4.386278102174401,0.4772590473294258,0.06210780702531338,4.448385909199715,15.604448386002332,True,0.6774420504209205,False
paced_30fps,12,469,4.273987142369151,0.3652379382401705,0.0590465497225523,4.333033692091703,15.637666366994381,True,0.6145447349512216,False
paced_30fps,12,470,4.437485011294484,0.4317238926887512,0.061075203120708466,4.498560214415193,15.671165226958692,True,0.20532714368957444,False
paced_30fps,12,471,4.367723828181624,0.3707190044224262,0.05945703014731407,4.4271808583289385,15.704427180811763,True,0.18829906046831857,False
paced_30fps,12,472,4.212440922856331,0.3593568690121174,0.06002257578074932,4.27246349863708,15.737605796894059,True,0.16862602800630294,False
paced_30fps,12,473,4.314994905143976,0.4382359329611063,0.13752328231930733,4.4525181874632835,15.771119184792042,True,0.17136365253352437,False
paced_30fps,12,474,4.639757098630071,0.42753596790134907,0.059951795265078545,4.699708893895149,15.804699708940461,True,0.1478585969421806,False
paced_30fps,12,475,4.621631931513548,0.4664389416575432,0.06178067997097969,4.683412611484528,15.838016745867208,True,0.14840349105834855,False
paced_30fps,12,476,5.334766814485192,0.4545869305729866,0.06277626380324364,5.397543078288436,15.872064209776,True,0.18095863830016296,False
paced_30fps,12,477,4.257164895534515,0.3671119920909405,0.06043701432645321,4.317601909860969,15.904317601816729,True,0.18168077278335712,False
paced_30fps,12,478,4.324501845985651,0.4185689613223076,0.060672638937830925,4.385174484923482,15.937718507833779,True,0.2201417129283586,False
paced_30fps,12,479,4.832799779251218,0.4334168042987585,0.06374344229698181,4.8965432215482,15.97156320977956,True,0.23848418778545355,False
paced_30fps,12,480,5.813297815620899,0.5465499125421047,0.06631296128034592,5.879610776901245,16.0058796107769,True,0.1903664777166115,False
paced_30fps,12,481,5.537418881431222,0.575534999370575,0.06617652252316475,5.603595403954387,16.038936928845942,True,0.16789298453374546,False
paced_30fps,12,482,4.726569866761565,0.4036498721688986,0.06616231985390186,4.792732186615467,16.07145939883776,True,0.20136958084045342,False
paced_30fps,12,483,5.065378965809941,0.4730219952762127,0.06472389213740826,5.1301028579473495,16.10513010295108,True,0.2079481147631898,False
paced_30fps,12,484,7.6780240051448345,0.5886501166969538,0.07479754276573658,7.752821547910571,16.1410861548502,True,0.24191042762192377,False
paced_30fps,12,485,4.5656568836420774,0.3962668124586344,0.06540422327816486,4.631061106920242,16.171297727851197,True,0.2149925110948891,False
paced_30fps,12,486,4.319461993873119,0.4175270441919565,0.06450782530009747,4.383969819173217,16.204383969772607,True,0.22937603874700715,False
paced_30fps,12,487,5.9432340785861015,0.5030878819525242,0.06722752004861832,6.01046159863472,16.239343794994056,True,0.19929182561144776,False
paced_30fps,12,488,4.668220179155469,0.5574910901486874,0.06501819007098675,4.733238369226456,16.271399904973805,True,0.20225786838125862,False
paced_30fps,12,489,4.216058179736137,0.3610511776059866,0.05997275002300739,4.276030929759145,16.304276030976325,True,0.21651097473414344,False
paced_30fps,12,490,4.269438097253442,0.4234481602907181,0.060589518398046494,4.330027615651488,16.337663360871375,True,0.1828227046087979,False
paced_30fps,12,491,4.787395009770989,0.36128098145127296,0.06489222869277,4.852287238463759,16.371518953936175,True,0.1888285204652247,False
paced_30fps,12,492,4.8070920165628195,0.441783107817173,0.06159092299640179,4.868682939559221,16.404868682846427,True,0.15974602412771396,False
paced_30fps,12,493,4.264690214768052,0.4205231089144945,0.06075343117117882,4.325443645939231,16.437658776994795,True,0.1682150678310636,False
paced_30fps,12,494,7.11736804805696,0.5238479934632778,0.06292224861681461,7.180290296673775,16.473846956854686,True,0.17237095648881806,False
paced_30fps,12,495,4.2782858945429325,0.4427048843353987,0.06298697553575039,4.341272870078683,16.50434127287008,True,0.17373425918736088,False
paced_30fps,12,496,4.283383954316378,0.4187289159744978,0.05974643863737583,4.3431303929537535,16.53767646383494,True,0.20184242132756186,False
paced_30fps,12,497,4.132349975407124,0.35068090073764324,0.05944026634097099,4.191790241748095,16.570858456892893,True,0.13903614280812596,False
paced_30fps,12,498,4.914844874292612,0.3968880046159029,0.059605808928608894,4.974450683221221,16.604974450776353,True,0.13450023235107306,False
paced_30fps,12,499,5.133036058396101,0.4784420598298311,0.06498047150671482,5.198016529902816,16.638531349832192,True,0.16061000383465993,False
paced_30fps,12,500,5.836552940309048,0.4778709262609482,0.06583612412214279,5.9023890644311905,16.672569055808708,True,0.14455885685949973,False
paced_30fps,12,501,4.387921886518598,0.44039986096322536,0.06344704888761044,4.451368935406208,16.70445136888884,True,0.10887698337411199,False
paced_30fps,12,502,5.325929960235953,0.44238404370844364,0.0628405250608921,5.388770485296845,16.73872210388072,True,0.2017083761549774,False
paced_30fps,12,503,5.312314024195075,0.44488790445029736,0.06305635906755924,5.375370383262634,16.77204203698784,True,0.24442971691093887,False
paced_30fps,12,504,4.3466840870678425,0.3901650197803974,0.06152782589197159,4.408211912959814,16.804408211959526,True,0.22311302087861679,False
paced_30fps,12,505,5.81621378660202,0.4741938319057226,0.06626173853874207,5.882475525140762,16.839215808780864,True,0.2142282735165079,False
paced_30fps,12,506,4.417557967826724,0.4455600865185261,0.06336020305752754,4.480918170884252,16.871147584868595,True,0.2137159906940236,False
paced_30fps,12,507,4.885510075837374,0.4848542157560587,0.0647478736937046,4.950257949531078,16.9049502578564,True,0.18149666128050335,False
paced_30fps,12,508,5.732777062803507,0.48273010179400444,0.0660354271531105,5.798812489956617,16.939132145838812,True,0.1930491975867117,False
paced_30fps,12,509,6.893054815009236,0.5336259491741657,0.074365409091115,6.967420224100351,16.973634086782113,True,0.23162316047017584,False
paced_30fps,12,510,8.719668025150895,0.614779070019722,0.07906882092356682,8.798736846074462,17.008798736846074,True,0.1912893446160143,False
paced_30fps,12,511,4.990828922018409,0.4111449234187603,0.06837351247668266,5.059202434495091,17.038392535876483,True,0.22248349615531895,False
paced_30fps,12,512,4.793675849214196,0.42004184797406197,0.06857933476567268,4.862255183979869,17.071528921835124,True,0.25640727179267697,False
paced_30fps,12,513,4.315695958212018,0.3767299931496382,0.06142980419099331,4.377125762403011,17.104377125855535,True,0.2043308989797483,False
paced_30fps,12,514,4.226217046380043,0.36075012758374214,0.059491489082574844,4.285708535462618,17.137619041837752,True,0.31889173679816357,False
paced_30fps,12,515,4.316927865147591,0.42885891161859035,0.06022723391652107,4.377155099064112,17.17104382184334,True,0.2833144698448976,False
paced_30fps,12,516,4.162656841799617,0.3562718629837036,0.05859904922544956,4.221255891025066,17.20422125584446,True,0.24381683164370738,False
paced_30fps,12,517,4.134332993999124,0.3477248828858137,0.05875458009541035,4.193087574094534,17.237526420969516,True,0.25389100836255574,False
paced_30fps,12,518,4.130086163058877,0.3437281120568514,0.058288220316171646,4.188374383375049,17.270855040987954,True,0.24604568961986467,False
paced_30fps,12,519,4.1145270224660635,0.3473348915576935,0.058061908930540085,4.172588931396604,17.304172588977963,True,0.22787886995771744,False
paced_30fps,12,520,4.110689042136073,0.34444895572960377,0.05775666795670986,4.168445710092783,17.337501778965816,True,0.22483840455795961,False
paced_30fps,12,521,4.11597010679543,0.3411129582673311,0.05804118700325489,4.174011293798685,17.37084067799151,True,0.22984002491858718,False
paced_30fps,12,522,4.168807994574308,0.3542369231581688,0.05800696089863777,4.226814955472946,17.40422681486234,True,0.18309510640135404,False
paced_30fps,12,523,4.129936220124364,0.3453511744737625,0.058251433074474335,4.188187653198838,17.437521521002054,True,0.21576726025486131,False
paced_30fps,12,524,4.112893017008901,0.34252600744366646,0.0575152225792408,4.170408239588141,17.4708370747976,True,0.18778115656033864,False
paced_30fps,12,525,4.225394921377301,0.37889392115175724,0.05803094245493412,4.283425863832235,17.504283425863832,True,0.21222528961175996,False
paced_30fps,12,526,4.226126940920949,0.36489800550043583,0.05921744741499424,4.285344388335943,17.537618677830324,True,0.29465252247179385,False
paced_30fps,12,527,4.155684029683471,0.349939102306962,0.05843117833137512,4.214115208014846,17.57088078185916,True,0.26736289543626623,False
paced_30fps,12,528,4.442916018888354,0.47154887579381466,0.06332481279969215,4.5062408316880465,17.60450624092482,True,0.2731104595596861,False
paced_30fps,12,529,4.861966008320451,0.40605594404041767,0.06606453098356724,4.928030539304018,17.638261363841593,True,0.2740871507466715,False
paced_30fps,12,530,5.521869054064155,0.40224799886345863,0.06670108996331692,5.5885701440274715,17.672255236888304,True,0.2817111209836993,False
paced_30fps,12,531,4.396507982164621,0.3858471754938364,0.062096863985061646,4.458604846149683,17.704458604799584,True,0.28647268990471597,False
paced_30fps,12,532,4.202021053060889,0.3600891213864088,0.05930638872087002,4.261327441781759,17.737594660837203,True,0.3177724069410839,False
paced_30fps,12,533,4.172505810856819,0.3612509462982416,0.05893036723136902,4.231436178088188,17.770898102782667,True,0.32848147688274404,False
paced_30fps,12,534,4.139032913371921,0.3478359431028366,0.05853385664522648,4.197566770017147,17.804197566816583,True,0.31016978103480186,False
paced_30fps,12,535,4.122501006349921,0.3417939879000187,0.05923071876168251,4.181731725111604,17.837515064980835,True,0.3057794451497407,False
paced_30fps,12,536,4.180591087788343,0.36079995334148407,0.057702185586094856,4.238293273374438,17.870904959971085,True,0.3335968828511614,False
paced_30fps,12,537,4.428697982802987,0.3904360346496105,0.06264704279601574,4.491345025599003,17.904491344932467,True,0.32891971756384875,False
paced_30fps,12,538,4.196390975266695,0.35629188641905785,0.059855636209249496,4.2562466114759445,17.93758957996033,True,0.3228323587345705,False
paced_30fps,12,539,4.160613985732198,0.3509020898491144,0.05872827023267746,4.219342255964875,17.970886008813977,True,0.3822672279709876,False
paced_30fps,12,540,4.137109033763409,0.34835701808333397,0.058762961998581886,4.1958719957619905,18.004195871995762,True,0.3868916616343814,False
paced_30fps,12,541,4.356442019343376,0.3940130118280649,0.062174396589398384,4.4186164159327745,18.03775194985792,True,0.3717025201749087,False
paced_30fps,12,542,4.972694907337427,0.43680379167199135,0.06982334889471531,5.0425182562321424,18.071709184907377,True,0.3657541373847149,False
paced_30fps,12,543,5.600067088380456,0.4040009807795286,0.06744381971657276,5.667510908097029,18.10566751100123,True,0.37832385263059154,False
paced_30fps,12,544,4.471429856494069,0.4396189469844103,0.06133667193353176,4.532766528427601,18.137866099830717,True,0.34023399900871404,False
paced_30fps,12,545,4.342847038060427,0.43467897921800613,0.06143213249742985,4.404279170557857,18.171070945914835,True,0.3261900567228952,False
paced_30fps,12,546,4.240944981575012,0.36566006019711494,0.060123857110738754,4.301068838685751,18.20430106879212,True,0.34143428739612003,False
paced_30fps,12,547,4.199196817353368,0.3576648887246847,0.05861558020114899,4.257812397554517,18.237591145792976,True,0.3276605656463117,False
paced_30fps,12,548,4.24889987334609,0.4164050333201885,0.05829031579196453,4.307190189138055,18.270973856793717,True,0.3678849186437431,False
paced_30fps,12,549,4.234081832692027,0.4237988032400608,0.059366924688220024,4.293448757380247,18.304293448803946,True,0.31459736730040494,False
paced_30fps,12,550,4.117703065276146,0.342485960572958,0.058299629017710686,4.176002694293857,18.337509335950017,True,0.31058530734973455,False
paced_30fps,12,551,4.304705187678337,0.3539170138537884,0.06330409087240696,4.368009278550744,18.37103467597626,True,0.3495664249015978,False
paced_30fps,12,552,4.426373867318034,0.4541759844869375,0.06066402420401573,4.48703789152205,18.40448703779839,True,0.34694724472950306,False
paced_30fps,12,553,4.379014950245619,0.4330959636718035,0.06211153231561184,4.441126482561231,18.437774459831417,True,0.354319254082701,False
paced_30fps,12,554,4.1452639270573854,0.3521540202200413,0.059070298448204994,4.20433422550559,18.470871000783518,True,0.36453031436828565,False
paced_30fps,12,555,4.231086000800133,0.4038920160382986,0.05815294571220875,4.2892389465123415,18.504289238946512,True,0.35028372103722194,False
paced_30fps,12,556,6.427397020161152,0.46936492435634136,0.06344751454889774,6.49084453471005,18.539824177976698,True,0.3354943828360975,False
paced_30fps,12,557,4.854792030528188,0.36534806713461876,0.05995621904730797,4.914748249575496,18.57158141490072,True,0.3785495352991543,False
paced_30fps,12,558,4.182463977485895,0.3612509462982416,0.05995086394250393,4.242414841428399,18.60424241493456,True,0.45487690970885897,False
paced_30fps,12,559,4.254942061379552,0.42118411511182785,0.06012548692524433,4.315067548304796,18.637648400850594,True,0.44784867100982834,False
paced_30fps,12,560,4.130496876314282,0.3450610674917698,0.05838717333972454,4.188884049654007,18.67085555079393,True,0.43064020786189267,False
paced_30fps,12,561,4.3241409584879875,0.3717108629643917,0.060996972024440765,4.385137930512428,18.704385137883946,True,0.39005951056385085,False
paced_30fps,12,562,4.199386108666658,0.39024511352181435,0.06244448013603687,4.261830588802695,18.737595163984224,True,0.3032060979935608,False
paced_30fps,12,563,4.1370689868927,0.34332810901105404,0.05785026587545872,4.194919252768159,18.770861585857347,True,0.2740759746065672,False
paced_30fps,12,564,4.2222600895911455,0.41801808401942253,0.060930848121643066,4.283190937712789,18.80428319098428,True,0.23236116835967413,False
paced_30fps,12,565,4.34849807061255,0.3697969950735569,0.061426544561982155,4.409924615174532,18.837743257870898,True,0.2504667598317052,False
paced_30fps,12,566,4.288515076041222,0.40235905908048153,0.059507088735699654,4.348022164776921,18.871014688862488,True,0.2646291199442816,False
paced_30fps,12,567,4.1748699732124805,0.3543479833751917,0.05910196341574192,4.2339719366282225,18.904233971843496,True,0.7973480738446144,False
paced_30fps,12,568,4.1260679718106985,0.3440591972321272,0.05916645750403404,4.1852344293147326,18.93751856777817,True,0.7684430634710897,False
paced_30fps,12,569,4.684770945459604,0.38983486592769623,0.061035389080643654,4.745806334540248,18.971412472892553,True,0.7458114131349607,True
paced_30fps,12,570,4.423388978466392,0.44599082320928574,0.06229197606444359,4.485680954530835,19.00448568095453,True,0.6247870229867032,False
paced_30fps,12,571,4.280610010027885,0.4189601168036461,0.05963142029941082,4.340241430327296,19.037673574872315,True,0.5932742986639478,False
paced_30fps,12,572,4.680954152718186,0.3967280499637127,0.063764164224267,4.744718316942453,19.071411384968087,True,0.6101800304602005,False
paced_30fps,12,573,4.349389113485813,0.4339180886745453,0.060602789744734764,4.409991903230548,19.104409991996363,True,0.6407760500361118,False
paced_30fps,12,574,4.302700981497765,0.4224770236760378,0.06004655733704567,4.36274753883481,19.137696080841124,True,0.6039416760405281,False
paced_30fps,12,575,4.372041905298829,0.3784329164773226,0.060803256928920746,4.43284516222775,19.171099511906505,True,0.583237706017449,False
paced_30fps,12,576,4.466510144993663,0.3990619443356991,0.06210990250110626,4.528620047494769,19.20452862000093,True,0.5709843096484706,False
paced_30fps,12,577,4.28000814281404,0.39727892726659775,0.05933945067226887,4.339347593486309,19.237672680988908,True,0.5559457954967144,False
paced_30fps,12,578,5.658576963469386,0.40114601142704487,0.06467429921030998,5.723251262679696,19.272389917867258,True,0.5088876871515038,False
paced_30fps,12,579,4.861484048888087,0.4112948663532734,0.06620190106332302,4.92768594995141,19.304927685996518,True,0.5326298847735061,False
paced_30fps,12,580,4.723934922367334,0.49975188449025154,0.06662774831056595,4.7905626706779,19.3381238959264,True,0.5917658158832871,False
paced_30fps,12,581,4.732572007924318,0.40477304719388485,0.07252325303852558,4.805095260962844,19.371471761958674,True,0.5181479422320732,False
paced_30fps,12,582,4.75608604028821,0.3779730759561062,0.06150687113404274,4.817592911422253,19.40481759281829,True,0.46240694430077584,False
paced_30fps,12,583,4.319433122873306,0.4341290332376957,0.06151152774691582,4.380944650620222,19.437714277999476,True,0.3049137299676421,False
paced_30fps,12,584,4.3872809037566185,0.3755281213670969,0.06366032175719738,4.450941225513816,19.471117607783526,True,0.5982971923893863,False
paced_30fps,12,585,4.851575009524822,0.49564382061362267,0.06572995334863663,4.917304962873459,19.504917304962873,True,0.6501591980615042,False
paced_30fps,12,586,4.769701976329088,0.46267290599644184,0.06517255678772926,4.8348745331168175,19.538168207975104,True,0.6482587507598244,False
paced_30fps,12,587,4.189418163150549,0.36160112358629704,0.05954713560640812,4.248965298756957,19.5709156319499,True,0.6064045388671242,False
paced_30fps,12,588,4.267985001206398,0.3939419984817505,0.05997275002300739,4.327957751229405,19.60432795784436,True,0.6072379801254595,False
paced_30fps,12,589,4.162556957453489,0.35177310928702354,0.05918554961681366,4.221742507070303,19.63755507580936,True,0.5927613189301257,False
paced_30fps,12,590,4.141758196055889,0.34707412123680115,0.05838903598487377,4.200147232040763,19.670866813976318,True,0.5834286603197052,False
paced_30fps,12,591,4.157497081905603,0.3505710046738386,0.0583939254283905,4.215891007333994,19.704215890960768,True,0.5064299864926016,False
paced_30fps,12,592,4.140435950830579,0.34674396738409996,0.06008148193359375,4.2005174327641726,19.737533850828186,True,0.43164423552543435,False
paced_30fps,12,593,4.137258976697922,0.34414883702993393,0.05988636985421181,4.197145346552134,19.77086381195113,True,0.43515910659384627,False
paced_30fps,12,594,4.140464821830392,0.34879683516919613,0.058037927374243736,4.198502749204636,19.80419850279577,True,0.4569234555443873,False
paced_30fps,12,595,4.177565919235349,0.4080899525433779,0.059634679928421974,4.237200599163771,19.837570533854887,True,0.3709689719904209,False
paced_30fps,12,596,4.113354021683335,0.34961896017193794,0.05998020060360432,4.17333422228694,19.870840000919998,True,0.36438066925103224,False
paced_30fps,12,597,4.106410080567002,0.3439481370151043,0.058502890169620514,4.164912970736623,19.904164912877604,True,0.3512328172100535,False
paced_30fps,12,598,4.116619937121868,0.33952994272112846,0.05913851782679558,4.175758454948664,19.937509091803804,True,0.3712389506243565,False
paced_30fps,12,599,4.171213135123253,0.3622130025178194,0.059253303334116936,4.23046643845737,19.97089713299647,True,0.3477283836228764,False
paced_30fps,12,600,4.159139934927225,0.3567119129002094,0.05788588896393776,4.217025823891163,20.00421702582389,True,0.2880536862367815,False
paced_30fps,12,601,4.1217810939997435,0.34283706918358803,0.05944236181676388,4.181223455816507,20.037514556897804,True,0.28906085138861515,False
paced_30fps,12,602,4.15648496709764,0.36527798511087894,0.059448182582855225,4.215933149680495,20.070882599800825,True,0.273279666383737,False
paced_30fps,12,603,4.173016874119639,0.353886978700757,0.057919882237911224,4.230936756357551,20.10423093684949,True,0.22129355545709314,False
paced_30fps,12,604,4.175882088020444,0.3521239850670099,0.06176158785820007,4.237643675878644,20.137570976978168,True,0.22673638674109717,False
paced_30fps,12,605,4.145665094256401,0.3446501214057207,0.015960074961185455,4.1616251692175865,20.170828291913494,True,0.21330423805609686,False
paced_30fps,12,606,4.136448027566075,0.34953909926116467,0.05797389894723892,4.194421926513314,20.204194421879947,True,0.22836284663549672,False
paced_30fps,12,607,4.134814953431487,0.35390700213611126,0.05971151404082775,4.194526467472315,20.237527859862894,True,0.26530105280691724,False
paced_30fps,12,608,4.107192857190967,0.33347890712320805,0.05857436917722225,4.165767226368189,20.270832433830947,True,0.2935263184486874,False
paced_30fps,12,609,4.107161890715361,0.3374558873474598,0.058238860219717026,4.165400750935078,20.3041654007975,True,0.17630986845635638,False
paced_30fps,12,610,4.114056006073952,0.33339811488986015,0.057882629334926605,4.171938635408878,20.337505271891132,True,0.23827049618469925,False
paced_30fps,12,611,4.229083191603422,0.4088811110705137,0.05970010533928871,4.288783296942711,20.370955449994653,True,0.22968433041665856,False
paced_30fps,12,612,4.106041043996811,0.3406729083508253,0.059674959629774094,4.165716003626585,20.404165715910494,True,0.25034970196010864,False
paced_30fps,12,613,4.101172089576721,0.335032120347023,0.05801650695502758,4.159188596531749,20.437492521945387,True,0.25721355233240356,False
paced_30fps,12,614,4.1848591063171625,0.373434042558074,0.05950429476797581,4.244363401085138,20.470911029959098,True,0.2654414713230075,False
paced_30fps,12,615,4.227268975228071,0.41626510210335255,0.05938881076872349,4.286657785996795,20.504286657785997,True,0.253668652323977,False
paced_30fps,12,616,4.131469177082181,0.3393900115042925,0.05795038305222988,4.189419560134411,20.537522753002122,True,0.2892780149146361,False
paced_30fps,12,617,4.422426922246814,0.3806778695434332,0.06161234341561794,4.484039265662432,20.571150705916807,True,0.3584332546399004,False
paced_30fps,12,618,4.1912810411304235,0.3523940686136484,0.06173783913254738,4.253018880262971,20.604253018973395,True,0.3271644848330178,False
paced_30fps,12,619,4.160773940384388,0.3468738868832588,0.061601633206009865,4.222375573590398,20.63755570887588,True,0.3229929905845397,False
paced_30fps,12,620,4.151044879108667,0.3436880651861429,0.062238192185759544,4.213283071294427,20.67087994981557,True,0.2489983556483564,False
paced_30fps,12,621,4.139332799240947,0.34485990181565285,0.059918034821748734,4.1992508340626955,20.704199250787497,True,0.2287362826611189,False
paced_30fps,12,622,4.134653834626079,0.33883797004818916,0.058991601690649986,4.193645436316729,20.73752697883174,True,0.2430090882822026,False
paced_30fps,12,623,4.11575916223228,0.33684493973851204,0.058064237236976624,4.173823399469256,20.770840490004048,True,0.23804577779219344,False
paced_30fps,12,624,4.112242022529244,0.34014112316071987,0.0584297813475132,4.170671803876758,20.804170671850443,True,0.219817230968797,False
paced_30fps,12,625,4.172877175733447,0.36154105328023434,0.058083562180399895,4.230960737913847,20.837564293993637,True,0.1763149424825567,False
paced_30fps,12,626,4.105550004169345,0.33395993523299694,0.058078207075595856,4.163628211244941,20.870830294908956,True,0.26504590626820157,False
paced_30fps,12,627,4.118153126910329,0.3409520722925663,0.05774293094873428,4.175896057859063,20.904175895964727,True,0.2940809216178752,False
paced_30fps,12,628,4.102173028513789,0.33713504672050476,0.05787750706076622,4.160050535574555,20.93749338388443,True,0.29342817549065536,False
paced_30fps,12,629,4.106210079044104,0.34034112468361855,0.05774223245680332,4.163952311500907,20.970830618869513,True,0.2839924084491708,False
paced_30fps,12,630,4.111740970984101,0.34521985799074173,0.05873898044228554,4.170479951426387,21.004170479951426,True,0.8650794322253765,False
paced_30fps,12,631,4.113313974812627,0.3402610309422016,0.05883350968360901,4.172147484496236,21.037505480926484,True,0.8394051223674412,False
paced_30fps,12,632,4.222590010613203,0.37619913928210735,0.06041117012500763,4.283001180738211,21.070949667831883,True,0.7303278170539382,True
paced_30fps,12,633,4.17204387485981,0.3574928268790245,0.06024586036801338,4.232289735227823,21.10423228982836,True,0.729626873884504,True
paced_30fps,12,634,4.1437719482928514,0.34743500873446465,0.05986960604786873,4.20364155434072,21.13753697485663,True,0.6495521581649027,True
paced_30fps,12,635,4.154311027377844,0.34529087133705616,0.05937321111559868,4.2136842384934425,21.17088035098277,True,0.34184684923945136,False
paced_30fps,12,636,4.21714992262423,0.37642987444996834,0.059308018535375595,4.276457941159606,21.204276457894593,True,0.2940453471737292,False
paced_30fps,12,637,4.139161901548505,0.34545082598924637,0.058110570535063744,4.197272472083569,21.237530605867505,True,0.30835852380198464,False
paced_30fps,12,638,4.127051215618849,0.34109316766262054,0.05957717075943947,4.186628386378288,21.270853294990957,True,0.36669044207936174,False
paced_30fps,12,639,4.110319074243307,0.3444200847297907,0.059531768783926964,4.169850843027234,21.304169850889593,True,0.35104552096575314,False
paced_30fps,12,640,4.203764023259282,0.3811079077422619,0.058024656027555466,4.261788679286838,21.33759512193501,True,0.3700788977333814,False
paced_30fps,12,641,4.096483113244176,0.3400910645723343,0.058459118008613586,4.1549422312527895,21.370821608928964,True,0.301979720702748,False
paced_30fps,12,642,4.10972791723907,0.34438888542354107,0.058995094150304794,4.168723011389375,21.404168722918257,True,0.3037589358880115,False
paced_30fps,12,643,4.111771006137133,0.3391290083527565,0.06217649206519127,4.173947498202324,21.437507280847058,True,0.3347556439597643,False
paced_30fps,12,644,4.143321188166738,0.35857618786394596,0.06152922287583351,4.204850411042571,21.470871516969055,True,0.3361115026206801,False
paced_30fps,12,645,4.111400106921792,0.34756516106426716,0.060131773352622986,4.171531880274415,21.504171531880274,True,0.41095515102358326,False
paced_30fps,12,646,4.355170065537095,0.3729020245373249,0.061038415879011154,4.416208481416106,21.537749541923404,True,0.3779687753567701,False
paced_30fps,12,647,5.235939985141158,0.4348799120634794,0.06544124335050583,5.301381228491664,21.571968047879636,True,0.4004940673368409,False
paced_30fps,12,648,4.18327609077096,0.36061997525393963,0.06014574319124222,4.243421833962202,21.604243421927094,True,0.36043998152902434,False
paced_30fps,12,649,4.157829098403454,0.3506110515445471,0.059979502111673355,4.217808600515127,21.637551141902804,True,0.41028490603280565,False
paced_30fps,12,650,4.139413125813007,0.35470793955028057,0.05998509004712105,4.199398215860128,21.670866064960137,True,0.3849432971675632,False
paced_30fps,12,651,4.216036992147565,0.39278995245695114,0.05997996777296066,4.2760169599205256,21.704276016913354,True,0.3941932789129641,False
paced_30fps,12,652,4.158500116318464,0.34783617593348026,0.0593024305999279,4.217802546918392,21.73755113594234,True,0.4585655429161981,False
paced_30fps,12,653,4.113154020160437,0.3429360222071409,0.05992921069264412,4.173083230853081,21.77083974983543,True,0.45792731265040143,False
paced_30fps,12,654,4.117742879316211,0.34432881511747837,0.059061916545033455,4.176804795861244,21.804176804842427,True,0.33072137455822387,False
paced_30fps,12,655,4.123694030568004,0.3576138988137245,0.0605597160756588,4.1842537466436625,21.837517587002367,True,0.41373939774871216,False
paced_30fps,12,656,4.114977084100246,0.33878814429044724,0.057829078286886215,4.172806162387133,21.870839472860098,True,0.25822727934208617,False
paced_30fps,12,657,4.100590944290161,0.34014112316071987,0.05756295286118984,4.158153897151351,21.90415815380402,True,0.2903614896738485,False
paced_30fps,12,658,4.162768134847283,0.3506210632622242,0.05853944458067417,4.2213075794279575,21.937554640928283,True,0.22584203274742307,False
paced_30fps,12,659,4.228190053254366,0.40948204696178436,0.05831429734826088,4.286504350602627,21.970953170908615,True,0.21343811514451055,False
paced_30fps,12,660,4.219464957714081,0.4123980179429054,0.058538978919386864,4.278003936633468,22.004278003936633,True,0.32284294589499796,False
paced_30fps,12,661,4.147147992625833,0.33910898491740227,0.05954550579190254,4.206693498417735,22.037540026940405,True,0.24619528795158022,False
paced_30fps,12,662,5.3220330737531185,0.6020751316100359,0.07009017281234264,5.392123246565461,22.07205878989771,True,0.1980139176084991,False
paced_30fps,12,663,5.146642215549946,0.4748350474983454,0.06683869287371635,5.213480908423662,22.105213481001556,True,0.11955980074295092,False
paced_30fps,12,664,4.820918198674917,0.38975407369434834,0.06454950198531151,4.885467700660229,22.13821880100295,True,0.13188963860696817,False
paced_30fps,12,665,4.192061955109239,0.3578239120543003,0.06026611663401127,4.25232807174325,22.17091899481602,True,0.13940215064042968,False
paced_30fps,12,666,4.170771921053529,0.350399874150753,0.05911896005272865,4.229890881106257,22.20422989083454,True,0.1381121836168571,False
paced_30fps,12,667,4.132079891860485,0.34148385748267174,0.05856156349182129,4.190641455352306,22.237523974850774,True,0.13472900479755848,False
paced_30fps,12,668,4.1229319758713245,0.3388079348951578,0.05930825136601925,4.182240227237344,22.270848906831816,True,0.17421694166253007,False
paced_30fps,12,669,5.1903738640248775,0.3373958170413971,1.1918179225176573,6.382191786542535,22.30638219183311,True,0.15861646306080762,False
paced_30fps,12,670,4.1136848740279675,0.33897883258759975,0.05786470137536526,4.171549575403333,22.337504882831126,True,0.16644951349076387,False
paced_30fps,12,671,4.223192110657692,0.40638609789311886,0.06056413985788822,4.28375625051558,22.370950422948226,True,0.1460022363823904,False
paced_30fps,12,672,4.18101204559207,0.3985411021858454,0.06300397217273712,4.244016017764807,22.404244015924633,True,0.146808339956886,False
paced_30fps,12,673,4.247657023370266,0.40935096330940723,0.060213496908545494,4.3078705202788115,22.437641203869134,True,0.15790696342727767,False
paced_30fps,12,674,4.217670997604728,0.40753791108727455,0.060248421505093575,4.277919419109821,22.470944585977122,True,0.13766556716846068,False
paced_30fps,12,675,4.205127013847232,0.41404087096452713,0.059901969507336617,4.2650289833545685,22.504265028983355,True,0.1474814846940086,False
paced_30fps,12,676,4.284898051992059,0.4110550507903099,1.258165342733264,5.543063394725323,22.538876396836713,True,0.1531465598813003,False
paced_30fps,12,677,4.283825866878033,0.5227657966315746,0.06152433343231678,4.3453502003103495,22.571012016851455,True,0.15416389216768406,False
paced_30fps,12,678,4.17961017228663,0.35320594906806946,0.058823730796575546,4.238433903083205,22.604238433996215,True,0.1403979498392908,False
paced_30fps,12,679,4.152677953243256,0.35623088479042053,0.05960068665444851,4.212278639897704,22.637545611942187,True,0.143348054778969,False
paced_30fps,12,680,4.200078081339598,0.4293799865990877,0.0613480806350708,4.2614261619746685,22.67092809290625,True,0.1273171904356738,False
paced_30fps,12,681,4.109626868739724,0.34000095911324024,0.0577559694647789,4.167382838204503,22.70416738279164,True,0.12930245895913872,False
paced_30fps,12,682,5.671951919794083,0.42212498374283314,0.06270059384405613,5.734652513638139,22.73906798590906,True,0.11234096704792366,False
paced_30fps,12,683,7.801446132361889,0.5819671787321568,0.07697218097746372,7.878418313339353,22.774545084917918,True,0.12286626789860203,False
paced_30fps,12,684,6.613977951928973,0.5296280141919851,0.07332977838814259,6.687307730317116,22.806687307776883,True,0.1325358375399403,False
paced_30fps,12,685,8.055415004491806,0.5217741709202528,0.8712285198271275,8.926643524318933,22.842259976780042,True,0.12539319858664114,False
