video,frame,video_length,phase,appearance,temporal,appearance_score,temporal_score,combined_score,label,unfiltered_score,threshold,above_threshold,alarm_active,new_alarm
01,35,583,13,0.008662541396915913,1.0834847934084566,0.05458924984080912,0.0282235344480483,0.04140639214442871,0,0.04140639214442871,0.5574125973956512,False,False,False
01,36,583,13,0.00889069028198719,0.7348438951492384,0.062143806105209726,0.0,0.031071903052604863,0,0.031071903052604863,0.5574125973956512,False,False,False
01,37,583,13,0.007565480191260576,0.44226341936265595,0.01826292459479644,0.0,0.00913146229739822,0,0.00913146229739822,0.5574125973956512,False,False,False
01,38,583,13,0.00741024361923337,0.33672603901611625,0.013122669724360311,0.0,0.006561334862180156,0,0.006561334862180156,0.5574125973956512,False,False,False
01,39,583,13,0.008360268548130989,0.4250575548285479,0.044580271525473746,0.0,0.022290135762736873,0,0.022290135762736873,0.5574125973956512,False,False,False
01,40,583,13,0.008119286969304085,0.6308009208772577,0.0366007940217236,0.0,0.0183003970108618,0,0.0183003970108618,0.5574125973956512,False,False,False
01,41,583,13,0.00799897126853466,0.9165152065915434,0.03261685287439151,0.01178796726841304,0.022202410071402275,0,0.022202410071402275,0.5574125973956512,False,False,False
01,42,583,15,0.00790773332118988,0.7416293065148022,0.02959574581770253,0.0,0.014797872908851265,0,0.014797872908851265,0.5574125973956512,False,False,False
01,43,583,16,0.007819241844117641,1.3215800315036954,0.026665580972701032,0.05166031928693346,0.03916295012981724,0,0.03916295012981724,0.5574125973956512,False,False,False
01,44,583,16,0.007891231216490269,0.9780281917686499,0.029049321589526715,0.017842966981665202,0.02344614428559596,0,0.02344614428559596,0.5574125973956512,False,False,False
01,45,583,16,0.007504087872803211,0.7007956702613191,0.016230077825270185,0.0,0.008115038912635092,0,0.008115038912635092,0.5574125973956512,False,False,False
01,46,583,16,0.00842036958783865,0.5289793610404288,0.046570360961495534,0.0,0.023285180480747767,0,0.023285180480747767,0.5574125973956512,False,False,False
01,47,583,17,0.007761599030345678,0.8402601074356797,0.024756889287696243,0.004281834990920972,0.014519362139308607,0,0.014519362139308607,0.5574125973956512,False,False,False
01,48,583,18,0.008060947991907597,1.3691990791227422,0.03466905069099606,0.0563476762547104,0.045508363472853225,0,0.045508363472853225,0.5574125973956512,False,False,False
01,49,583,18,0.008100852370262146,1.0239508865463063,0.035990380275320755,0.02236334431191325,0.029176862293617004,0,0.029176862293617004,0.5574125973956512,False,False,False
01,50,583,20,0.008993145078420639,2.512056221979885,0.06553632991251383,0.16884424348135882,0.11719028669693632,0,0.11719028669693632,0.5574125973956512,False,False,False
01,51,583,20,0.00881709810346365,2.068177228482572,0.05970699273615815,0.12515123832794972,0.09242911553205393,0,0.09242911553205393,0.5574125973956512,False,False,False
01,52,583,20,0.00870565976947546,1.6566097176784198,0.056017002474483935,0.08463879769890154,0.07032790008669274,0,0.07032790008669274,0.5574125973956512,False,False,False
01,53,583,20,0.008653144352138042,1.3249727371864768,0.05427809117145453,0.051994278561991306,0.05313618486672292,0,0.05313618486672292,0.5574125973956512,False,False,False
01,54,583,20,0.00790403876453638,1.029039945070479,0.029473410194181256,0.022864283224500077,0.026168846709340665,0,0.026168846709340665,0.5574125973956512,False,False,False
01,55,583,21,0.008805069141089916,1.3283654428692597,0.05930868496872665,0.0523282378370493,0.05581846140288797,0,0.05581846140288797,0.5574125973956512,False,False,False
01,56,583,21,0.008778714574873447,1.0783553455309192,0.05843602213172008,0.027718619829806196,0.04307732098076314,0,0.04307732098076314,0.5574125973956512,False,False,False
01,57,583,21,0.009062768891453743,0.898057272103074,0.06784174119136523,0.009971069783871762,0.03890640548761849,0,0.03890640548761849,0.5574125973956512,False,False,False
01,58,583,21,0.008865181356668472,0.8214790581202803,0.061299144464612876,0.0024331318611362507,0.03186613816287456,0,0.03186613816287456,0.5574125973956512,False,False,False
01,59,583,23,0.008701306767761707,1.6123833757421537,0.05587286415728241,0.08028540000618238,0.0680791320817324,0,0.0680791320817324,0.5574125973956512,False,False,False
01,60,583,23,0.008778261952102184,1.2059049234621757,0.058421034707210044,0.04027389828972115,0.049347466498465595,0,0.049347466498465595,0.5574125973956512,False,False,False
01,61,583,23,0.009011270478367805,0.867442142251303,0.06613650533600036,0.00695748489703973,0.03654699511652005,0,0.03654699511652005,0.5574125973956512,False,False,False
01,62,583,23,0.009660270996391773,0.6259138091199158,0.08762646759246918,0.0,0.04381323379623459,0,0.04381323379623459,0.5574125973956512,False,False,False
01,63,583,25,0.009218685328960419,1.7025324124560763,0.07300450803688845,0.0891591750291496,0.08108184153301903,0,0.08108184153301903,0.5574125973956512,False,False,False
01,64,583,25,0.009127750992774963,1.3062724665778105,0.06999345427318357,0.0501535268435175,0.06007349055835054,0,0.06007349055835054,0.5574125973956512,False,False,False
01,65,583,25,0.009007112123072147,0.9541984732824433,0.0659988122281046,0.015497300644949018,0.040748056436526806,0,0.040748056436526806,0.5574125973956512,False,False,False
01,66,583,25,0.010416741482913494,0.6990589280665618,0.11267501802041205,0.0,0.056337509010206024,0,0.056337509010206024,0.5574125973956512,False,False,False
01,67,583,25,0.010211143642663956,0.5476392422957317,0.1058671808858184,0.0,0.0529335904429092,0,0.0529335904429092,0.5574125973956512,False,False,False
01,68,583,25,0.010416928678750992,0.5730845349165964,0.11268121652314152,0.0,0.05634060826157076,0,0.05634060826157076,0.5574125973956512,False,False,False
01,69,583,25,0.009479316882789135,0.772002100246375,0.0816346432972999,0.0,0.04081732164864995,0,0.04081732164864995,0.5574125973956512,False,False,False
01,70,583,25,0.009115827269852161,1.0593723494486855,0.06959863123614227,0.02585003817174402,0.04772433470394315,0,0.04772433470394315,0.5574125973956512,False,False,False
01,71,583,27,0.009655305184423923,0.7211922937113778,0.08746203765936725,0.0,0.043731018829683624,0,0.043731018829683624,0.5574125973956512,False,False,False
01,72,583,27,0.00902264192700386,0.5595944908922011,0.06651304124807365,0.0,0.03325652062403683,0,0.03325652062403683,0.5574125973956512,False,False,False
01,73,583,27,0.010252173990011215,0.5051092532008554,0.10722579400148596,0.0,0.05361289700074298,0,0.05361289700074298,0.5574125973956512,False,False,False
01,74,583,27,0.00970576610416174,0.5798699462821582,0.08913291962398275,0.0,0.04456645981199137,0,0.04456645981199137,0.5574125973956512,False,False,False
01,75,583,29,0.009973479434847832,1.185508300012117,0.09799754948516448,0.03826616693371825,0.06813185820944137,0,0.06813185820944137,0.5574125973956512,False,False,False
01,76,583,29,0.015635227784514427,0.8759642958116247,0.2854716037592883,0.007796358790339963,0.14663398127481414,0,0.14663398127481414,0.5574125973956512,False,False,False
01,77,583,29,0.01193954236805439,0.6446140797285829,0.1630986041917048,0.0,0.0815493020958524,0,0.0815493020958524,0.5574125973956512,False,False,False
01,78,583,29,0.008233001455664635,0.5425097944181895,0.040366153142456555,0.0,0.020183076571228278,0,0.020183076571228278,0.5574125973956512,False,False,False
01,79,583,29,0.010301914997398853,0.5696514398804473,0.10887283794316677,0.0,0.054436418971583383,0,0.054436418971583383,0.5574125973956512,False,False,False
01,80,583,29,0.01320346537977457,0.7141645462256152,0.20495012366298204,0.0,0.10247506183149102,0,0.10247506183149102,0.5574125973956512,False,False,False
01,81,583,30,0.009849932976067066,0.5068056060422472,0.0939066301986856,0.0,0.0469533150993428,0,0.0469533150993428,0.5574125973956512,False,False,False
01,82,583,30,0.010502470657229424,0.5441657579062158,0.11551371640225144,0.0,0.05775685820112572,0,0.05775685820112572,0.5574125973956512,False,False,False
01,83,583,30,0.013154671527445316,0.7107718405428343,0.20333444229481298,0.0,0.10166722114740649,0,0.10166722114740649,0.5574125973956512,False,False,False
01,84,583,32,0.009180325083434582,1.0409548043135823,0.07173430839050131,0.024037116392858174,0.04788571239167974,0,0.04788571239167974,0.5574125973956512,False,False,False
01,85,583,32,0.009499428793787956,0.7773334948907472,0.08230059686169161,0.0,0.041150298430845805,0,0.041150298430845805,0.5574125973956512,False,False,False
01,86,583,32,0.01310840342193842,0.5868169150611899,0.20180239445600862,0.0,0.10090119722800431,0,0.10090119722800431,0.5574125973956512,False,False,False
01,87,583,32,0.01033442746847868,0.49662748899390186,0.1099494037654828,0.0,0.0549747018827414,0,0.0549747018827414,0.5574125973956512,False,False,False
01,88,583,32,0.011410725302994251,0.5356839936992609,0.1455882040408388,0.0,0.0727941020204194,0,0.0727941020204194,0.5574125973956512,False,False,False
01,89,583,32,0.01195377018302679,0.7039864291772685,0.16356972123746596,0.0,0.08178486061873298,0,0.08178486061873298,0.5574125973956512,False,False,False
01,90,583,32,0.01058991625905037,0.9845712670140147,0.11840924981160525,0.01848703129784825,0.06844814055472676,0,0.06844814055472676,0.5574125973956512,False,False,False
01,91,583,32,0.01055261492729187,1.2974675875439237,0.11717411333737432,0.049286823010629116,0.08323046817400172,0,0.08323046817400172,0.5574125973956512,False,False,False
01,92,583,32,0.010606356896460056,1.5355628256391618,0.11895363871052661,0.0727236078495142,0.09583862328002041,0,0.09583862328002041,0.5574125973956512,False,False,False
01,93,583,32,0.012666556984186172,1.7736580637344,0.18717180017025747,0.0961603926883993,0.14166609642932837,0,0.14166609642932837,0.5574125973956512,False,False,False
01,94,583,33,0.013385683298110962,1.152914091845389,0.2109837955611557,0.03505777246976904,0.12302078401546238,0,0.12302078401546238,0.5574125973956512,False,False,False
01,95,583,33,0.00967270415276289,1.3757017650147423,0.08803815919166481,0.05698776486523817,0.07251296202845149,0,0.07251296202845149,0.5574125973956512,False,False,False
01,96,583,34,0.01104980893433094,0.8604143947655389,0.13363739826346974,0.006265712112991083,0.06995155518823042,0,0.06995155518823042,0.5574125973956512,False,False,False
01,97,583,36,0.009771034121513367,1.1293670988327469,0.09129410007066649,0.03273993607264093,0.06201701807165371,0,0.06201701807165371,0.5574125973956512,False,False,False
01,98,583,36,0.010816323570907116,0.8997536249444638,0.12590613841379641,0.010138049421400595,0.0680220939175985,0,0.0680220939175985,0.5574125973956512,False,False,False
01,99,583,36,0.009823804721236229,0.7449412334908501,0.09304146107393407,0.0,0.046520730536967037,0,0.046520730536967037,0.5574125973956512,False,False,False
01,100,583,36,0.010625808499753475,0.6870632901167235,0.119597727904594,0.0,0.059798863952297,0,0.059798863952297,0.5574125973956512,False,False,False
01,101,583,36,0.010661770589649677,0.7261197948220839,0.12078851887173554,0.0,0.06039425943586777,0,0.06039425943586777,0.5574125973956512,False,False,False
01,102,583,36,0.010029788129031658,0.7958318187325821,0.0998620652738511,0.0,0.04993103263692555,0,0.04993103263692555,0.5574125973956512,False,False,False
01,103,583,36,0.008846714161336422,0.9318631608707951,0.060687651376938725,0.013298735417484487,0.036993193397211604,0,0.036993193397211604,0.5574125973956512,False,False,False
01,104,583,38,0.00875953957438469,0.9643362009774211,0.05780109191929772,0.0164952027644671,0.03714814734188241,0,0.03714814734188241,0.5574125973956512,False,False,False
01,105,583,38,0.008886017836630344,0.7789490690254046,0.06198909024354947,0.0,0.030994545121774734,0,0.030994545121774734,0.5574125973956512,False,False,False
01,106,583,38,0.009510960429906845,0.6581849024597124,0.08268243696515529,0.0,0.041341218482577644,0,0.041341218482577644,0.5574125973956512,False,False,False
01,107,583,38,0.008685586042702198,0.6020437012803431,0.055352313281295744,0.0,0.027676156640647872,0,0.027676156640647872,0.5574125973956512,False,False,False
01,108,583,38,0.008785950019955635,0.6173108768528625,0.05867560505562651,0.0,0.029337802527813255,0,0.029337802527813255,0.5574125973956512,False,False,False
01,109,583,38,0.009223409928381443,0.7312088533462593,0.07316095084458278,0.0,0.03658047542229139,0,0.03658047542229139,0.5574125973956512,False,False,False
01,110,583,38,0.009486467577517033,0.9386485722363596,0.08187141993390094,0.013966653967600334,0.047919036950750636,0,0.047919036950750636,0.5574125973956512,False,False,False
01,111,583,38,0.010018421337008476,1.2022294923058292,0.09948568355338798,0.039912109075075156,0.06969889631423157,0,0.06969889631423157,0.5574125973956512,False,False,False
01,112,583,40,0.00888884998857975,0.7449412334908501,0.06208286958086436,0.0,0.03104143479043218,0,0.03104143479043218,0.5574125973956512,False,False,False
01,113,583,40,0.009340607561171055,0.6326588311321141,0.07704164528973459,0.0,0.038520822644867295,0,0.038520822644867295,0.5574125973956512,False,False,False
01,114,583,40,0.012354875914752483,0.6274889939012078,0.17685129312570308,0.0,0.08842564656285154,0,0.08842564656285154,0.5574125973956512,False,False,False
01,115,583,41,0.010362153872847557,0.6156549133648361,0.11086749145085005,0.0,0.055433745725425025,0,0.055433745725425025,0.5574125973956512,False,False,False
01,116,583,42,0.008864985778927803,0.9048426834686364,0.06129266841698507,0.010638988333987413,0.035965828375486245,0,0.035965828375486245,0.5574125973956512,False,False,False
01,117,583,42,0.013436826877295971,0.670099761702815,0.21267728201582442,0.0,0.10633864100791221,0,0.10633864100791221,0.5574125973956512,False,False,False
01,118,583,42,0.010501197539269924,0.5255058766509135,0.11547156041602669,0.0,0.05773578020801334,0,0.05773578020801334,0.5574125973956512,False,False,False
01,119,583,42,0.008749830536544323,0.5084615695302701,0.05747960241206069,0.0,0.028739801206030344,0,0.028739801206030344,0.5574125973956512,False,False,False
01,120,583,42,0.011758491396903992,0.588351710489115,0.15710357271104367,0.0,0.07855178635552183,0,0.07855178635552183,0.5574125973956512,False,False,False
01,121,583,42,0.00991091225296259,0.7617835938446634,0.0959258001723884,0.0,0.0479629000861942,0,0.0479629000861942,0.5574125973956512,False,False,False
01,122,583,42,0.009021180681884289,0.9896603255381894,0.06646465592079741,0.018987970210435277,0.04272631306561634,0,0.04272631306561634,0.5574125973956512,False,False,False
01,123,583,45,0.007915927097201347,1.6072943172179803,0.029867061374985154,0.0797844610935955,0.054825761234290324,0,0.054825761234290324,0.5574125973956512,False,False,False
01,124,583,45,0.007523606065660715,1.2110343713397147,0.01687637195936323,0.04077881290796341,0.02882759243366332,0,0.02882759243366332,0.5574125973956512,False,False,False
01,125,583,45,0.007677210960537195,0.9474130619168795,0.021962598089590318,0.014829382094833225,0.01839599009221177,0,0.01839599009221177,0.5574125973956512,False,False,False
01,126,583,45,0.008611341007053852,0.7484147178803673,0.052893882248496144,0.0,0.026446941124248072,0,0.026446941124248072,0.5574125973956512,False,False,False
01,127,583,45,0.007177361752837896,0.6293065148026987,0.005411393107367041,0.0,0.0027056965536835205,0,0.0027056965536835205,0.5574125973956512,False,False,False
01,128,583,45,0.007973301224410534,0.6326588311321155,0.03176685620408223,0.0,0.015883428102041117,0,0.015883428102041117,0.5574125973956512,False,False,False
01,129,583,45,0.007574280723929405,0.7329455955410166,0.01855433131888625,0.0,0.009277165659443126,0,0.009277165659443126,0.5574125973956512,False,False,False
01,130,583,45,0.007049588020890951,0.9216850438224484,0.001180498677161651,0.012296857592310709,0.00673867813473618,0,0.00673867813473618,0.5574125973956512,False,False,False
01,131,583,45,0.008335443213582039,1.175047457490206,0.043758245213252146,0.0372364591689564,0.04049735219110427,0,0.04049735219110427,0.5574125973956512,False,False,False
01,132,583,46,0.00830004457384348,0.7124681933842241,0.04258611143094307,0.0,0.021293055715471534,0,0.021293055715471534,0.5574125973956512,False,False,False
01,133,583,48,0.007312883622944355,1.125974393149966,0.00989884695776029,0.032405976797583134,0.021152411877671713,0,0.021152411877671713,0.5574125973956512,False,False,False
01,134,583,49,0.006942338310182095,1.654913364837028,0.0,0.08447181806137251,0.042235909030686254,0,0.042235909030686254,0.5574125973956512,False,False,False
01,135,583,49,0.00813375599682331,1.2654388303243267,0.037079898192892376,0.04613408842585627,0.04160699330937433,0,0.04160699330937433,0.5574125973956512,False,False,False
01,136,583,49,0.009814546443521976,0.9899026616583863,0.09273489731456301,0.0190118244443678,0.05587336087946541,0,0.05587336087946541,0.5574125973956512,False,False,False
01,137,583,49,0.009962931275367737,0.8572236358495887,0.09764827464977201,0.00595163136621039,0.0517999530079912,0,0.0517999530079912,0.5574125973956512,False,False,False
01,138,583,49,0.01148158498108387,0.7891675754271168,0.14793453777303345,0.0,0.07396726888651672,0,0.07396726888651672,0.5574125973956512,False,False,False
01,139,583,50,0.009307445026934147,0.9524617310876854,0.07594355431863664,0.015326345301764566,0.0456349498102006,0,0.0456349498102006,0.5574125973956512,False,False,False
01,140,583,50,0.010343010537326336,0.8078678460357852,0.11023360974137694,0.0010933190552491231,0.05566346439831303,0,0.05566346439831303,0.5574125973956512,False,False,False
01,141,583,50,0.011760725639760494,0.7602084090633708,0.15717755384561072,0.0,0.07858877692280536,0,0.07858877692280536,0.5574125973956512,False,False,False
01,142,583,50,0.008421406149864197,0.8077870673290529,0.04660468401392285,0.0010853676439382814,0.023845025828930565,0,0.023845025828930565,0.5574125973956512,False,False,False
01,143,583,50,0.012292053550481796,0.9199886909810593,0.17477109411268882,0.012129877954781942,0.09345048603373537,0,0.09345048603373537,0.5574125973956512,False,False,False
01,144,583,50,0.009938472881913185,1.0441051738761682,0.09683839863643304,0.024347221433983622,0.06059281003520833,0,0.06059281003520833,0.5574125973956512,False,False,False
01,145,583,50,0.010197386145591736,1.226059210792037,0.10541163719268598,0.04225777541179146,0.07383470630223872,0,0.07383470630223872,0.5574125973956512,False,False,False
01,146,583,50,0.01353881973773241,1.4403247304010673,0.21605451001539813,0.06334889391396024,0.13970170196467918,0,0.13970170196467918,0.5574125973956512,False,False,False
01,147,583,50,0.014272884465754032,1.6784199684963053,0.24036115209177183,0.08678567875284532,0.16357341542230858,0,0.16357341542230858,0.5574125973956512,False,False,False
01,148,583,52,0.010232895612716675,0.8095238095238089,0.10658744073531748,0.0012563229871225359,0.05392188186122001,0,0.05392188186122001,0.5574125973956512,False,False,False
01,149,583,53,0.010902363806962967,0.9115877054808353,0.1287551367951962,0.011302931178447904,0.07002903398682206,0,0.07002903398682206,0.5574125973956512,False,False,False
01,150,583,53,0.015579769387841225,0.8010016559634885,0.2836352433586216,0.0004174490938224336,0.142026346226222,0,0.142026346226222,0.5574125973956512,False,False,False
01,151,583,53,0.01219875831156969,0.7822609960014533,0.17168186520261983,0.0,0.08584093260130991,0,0.08584093260130991,0.5574125973956512,False,False,False
01,152,583,54,0.009892983362078667,0.7346823377357711,0.0953321316348517,0.0,0.04766606581742585,0,0.04766606581742585,0.5574125973956512,False,False,False
01,153,583,54,0.009188157506287098,0.6614968294357597,0.07199365867883353,0.0,0.03599682933941677,0,0.03599682933941677,0.5574125973956512,False,False,False
01,154,583,56,0.010314210318028927,1.654913364837028,0.1092799654707009,0.08447181806137251,0.0968758917660367,0,0.0968758917660367,0.5574125973956512,False,False,False
01,155,583,56,0.00874754972755909,1.3538915141968575,0.057404079361391774,0.054840883811294455,0.056122481586343115,0,0.056122481586343115,0.5574125973956512,False,False,False
01,156,583,56,0.008706163614988327,1.0851811462498484,0.05603368600670602,0.028390514085577332,0.042212100046141676,0,0.042212100046141676,0.5574125973956512,False,False,False
01,157,583,56,0.012121603824198246,0.858960378044346,0.16912709525177624,0.006122586709394775,0.08762484098058551,0,0.08762484098058551,0.5574125973956512,False,False,False
01,158,583,56,0.010610337369143963,0.7058443394321255,0.11908544169891327,0.0,0.05954272084945664,0,0.05954272084945664,0.5574125973956512,False,False,False
01,159,583,58,0.010179773904383183,1.8930086029322661,0.10482845368464191,0.10790860290025761,0.10636852829244976,0,0.10636852829244976,0.5574125973956512,False,False,False
01,160,583,58,0.01312240306288004,1.5477604103558302,0.20226595611287068,0.07392427095746046,0.13809511353516557,0,0.13809511353516557,0.5574125973956512,False,False,False
01,161,583,58,0.012480712495744228,1.2671351831657172,0.18101804384607126,0.04630106806338517,0.11365955595472821,0,0.11365955595472821,0.5574125973956512,False,False,False
01,162,583,58,0.013174640014767647,1.0511329213619283,0.20399564675761098,0.025038994218031876,0.11451732048782143,0,0.11451732048782143,0.5574125973956512,False,False,False
01,163,583,58,0.011861372739076614,0.8997536249444651,0.16051022046984076,0.010138049421400726,0.08532413494562074,0,0.08532413494562074,0.5574125973956512,False,False,False
01,164,583,58,0.0092883026227355,0.8282644694858454,0.07530970344748557,0.003101050411252164,0.03920537692936887,0,0.03920537692936887,0.5574125973956512,False,False,False
01,165,583,58,0.015121693722903728,0.8826285391170907,0.2684672604730515,0.008452350223489549,0.13845980534827054,0,0.13845980534827054,0.5574125973956512,False,False,False
01,166,583,58,0.012674474157392979,1.0373197625106025,0.18743395674589508,0.023679302883867655,0.10555662981488137,0,0.10555662981488137,0.5574125973956512,False,False,False
01,167,583,58,0.010758846066892147,1.270285552728301,0.12400292053095321,0.04661117310451042,0.08530704681773182,0,0.08530704681773182,0.5574125973956512,False,False,False
01,168,583,58,0.013052007183432579,1.5355628256391625,0.19993497986505052,0.07272360784951427,0.1363292938572824,0,0.1363292938572824,0.5574125973956512,False,False,False
01,169,583,58,0.012015641666948795,1.8212771113534483,0.1656184343236803,0.10084774965617639,0.13323309198992836,0,0.13323309198992836,0.5574125973956512,False,False,False
01,170,583,58,0.015751469880342484,2.059372349448686,0.28932065808603,0.12428453449506145,0.20680259629054573,0,0.20680259629054573,0.5574125973956512,False,False,False
01,171,583,60,0.011081947945058346,0.8808514075689639,0.13470159791864889,0.008277419174649404,0.07148950854664915,0,0.07148950854664915,0.5574125973956512,False,False,False
01,172,583,61,0.009314186871051788,0.802698008804879,0.07616679293186339,0.0005844287313513328,0.038375610831607364,0,0.038375610831607364,0.5574125973956512,False,False,False
01,173,583,61,0.012969493865966797,0.8060503251342943,0.19720276620920532,0.0009144123007537649,0.09905858925497954,0,0.09905858925497954,0.5574125973956512,False,False,False
01,174,583,61,0.011076061055064201,0.8995516781776323,0.13450666888505222,0.010118170893123415,0.07231241988908782,0,0.07231241988908782,0.5574125973956512,False,False,False
01,175,583,61,0.009708856232464314,0.9811785613312332,0.08923524117650192,0.018153072022790397,0.05369415659964616,0,0.05369415659964616,0.5574125973956512,False,False,False
01,176,583,61,0.01007912214845419,1.0951169271779968,0.10149563286880167,0.029368537676818445,0.06543208527281005,0,0.06543208527281005,0.5574125973956512,False,False,False
01,177,583,61,0.009409098885953426,1.2413667757179219,0.07930955716898883,0.04376456785520742,0.061537062512098124,0,0.061537062512098124,0.5574125973956512,False,False,False
01,178,583,63,0.00851681362837553,0.8809725756290631,0.04976385423837204,0.008289346291615743,0.02902660026499389,0,0.02902660026499389,0.5574125973956512,False,False,False
01,179,583,63,0.009077736176550388,0.7856940910376023,0.06833734386482386,0.0,0.03416867193241193,0,0.03416867193241193,0.5574125973956512,False,False,False
01,180,583,64,0.009736952371895313,1.0204774021567904,0.09016557167571791,0.022021433625544345,0.05609350265063113,0,0.05609350265063113,0.5574125973956512,False,False,False
01,181,583,64,0.009669899009168148,0.773860010501232,0.087945274165689,0.0,0.0439726370828445,0,0.0439726370828445,0.5574125973956512,False,False,False
01,182,583,64,0.009065637364983559,0.6241770669251592,0.06793672322323957,0.0,0.033968361611619785,0,0.033968361611619785,0.5574125973956512,False,False,False
01,183,583,64,0.009279062040150166,0.5765176299527461,0.07500372561623322,0.0,0.03750186280811661,0,0.03750186280811661,0.5574125973956512,False,False,False
01,184,583,64,0.008420631289482117,0.6190072296942543,0.046579026529987966,0.0,0.023289513264993983,0,0.023289513264993983,0.5574125973956512,False,False,False
01,185,583,64,0.010602984577417374,0.7261197948220852,0.11884197314643018,0.0,0.05942098657321509,0,0.05942098657321509,0.5574125973956512,False,False,False
01,186,583,66,0.009862891398370266,1.0868774990912402,0.09433571461151016,0.028557493723106363,0.061446604167308266,0,0.061446604167308266,0.5574125973956512,False,False,False
01,187,583,66,0.008495788089931011,0.7875116119390932,0.04906764828006191,0.0,0.024533824140030955,0,0.024533824140030955,0.5574125973956512,False,False,False
01,188,583,66,0.010931017808616161,0.6173916555595961,0.12970393944931244,0.0,0.06485196972465622,0,0.06485196972465622,0.5574125973956512,False,False,False
01,189,583,66,0.009822051972150803,0.5816066884769174,0.0929834233518602,0.0,0.0464917116759301,0,0.0464917116759301,0.5574125973956512,False,False,False
01,190,583,66,0.009026779793202877,0.6648895351185432,0.0666500559128846,0.0,0.0333250279564423,0,0.0333250279564423,0.5574125973956512,False,False,False
01,191,583,66,0.01107848808169365,0.8451068298396548,0.13458703355228097,0.004758919669575199,0.06967297661092808,0,0.06967297661092808,0.5574125973956512,False,False,False
01,192,583,66,0.010442186146974564,1.1069913970677325,0.11351755181678834,0.030537395139520977,0.07202747347815466,0,0.07202747347815466,0.5574125973956512,False,False,False
01,193,583,69,0.009541674517095089,1.5120562219798865,0.08369945398761763,0.0704097471580416,0.07705460057282962,0,0.07705460057282962,0.5574125973956512,False,False,False
01,194,583,69,0.010078595019876957,1.163415323720667,0.10147817837852867,0.03609145594018639,0.06878481715935753,0,0.06878481715935753,0.5574125973956512,False,False,False
01,195,583,69,0.009711772203445435,0.8606567308857378,0.08933179596280016,0.0062895663469238056,0.047810681154861985,0,0.047810681154861985,0.5574125973956512,False,False,False
01,196,583,69,0.01037957426160574,0.665010703178641,0.11144432226455447,0.0,0.05572216113227724,0,0.05572216113227724,0.5574125973956512,False,False,False
01,197,583,69,0.009080857038497925,0.5986106062441927,0.06844068308197027,0.0,0.03422034154098513,0,0.03422034154098513,0.5574125973956512,False,False,False
01,198,583,69,0.009091128595173359,0.6512783230340475,0.06878079893571772,0.0,0.03439039946785886,0,0.03439039946785886,0.5574125973956512,False,False,False
01,199,583,70,0.009893273003399372,0.573165313623328,0.09534172235300525,0.0,0.04767086117650263,0,0.04767086117650263,0.5574125973956512,False,False,False
01,200,583,70,0.00975149404257536,0.5492952057837547,0.09064708123600558,0.0,0.04532354061800279,0,0.04532354061800279,0.5574125973956512,False,False,False
01,201,583,71,0.013635188341140747,0.7228886465527683,0.21924550538818963,0.0,0.10962275269409481,0,0.10962275269409481,0.5574125973956512,False,False,False
01,202,583,72,0.011666767299175262,1.2314309947897728,0.15406636805025128,0.04278654426396624,0.09842645615710877,0,0.09842645615710877,0.5574125973956512,False,False,False
01,203,583,73,0.0102000767365098,1.7977705076941715,0.10550072910505123,0.09853388896470362,0.10201730903487743,0,0.10201730903487743,0.5574125973956512,False,False,False
01,204,583,73,0.010850056074559689,1.4015105618159045,0.1270231024379811,0.059528240779071415,0.09327567160852626,0,0.09327567160852626,0.5574125973956512,False,False,False
01,205,583,73,0.00911734439432621,1.0460438628377549,0.06964886686274074,0.02453805530544498,0.04709346108409286,0,0.04709346108409286,0.5574125973956512,False,False,False
01,206,583,73,0.013508073054254055,0.7858152590977008,0.21503641365166448,0.0,0.10751820682583224,0,0.10751820682583224,0.5574125973956512,False,False,False
01,207,583,73,0.011694850400090218,0.6888404216648483,0.15499626681295875,0.0,0.07749813340647937,0,0.07749813340647937,0.5574125973956512,False,False,False
01,208,583,74,0.011707360856235027,0.911668484187567,0.15541051799288347,0.01131088258975868,0.08336070029132107,0,0.08336070029132107,0.5574125973956512,False,False,False
01,209,583,74,0.011232126504182816,0.734763116442504,0.13967436986210138,0.0,0.06983718493105069,0,0.06983718493105069,0.5574125973956512,False,False,False
01,210,583,74,0.009923539124429226,0.6598812553011009,0.09634390614256774,0.0,0.04817195307128387,0,0.04817195307128387,0.5574125973956512,False,False,False
01,211,583,74,0.015027844347059727,0.7142453249323475,0.26535968276137045,0.0,0.13267984138068523,0,0.13267984138068523,0.5574125973956512,False,False,False
01,212,583,75,0.011649798601865768,0.5595541015388343,0.15350449382273487,0.0,0.07675224691136744,0,0.07675224691136744,0.5574125973956512,False,False,False
01,213,583,75,0.009294532239437103,0.47615008683710935,0.0755159809835919,0.0,0.03775799049179595,0,0.03775799049179595,0.5574125973956512,False,False,False
01,214,583,75,0.015196513384580612,0.5883517104891144,0.27094471875054804,0.0,0.13547235937527402,0,0.13547235937527402,0.5574125973956512,False,False,False
01,215,583,76,0.012386591173708439,0.4728381598610594,0.17790146134435533,0.0,0.08895073067217767,0,0.08895073067217767,0.5574125973956512,False,False,False
01,216,583,76,0.010027674026787281,0.44896805202148604,0.09979206228282682,0.0,0.04989603114141341,0,0.04989603114141341,0.5574125973956512,False,False,False
01,217,583,76,0.012947927229106426,0.5832626519649418,0.19648864318579162,0.0,0.09824432159289581,0,0.09824432159289581,0.5574125973956512,False,False,False
01,218,583,77,0.012632128782570362,0.44048628781453253,0.18603179991951108,0.0,0.09301589995975554,0,0.09301589995975554,0.5574125973956512,False,False,False
01,219,583,77,0.010707259178161621,0.40979037925602785,0.12229475503499483,0.0,0.061147377517497416,0,0.061147377517497416,0.5574125973956512,False,False,False
01,220,583,77,0.011615905910730362,0.6036188860616337,0.15238222560715983,0.0,0.07619111280357992,0,0.07619111280357992,0.5574125973956512,False,False,False
01,221,583,77,0.011436211876571178,0.9165152065915427,0.14643212556170676,0.011787967268412974,0.07911004641505986,0,0.07911004641505986,0.5574125973956512,False,False,False
01,222,583,78,0.014183350838720798,0.42505755482854857,0.23739647916441078,0.0,0.11869823958220539,0,0.11869823958220539,0.5574125973956512,False,False,False
01,223,583,78,0.012003445066511631,0.5661779554909329,0.16521457565828213,0.0,0.08260728782914106,0,0.08260728782914106,0.5574125973956512,False,False,False
01,224,583,78,0.010864007286727428,0.7736580637343999,0.1274850605020972,0.0,0.0637425302510486,0,0.0637425302510486,0.5574125973956512,False,False,False
01,225,583,79,0.0156940296292305,0.31964134254210663,0.28741867373606833,0.0,0.14370933686803417,0,0.14370933686803417,0.5574125973956512,False,False,False
01,226,583,80,0.01035590935498476,0.6174724342663277,0.11066072050159112,0.0,0.05533036025079556,0,0.05533036025079556,0.5574125973956512,False,False,False
01,227,583,80,0.00915242824703455,0.379296417464356,0.07081057729220128,0.0,0.03540528864610064,0,0.03540528864610064,0.5574125973956512,False,False,False
01,228,583,80,0.013849390670657158,0.3077668726523695,0.2263382577800843,0.0,0.11316912889004214,0,0.11316912889004214,0.5574125973956512,False,False,False
01,229,583,82,0.013446148484945297,1.5596752695989333,0.212985942781094,0.07509710412581853,0.14404152345345628,0,0.14404152345345628,0.5574125973956512,False,False,False
01,230,583,82,0.009637251496315002,1.2110343713397138,0.08686423678667757,0.04077881290796332,0.06382152484732044,0,0.06382152484732044,0.5574125973956512,False,False,False
01,231,583,82,0.012866674922406673,0.8947049557736572,0.1937981846179847,0.009641086214469187,0.10171963541622694,0,0.10171963541622694,0.5574125973956512,False,False,False
01,232,583,82,0.00960304494947195,0.6140797285835442,0.08573157605657601,0.0,0.042865788028288006,0,0.042865788028288006,0.5574125973956512,False,False,False
01,233,583,82,0.008988505229353905,0.4643563956541045,0.06538269339212488,0.0,0.03269134669606244,0,0.03269134669606244,0.5574125973956512,False,False,False
01,234,583,82,0.008380565792322159,0.45575346338705053,0.04525236191595085,0.0,0.022626180957975424,0,0.022626180957975424,0.5574125973956512,False,False,False
01,235,583,82,0.008391039445996284,0.6325376630720143,0.04559916968558036,0.0,0.02279958484279018,0,0.02279958484279018,0.5574125973956512,False,False,False
01,236,583,83,0.008316922932863235,0.46774910133688674,0.04314499434122188,0.0,0.02157249717061094,0,0.02157249717061094,0.5574125973956512,False,False,False
01,237,583,83,0.010807915590703487,0.45744981622844094,0.12562773004244526,0.0,0.06281386502122263,0,0.06281386502122263,0.5574125973956512,False,False,False
01,238,583,83,0.013628284446895123,0.629144957389232,0.2190169009069284,0.0,0.1095084504534642,0,0.1095084504534642,0.5574125973956512,False,False,False
01,239,583,83,0.011242379434406757,0.8688961589724952,0.1400138689494081,0.007100610300635962,0.07355723962502203,0,0.07355723962502203,0.5574125973956512,False,False,False
01,240,583,83,0.008016595616936684,1.1546104446867809,0.03320043728062206,0.035224752107298064,0.03421259469396006,0,0.03421259469396006,0.5574125973956512,False,False,False
01,241,583,83,0.010943629778921604,1.4403247304010667,0.13012155200633918,0.06334889391396017,0.09673522296014968,0,0.09673522296014968,0.5574125973956512,False,False,False
01,242,583,83,0.009841188788414001,1.7260390161153523,0.09361708919307904,0.09147303572062228,0.09254506245685065,0,0.09254506245685065,0.5574125973956512,False,False,False
01,243,583,83,0.00857820175588131,1.9641342542105904,0.05179656223544913,0.11490982055950737,0.08335319139747825,0,0.08335319139747825,0.5574125973956512,False,False,False
01,244,583,85,0.010234533809125423,0.7856133123308707,0.10664168534378078,0.0,0.05332084267189039,0,0.05332084267189039,0.5574125973956512,False,False,False
01,245,583,85,0.00820082612335682,0.9403449250777507,0.03930075079271796,0.014133633605129299,0.026717192198923632,0,0.026717192198923632,0.5574125973956512,False,False,False
01,246,583,85,0.008632436394691467,1.1002059857021702,0.05359240108095906,0.029869476589405336,0.041730938835182196,0,0.041730938835182196,0.5574125973956512,False,False,False
01,247,583,85,0.00783255510032177,1.2447594814007035,0.027106414786221732,0.04409852713026528,0.03560247095824351,0,0.03560247095824351,0.5574125973956512,False,False,False
01,248,583,85,0.007558193523436785,1.4216244597923995,0.018021645563177976,0.06150814219548629,0.03976489387933213,0,0.03976489387933213,0.5574125973956512,False,False,False
01,249,583,87,0.008101608604192734,0.8554061149481013,0.0360154209928149,0.00577272461171537,0.020894072802265136,0,0.020894072802265136,0.5574125973956512,False,False,False
01,250,583,87,0.010887986980378628,0.7244234419806955,0.1282790856179091,0.0,0.06413954280895455,0,0.06413954280895455,0.5574125973956512,False,False,False
01,251,583,87,0.009305468760430813,0.6818934528858206,0.07587811539927386,0.0,0.03793905769963693,0,0.03793905769963693,0.5574125973956512,False,False,False
01,252,583,88,0.010615500621497631,0.6904963851528746,0.1192564093562871,0.0,0.05962820467814355,0,0.05962820467814355,0.5574125973956512,False,False,False
01,253,583,89,0.014022338204085827,1.1787228886465524,0.23206496502070043,0.037598248383602394,0.1348316067021514,0,0.1348316067021514,0.5574125973956512,False,False,False
01,254,583,89,0.010925257578492165,0.8878791550547273,0.12951320442751282,0.008969191958697983,0.0692411981931054,0,0.0692411981931054,0.5574125973956512,False,False,False
01,255,583,89,0.013291326351463795,0.6667474453733989,0.2078594109639644,0.0,0.1039297054819822,0,0.1039297054819822,0.5574125973956512,False,False,False
01,256,583,89,0.010541786439716816,0.5799507249888931,0.11681555616704867,0.0,0.058407778083524334,0,0.058407778083524334,0.5574125973956512,False,False,False
01,257,583,89,0.008947152644395828,0.5629064178682497,0.06401341021703245,0.0,0.03200670510851623,0,0.03200670510851623,0.5574125973956512,False,False,False
01,258,583,89,0.012457223609089851,0.639403853144311,0.1802402705259729,0.0,0.09012013526298646,0,0.09012013526298646,0.5574125973956512,False,False,False
01,259,583,89,0.011261320672929287,0.7805242538066967,0.14064105874299915,0.0,0.07032052937149957,0,0.07032052937149957,0.5574125973956512,False,False,False
01,260,583,90,0.011237728409469128,0.5493355951371208,0.1398598623691547,0.0,0.06992993118457735,0,0.06992993118457735,0.5574125973956512,False,False,False
01,261,583,90,0.011466731317341328,0.6139181711700782,0.14744269737486335,0.0,0.07372134868743167,0,0.07372134868743167,0.5574125973956512,False,False,False
01,262,583,92,0.010840952396392822,1.2314309947897728,0.1267216578400682,0.04278654426396624,0.08475410105201722,0,0.08475410105201722,0.5574125973956512,False,False,False
01,263,583,92,0.010537639260292053,0.8725715901288411,0.11667823311901734,0.007462399515281903,0.062070316317149626,0,0.062070316317149626,0.5574125973956512,False,False,False
01,264,583,92,0.009987199679017067,0.593602326426753,0.0984518596454154,0.0,0.0492259298227077,0,0.0492259298227077,0.5574125973956512,False,False,False
01,265,583,95,0.011735760606825352,2.893008602932267,0.15635090178508354,0.20634309922357502,0.18134700050432928,0,0.18134700050432928,0.5574125973956512,False,False,False
01,266,583,95,0.009975607506930828,2.449129609434952,0.09806801505101932,0.16265009407016578,0.13035905456059255,0,0.13035905456059255,0.5574125973956512,False,False,False
01,267,583,95,0.010422351770102978,2.0375620986308,0.11286078807236369,0.1221376534411176,0.11749922075674064,0,0.11749922075674064,0.5574125973956512,False,False,False
01,268,583,95,0.01082557998597622,1.6583060705198096,0.1262126404965234,0.08480577733643038,0.10550920891647689,0,0.10550920891647689,0.5574125973956512,False,False,False
01,269,583,95,0.00988409761339426,1.311361525101982,0.09503790320429549,0.050654465756104196,0.07284618448019985,0,0.07284618448019985,0.5574125973956512,False,False,False
01,270,583,95,0.01173139363527298,1.0919665576154107,0.15620630089305146,0.029058432635692973,0.09263236676437221,0,0.09263236676437221,0.5574125973956512,False,False,False
01,271,583,95,0.009423847310245037,0.9201502483945219,0.07979791283676874,0.012145780777403428,0.04597184680708608,0,0.04597184680708608,0.5574125973956512,False,False,False
01,272,583,95,0.010401547886431217,0.8452683872531187,0.1121719216346984,0.004774822492196817,0.05847337206344761,0,0.05847337206344761,0.5574125973956512,False,False,False
01,273,583,95,0.01131100207567215,0.9149400218102501,0.14228612903206958,0.011632914747850283,0.07695952188995993,0,0.07695952188995993,0.5574125973956512,False,False,False
01,274,583,96,0.010554575361311436,0.8759239064582565,0.11723902800526247,0.007792383084684335,0.0625157055449734,0,0.0625157055449734,0.5574125973956512,False,False,False
01,275,583,96,0.009414383210241795,0.8418756815703364,0.07948453380822747,0.004440863217138887,0.04196269851268318,0,0.04196269851268318,0.5574125973956512,False,False,False
01,276,583,96,0.008663085289299488,0.9047619047619034,0.0546072594208788,0.010631036922676505,0.032619148171777655,0,0.032619148171777655,0.5574125973956512,False,False,False
01,277,583,96,0.00859981682151556,1.0561008118260011,0.05251228885160876,0.0255280060136523,0.039020147432630534,0,0.039020147432630534,0.5574125973956512,False,False,False
01,278,583,96,0.008811944164335728,1.2499293186316085,0.0595363334620047,0.044607417454162954,0.052071875458083824,0,0.052071875458083824,0.5574125973956512,False,False,False
01,279,583,96,0.008626854047179222,1.5083807908235385,0.05340755617866853,0.07004795794339545,0.06172775706103199,0,0.06172775706103199,0.5574125973956512,False,False,False
01,280,583,98,0.008948275819420815,0.8112201623652013,0.06405060123340924,0.0014233026246516318,0.032736951929030436,0,0.032736951929030436,0.5574125973956512,False,False,False
01,281,583,98,0.008358333259820938,0.7720424895997418,0.0445161894922806,0.0,0.0222580947461403,0,0.0222580947461403,0.5574125973956512,False,False,False
01,282,583,98,0.008298003114759922,0.8621107476069321,0.04251851382903769,0.006432691750520245,0.024475602789778967,0,0.024475602789778967,0.5574125973956512,False,False,False
01,283,583,98,0.009840656071901321,1.054283290924513,0.0935994496728738,0.025349099259157213,0.059474274466015505,0,0.059474274466015505,0.5574125973956512,False,False,False
01,284,583,98,0.009005683474242687,1.2787673169352567,0.06595150624209965,0.047446071292155244,0.056698788767127445,0,0.056698788767127445,0.5574125973956512,False,False,False
01,285,583,98,0.009222228080034256,1.5355628256391618,0.07312181701391768,0.0727236078495142,0.07292271243171594,0,0.07292271243171594,0.5574125973956512,False,False,False
01,286,583,98,0.008799719624221325,1.6784199684963046,0.0591315496469454,0.08678567875284525,0.07295861419989533,0,0.07295861419989533,0.5574125973956512,False,False,False
01,287,583,98,0.00913387443870306,1.8212771113534476,0.07019621624057767,0.10084774965617632,0.085521982948377,0,0.085521982948377,0.5574125973956512,False,False,False
01,288,583,98,0.008341795764863491,1.9641342542105904,0.04396859340786738,0.11490982055950737,0.07943920698368737,0,0.07943920698368737,0.5574125973956512,False,False,False
01,289,583,101,0.0083288149908185,0.8911910820307772,0.04353876887531393,0.009295199822445071,0.0264169843488795,0,0.0264169843488795,0.5574125973956512,False,False,False
01,290,583,101,0.00884560588747263,0.7159820671271061,0.060650953773714544,0.0,0.030325476886857272,0,0.030325476886857272,0.5574125973956512,False,False,False
01,291,583,101,0.008809167891740799,0.6377075003029207,0.05944440442401203,0.0,0.029722202212006017,0,0.029722202212006017,0.5574125973956512,False,False,False
01,292,583,101,0.009362961165606976,0.6461892645098756,0.07778182669526966,0.0,0.03889091334763483,0,0.03889091334763483,0.5574125973956512,False,False,False
01,293,583,101,0.009621759876608849,0.7192939941031546,0.08635127213791204,0.0,0.04317563606895602,0,0.04317563606895602,0.5574125973956512,False,False,False
01,294,583,101,0.01969762146472931,0.857021689082758,0.4199871926289898,0.0059317528379332855,0.21295947273346155,0,0.21295947273346155,0.5574125973956512,False,False,False
01,295,583,102,0.026900555938482285,0.5849993941597004,0.6584936123897414,0.0,0.3292468061948707,0,0.3292468061948707,0.5574125973956512,False,False,False
01,296,583,103,0.024235667660832405,0.7909043176218747,0.570252776036068,0.0,0.285126388018034,0,0.285126388018034,0.5574125973956512,False,False,False
01,297,583,103,0.022041454911231995,0.6310028676440884,0.497597134226805,0.0,0.2487985671134025,0,0.2487985671134025,0.5574125973956512,False,False,False
01,298,583,103,0.020033594220876694,0.5697322185871796,0.43111205562723853,0.0,0.21555602781361927,0,0.21555602781361927,0.5574125973956512,False,False,False
01,299,583,104,0.020382653921842575,0.7517670342097821,0.442670258726753,0.0,0.2213351293633765,0,0.2213351293633765,0.5574125973956512,False,False,False
01,300,583,104,0.020434308797121048,0.5816470778302836,0.4443806754202201,0.0,0.22219033771011004,0,0.22219033771011004,0.5574125973956512,False,False,False
01,301,583,105,0.021137788891792297,0.9474130619168788,0.4676745870008946,0.014829382094833159,0.24125198454786387,0,0.24125198454786387,0.5574125973956512,False,False,False
01,302,583,105,0.03999863564968109,0.6905771638596055,1.0922024166336965,0.0,0.5461012083168483,0,0.5461012083168483,0.5574125973956512,False,False,False
01,303,583,105,0.04640305042266846,0.562987196574982,1.304267935726529,0.0,0.6521339678632645,0,0.6521339678632645,0.5574125973956512,True,False,False
01,304,583,105,0.01899871975183487,0.5680358657457878,0.3968448822394498,0.0,0.1984224411197249,0,0.1984224411197249,0.5574125973956512,False,False,False
01,305,583,105,0.011445412412285805,0.6938487014822886,0.1467367773451115,0.0,0.07336838867255575,0,0.07336838867255575,0.5574125973956512,False,False,False
01,306,583,105,0.01143160741776228,0.8842845026051123,0.14627966089755523,0.008615354155362754,0.07744750752645899,0,0.07744750752645899,0.5574125973956512,False,False,False
01,307,583,107,0.009009065106511116,0.8589603780443481,0.06606348018941645,0.006122586709394983,0.03609303344940572,0,0.03609303344940572,0.5574125973956512,False,False,False
01,308,583,107,0.007300541736185551,0.5527686901732698,0.009490177514124312,0.0,0.004745088757062156,0,0.004745088757062156,0.5574125973956512,False,False,False
01,309,583,107,0.006725638173520565,0.40813441576800424,0.0,0.0,0.0,0,0.0,0.5574125973956512,False,False,False
01,310,583,107,0.007148869335651398,0.46419483824063995,0.00446794090212426,0.0,0.00223397045106213,0,0.00223397045106213,0.5574125973956512,False,False,False
01,311,583,109,0.006370527669787407,1.3215800315036954,0.0,0.05166031928693346,0.02583015964346673,0,0.02583015964346673,0.5574125973956512,False,False,False
01,312,583,109,0.006644082721322775,0.9729391332444758,0.0,0.017342028069078242,0.008671014034539121,0,0.008671014034539121,0.5574125973956512,False,False,False
01,313,583,109,0.0062976982444524765,0.6667878347267658,0.0,0.0,0.0,0,0.0,0.5574125973956512,False,False,False
01,314,583,109,0.006230257451534271,0.47623086554384164,0.0,0.0,0.0,0,0.0,0.5574125973956512,False,False,False
01,315,583,109,0.005869744811207056,0.44723130982673015,0.0,0.0,0.0,0,0.0,0.5574125973956512,False,False,False
01,316,583,110,0.006767287850379944,0.5324124560765765,0.0,0.0,0.0,0,0.0,0.5574125973956512,False,False,False
01,317,583,111,0.006622433662414551,1.0392584514721919,0.0,0.023870136755329275,0.011935068377664637,0,0.011935068377664637,0.5574125973956512,False,False,False
01,318,583,111,0.005758179817348719,0.726321741588916,0.0,0.0,0.0,0,0.0,0.5574125973956512,False,False,False
01,319,583,112,0.00631137378513813,1.2263419362656,0.0,0.042285605351379416,0.021142802675689708,0,0.021142802675689708,0.5574125973956512,False,False,False
01,320,583,112,0.007450529374182224,0.8844864493719437,0.014456627601559205,0.008635232683639924,0.011545930142599563,0,0.011545930142599563,0.5574125973956512,False,False,False
01,321,583,112,0.0060258060693740845,0.6395654105577757,0.0,0.0,0.0,0,0.0,0.5574125973956512,False,False,False
01,322,583,112,0.005978760309517384,0.5493759844904863,0.0,0.0,0.0,0,0.0,0.5574125973956512,False,False,False
01,323,583,112,0.007572895847260952,0.5850397835130645,0.01850847473401705,0.0,0.009254237367008524,0,0.009254237367008524,0.5574125973956512,False,False,False
01,324,583,112,0.009432977065443993,0.7176380306151283,0.08010022090769867,0.0,0.04005011045384933,0,0.04005011045384933,0.5574125973956512,False,False,False
01,325,583,112,0.008102244697511196,0.9420816672725065,0.03603648356676625,0.014304588948313542,0.0251705362575399,0,0.0251705362575399,0.5574125973956512,False,False,False
01,326,583,112,0.009480374865233898,1.222666505109253,0.08166967563113407,0.041923816136733356,0.06179674588393372,0,0.06179674588393372,0.5574125973956512,False,False,False
01,327,583,112,0.0101753706112504,1.5355628256391618,0.10468265009805039,0.0727236078495142,0.0887031289737823,0,0.0887031289737823,0.5574125973956512,False,False,False
01,328,583,114,0.011489800177514553,0.5748212771113537,0.14820656261172294,0.0,0.07410328130586147,0,0.07410328130586147,0.5574125973956512,False,False,False
01,329,583,114,0.013064445927739143,0.6087887232925401,0.20034685649417835,0.0,0.10017342824708918,0,0.10017342824708918,0.5574125973956512,False,False,False
01,330,583,114,0.009665919467806816,0.7396906175532135,0.08781350201562435,0.0,0.043906751007812175,0,0.043906751007812175,0.5574125973956512,False,False,False
01,331,583,114,0.00782755296677351,0.9590451956864177,0.026940782158560335,0.01597438532360317,0.021457583741081754,0,0.021457583741081754,0.5574125973956512,False,False,False
01,332,583,114,0.007658759597688913,1.135910174078114,0.0213516292533908,0.0333840003888242,0.0273678148211075,0,0.0273678148211075,0.5574125973956512,False,False,False
01,333,583,114,0.006839284207671881,1.3450866351629713,0.0,0.05397417997840614,0.02698708998920307,0,0.02698708998920307,0.5574125973956512,False,False,False
01,334,583,117,0.008278585970401764,1.2824427480916025,0.04187556565288567,0.04780786050680117,0.04484171307984342,0,0.04484171307984342,0.5574125973956512,False,False,False
01,335,583,117,0.005756673403084278,0.9847732137808475,0.0,0.018506909826125562,0.009253454913062781,0,0.009253454913062781,0.5574125973956512,False,False,False
01,336,583,117,0.006797196809202433,0.784038127549578,0.0,0.0,0.0,0,0.0,0.5574125973956512,False,False,False
01,337,583,117,0.007419964298605919,0.7227674784926692,0.013444544710622803,0.0,0.0067222723553114015,0,0.0067222723553114015,0.5574125973956512,False,False,False
01,338,583,118,0.00566357746720314,0.9337614604790176,0.0,0.013485593583290621,0.006742796791645311,0,0.006742796791645311,0.5574125973956512,False,False,False
01,339,583,121,0.005917607806622982,3.369199079122743,0.0,0.2532166689013452,0.1266083344506726,0,0.1266083344506726,0.5574125973956512,False,False,False
01,340,583,121,0.010371179319918156,2.9729391332444757,0.11116634562971182,0.214211020715713,0.1626886831727124,0,0.1626886831727124,0.5574125973956512,False,False,False
01,341,583,121,0.00707483384758234,2.6089906700593715,0.0020164484917830146,0.17838593705444183,0.09020119277311242,0,0.09020119277311242,0.5574125973956512,False,False,False
01,342,583,121,0.006678577046841383,2.2773536895674287,0.0,0.14574141791753162,0.07287070895876581,0,0.07287070895876581,0.5574125973956512,False,False,False
01,343,583,121,0.008184919133782387,1.9780281917686484,0.03877403225232387,0.11627746330498243,0.07752574777865315,0,0.07752574777865315,0.5574125973956512,False,False,False
01,344,583,121,0.007351852022111416,1.7110141766630298,0.011189184028437672,0.0899940732167942,0.05059162862261594,0,0.05059162862261594,0.5574125973956512,False,False,False
01,345,583,121,0.008045198395848274,1.476311644250574,0.03414754382702624,0.06689124765296704,0.05051939573999664,0,0.05051939573999664,0.5574125973956512,False,False,False
01,346,583,121,0.006928604561835527,1.280706005896844,0.0,0.04763690516361667,0.023818452581808335,0,0.023818452581808335,0.5574125973956512,False,False,False
01,347,583,121,0.007458175998181105,1.154812391453611,0.014709825644645019,0.03524463063557511,0.024977228140110067,0,0.024977228140110067,0.5574125973956512,False,False,False
01,348,583,121,0.007297677919268608,1.1207641665656922,0.009395349673860152,0.03189311076802979,0.02064423022094497,0,0.02064423022094497,0.5574125973956512,False,False,False
01,349,583,121,0.008109207265079021,1.2465770023021916,0.0362670308623158,0.04427743388476037,0.04027223237353808,0,0.04027223237353808,0.5574125973956512,False,False,False
01,350,583,121,0.008161958307027817,1.4302273920594522,0.03801374426082059,0.06235496750009723,0.050184355880458914,0,0.050184355880458914,0.5574125973956512,False,False,False
01,351,583,121,0.01142638549208641,1.6461892645098741,0.14610675042589305,0.08361306563979504,0.11485990803284404,0,0.11485990803284404,0.5574125973956512,False,False,False
01,352,583,121,0.009477333165705204,1.8944626196534589,0.08156895767136081,0.10805172830385389,0.09481034298760735,0,0.09481034298760735,0.5574125973956512,False,False,False
01,353,583,125,0.008231566287577152,1.7722040470132077,0.04031863128819735,0.09601726728480306,0.0681679492865002,0,0.0681679492865002,0.5574125973956512,False,False,False
01,354,583,125,0.007018790114670992,1.3844258653418955,0.0001607062057159672,0.05784651728681558,0.029003611746265773,0,0.029003611746265773,0.5574125973956512,False,False,False
01,355,583,125,0.00627731392160058,1.2041277919140516,0.0,0.04009896724088128,0.02004948362044064,0,0.02004948362044064,0.5574125973956512,False,False,False
01,356,583,125,0.008029861375689507,1.0884526838725308,0.03363969833971887,0.028712546243668858,0.031176122291693864,0,0.031176122291693864,0.5574125973956512,False,False,False
01,357,583,125,0.00776015967130661,1.0374005412173355,0.024709228660987865,0.02368725429517856,0.024198241478083214,0,0.024198241478083214,0.5574125973956512,False,False,False
01,358,583,125,0.0062799290753901005,1.050971363948463,0.0,0.025023091395410126,0.012511545697705063,0,0.012511545697705063,0.5574125973956512,False,False,False
01,359,583,125,0.006407730281352997,1.1767841996849637,0.0,0.03740741451214084,0.01870370725607042,0,0.01870370725607042,0.5574125973956512,False,False,False
01,360,583,125,0.006222457624971867,1.2124883880609074,0.0,0.0409219383115597,0.02046096915577985,0,0.02046096915577985,0.5574125973956512,False,False,False
01,361,583,125,0.006726228166371584,1.2805040591300139,0.0,0.04761702663533962,0.02380851331766981,0,0.02380851331766981,0.5574125973956512,False,False,False
01,362,583,126,0.006047256290912628,0.8808917969223314,0.0,0.008281394880304967,0.0041406974401524835,0,0.0041406974401524835,0.5574125973956512,False,False,False
01,363,583,126,0.007606599945574999,0.9029847732137807,0.01962449818937958,0.010456105873836764,0.015040302031608171,0,0.015040302031608171,0.5574125973956512,False,False,False
01,364,583,126,0.006804723292589188,0.9897007148915542,0.0,0.018991945916090564,0.009495972958045282,0,0.009495972958045282,0.5574125973956512,False,False,False
01,365,583,126,0.006264017894864082,1.1393432691142615,0.0,0.03372193536953747,0.016860967684768736,0,0.016860967684768736,0.5574125973956512,False,False,False
01,366,583,126,0.006706212181597948,1.3212973060301303,0.0,0.05163248934734531,0.025816244673672654,0,0.025816244673672654,0.5574125973956512,False,False,False
01,367,583,126,0.00678914412856102,1.5355628256391618,0.0,0.0727236078495142,0.0363618039247571,0,0.0363618039247571,0.5574125973956512,False,False,False
01,368,583,126,0.009200545959174633,1.7736580637344,0.07240387003857136,0.0961603926883993,0.08428213136348534,0,0.08428213136348534,0.5574125973956512,False,False,False
01,369,583,126,0.008906582370400429,2.011753301829638,0.06267003123245123,0.11959717752728437,0.0911336043798678,0,0.0911336043798678,0.5574125973956512,False,False,False
01,370,583,127,0.008334134705364704,1.3910093299406285,0.04371491737078999,0.05849455730865426,0.05110473733972212,0,0.05110473733972212,0.5574125973956512,False,False,False
01,371,583,127,0.0069433883763849735,1.6137970031099804,0.0,0.08042454970412326,0.04021227485206163,0,0.04021227485206163,0.5574125973956512,False,False,False
01,372,583,127,0.00697307987138629,1.868896158972495,0.0,0.10553510662395332,0.05276755331197666,0,0.05276755331197666,0.5574125973956512,False,False,False
01,373,583,127,0.008980078622698784,2.1546104446867806,0.06510366825433297,0.1336592484306154,0.0993814583424742,0,0.0993814583424742,0.5574125973956512,False,False,False
01,374,583,128,0.007724221330136061,1.419928106951009,0.02351922407105827,0.06134116255795739,0.04243019331450783,0,0.04243019331450783,0.5574125973956512,False,False,False
01,375,583,129,0.007729498203843832,1.039016115351995,0.02369395400372062,0.02384628252139675,0.023770118262558683,0,0.023770118262558683,0.5574125973956512,False,False,False
01,376,583,129,0.006870690733194351,0.9794822084898447,0.0,0.017986092385261696,0.008993046192630848,0,0.008993046192630848,0.5574125973956512,False,False,False
01,377,583,131,0.007394722197204828,1.1718163092208902,0.012608718249289587,0.036918402716520346,0.024763560482904966,0,0.024763560482904966,0.5574125973956512,False,False,False
01,378,583,131,0.007991524413228035,0.959206753099885,0.032370269651382656,0.015990288146225124,0.024180278898803892,0,0.024180278898803892,0.5574125973956512,False,False,False
01,379,583,131,0.006072624120861292,0.8112201623652013,0.0,0.0014233026246516318,0.0007116513123258159,0,0.0007116513123258159,0.5574125973956512,False,False,False
01,380,583,131,0.00706828385591507,0.7176784199684965,0.0017995625728959152,0.0,0.0008997812864479576,0,0.0008997812864479576,0.5574125973956512,False,False,False
01,381,583,132,0.006414470728486776,0.9337614604790176,0.0,0.013485593583290621,0.006742796791645311,0,0.006742796791645311,0.5574125973956512,False,False,False
01,382,583,132,0.009635651484131813,0.773860010501234,0.08681125654941779,0.0,0.043405628274708896,0,0.043405628274708896,0.5574125973956512,False,False,False
01,383,583,132,0.009178915992379189,0.6513994910941473,0.07168765000925914,0.0,0.03584382500462957,0,0.03584382500462957,0.5574125973956512,False,False,False
01,384,583,133,0.006588121876120567,0.9338018498323818,0.0,0.013489569288945845,0.006744784644472922,0,0.006744784644472922,0.5574125973956512,False,False,False
01,385,583,133,0.007197260856628418,0.734803505795871,0.00607030011517327,0.0,0.003035150057586635,0,0.003035150057586635,0.5574125973956512,False,False,False
01,386,583,133,0.007518939208239317,0.6327396098388457,0.016721841127635195,0.0,0.008360920563817598,0,0.008360920563817598,0.5574125973956512,False,False,False
01,387,583,133,0.006990072317421436,0.6293065148026967,0.0,0.0,0.0,0,0.0,0.5574125973956512,False,False,False
01,388,583,133,0.01100813876837492,0.7006745022012199,0.13225759922056265,0.0,0.06612879961028133,0,0.06612879961028133,0.5574125973956512,False,False,False
01,389,583,134,0.008765747770667076,0.6020840906337073,0.05800666017399719,0.0,0.029003330086998597,0,0.029003330086998597,0.5574125973956512,False,False,False
01,390,583,134,0.009507453069090843,0.586736136354457,0.08256629984436348,0.0,0.04128314992218174,0,0.04128314992218174,0.5574125973956512,False,False,False
01,391,583,134,0.00825650617480278,0.7159416777737372,0.041144450714029515,0.0,0.020572225357014758,0,0.020572225357014758,0.5574125973956512,False,False,False
01,392,583,134,0.008952317759394646,0.9420816672725072,0.06418443955105035,0.014304588948313608,0.03924451424968198,0,0.03924451424968198,0.5574125973956512,False,False,False
01,393,583,136,0.0070740641094744205,0.7636818934528874,0.001990960618619331,0.0,0.0009954803093096655,0,0.0009954803093096655,0.5574125973956512,False,False,False
01,394,583,136,0.009173844009637833,0.5170241124439634,0.07151970450744496,0.0,0.03575985225372248,0,0.03575985225372248,0.5574125973956512,False,False,False
01,395,583,136,0.010135956108570099,0.45062401550951103,0.10337754147111722,0.0,0.05168877073555861,0,0.05168877073555861,0.5574125973956512,False,False,False
01,396,583,136,0.009002606384456158,0.5781332040874009,0.06584961642608898,0.0,0.03292480821304449,0,0.03292480821304449,0.5574125973956512,False,False,False
01,397,583,137,0.007298859767615795,0.43705319277838484,0.009434483504525264,0.0,0.004717241752262632,0,0.004717241752262632,0.5574125973956512,False,False,False
01,398,583,138,0.010628250427544117,0.8453895553132191,0.11967858598497534,0.004786749609163276,0.06223266779706931,0,0.06223266779706931,0.5574125973956512,False,False,False
01,399,583,138,0.011321508325636387,0.5664202916111297,0.1426340161429704,0.0,0.0713170080714852,0,0.0713170080714852,0.5574125973956512,False,False,False
01,400,583,138,0.009305383078753948,0.4183933115230792,0.07587527827364644,0.0,0.03793763913682322,0,0.03793763913682322,0.5574125973956512,False,False,False
01,401,583,139,0.007021437399089336,0.7994668605355619,0.0002483641361064948,0.0002663722789151523,0.0002573682075108235,0,0.0002573682075108235,0.5574125973956512,False,False,False
01,402,583,139,0.00805104710161686,0.547720021002464,0.034341208489419385,0.0,0.017170604244709693,0,0.017170604244709693,0.5574125973956512,False,False,False
01,403,583,139,0.006628790870308876,0.4286118179247927,0.0,0.0,0.0,0,0.0,0.5574125973956512,False,False,False
01,404,583,139,0.007436299230903387,0.4744537339957162,0.013985433459992955,0.0,0.006992716729996478,0,0.006992716729996478,0.5574125973956512,False,False,False
01,405,583,139,0.0066552311182022095,0.5900480633305049,0.0,0.0,0.0,0,0.0,0.5574125973956512,False,False,False
01,406,583,139,0.00897084828466177,0.7974877822206078,0.06479802964462303,7.15627017982417e-05,0.032434796173210635,0,0.032434796173210635,0.5574125973956512,False,False,False
01,407,583,139,0.008141664788126945,1.0593723494486855,0.03734177722363164,0.02585003817174402,0.03159590769768783,0,0.03159590769768783,0.5574125973956512,False,False,False
01,408,583,141,0.01191340759396553,0.649743527606121,0.162233219198699,0.0,0.0811166095993495,0,0.0811166095993495,0.5574125973956512,False,False,False
01,409,583,141,0.0070838783867657185,0.48640898259218834,0.0023159348562465532,0.0,0.0011579674281232766,0,0.0011579674281232766,0.5574125973956512,False,False,False
01,410,583,142,0.007017395459115505,0.80964497758391,0.00011452581846537264,0.0012682501040890608,0.0006913879612772167,0,0.0006913879612772167,0.5574125973956512,False,False,False
01,411,583,142,0.009835144504904747,0.549375984490489,0.0934169484830581,0.0,0.04670847424152905,0,0.04670847424152905,0.5574125973956512,False,False,False
01,412,583,142,0.008157116360962391,0.4591461690698314,0.03785341582454958,0.0,0.01892670791227479,0,0.01892670791227479,0.5574125973956512,False,False,False
01,413,583,142,0.01119091548025608,0.5458217213942408,0.1383097741119586,0.0,0.0691548870559793,0,0.0691548870559793,0.5574125973956512,False,False,False
01,414,583,142,0.00991566851735115,0.7175572519083974,0.09608329148303199,0.0,0.048041645741515995,0,0.048041645741515995,0.5574125973956512,False,False,False
01,415,583,144,0.007291785907000303,0.988246698170362,0.009200251029492281,0.018848820512494334,0.014024535770993309,0,0.014024535770993309,0.5574125973956512,False,False,False
01,416,583,145,0.008604567497968674,1.5596752695989333,0.052669595132320134,0.07509710412581853,0.06388334962906933,0,0.06388334962906933,0.5574125973956512,False,False,False
01,417,583,145,0.00952249113470316,1.1634153237206677,0.08306424623029693,0.03609145594018645,0.05957785108524169,0,0.05957785108524169,0.5574125973956512,False,False,False
01,418,583,145,0.01062349509447813,0.8487822609960001,0.11952112551265379,0.005120708884221075,0.06232091719843743,0,0.06232091719843743,0.5574125973956512,False,False,False
01,419,583,145,0.010064130648970604,0.6599620340078345,0.10099922839897008,0.0,0.05049961419948504,0,0.05049961419948504,0.5574125973956512,False,False,False
01,420,583,145,0.008400221355259418,0.5748616664647191,0.04590320470254437,0.0,0.022951602351272186,0,0.022951602351272186,0.5574125973956512,False,False,False
01,421,583,145,0.008684183470904827,0.6190072296942523,0.055305870768307834,0.0,0.027652935384153917,0,0.027652935384153917,0.5574125973956512,False,False,False
01,422,583,147,0.009058551862835884,1.3725917848055238,0.06770210526918112,0.05668163552976826,0.062191870399474686,0,0.062191870399474686,0.5574125973956512,False,False,False
01,423,583,148,0.0077070146799087524,1.9406276505513145,0.02294947065226137,0.1125959598680347,0.06777271526014803,0,0.06777271526014803,0.5574125973956512,False,False,False
01,424,583,148,0.00791640393435955,1.5443677046730486,0.029882850595868163,0.0735903116824026,0.05173658113913538,0,0.05173658113913538,0.5574125973956512,False,False,False
01,425,583,148,0.006471611093729734,1.1872046528535074,0.0,0.03843314657124715,0.019216573285623574,0,0.019216573285623574,0.5574125973956512,False,False,False
01,426,583,148,0.007547612767666578,0.9252796962720614,0.017671291386514198,0.012650695395645744,0.015160993391079972,0,0.015160993391079972,0.5574125973956512,False,False,False
01,427,583,148,0.0071660964749753475,0.7347631164425055,0.005038372764005978,0.0,0.002519186382002989,0,0.002519186382002989,0.5574125973956512,False,False,False
01,428,583,148,0.006559582427144051,0.6445736903752161,0.0,0.0,0.0,0,0.0,0.5574125973956512,False,False,False
01,429,583,148,0.008252955973148346,0.7465568076255076,0.04102689503042399,0.0,0.020513447515211995,0,0.020513447515211995,0.5574125973956512,False,False,False
01,430,583,148,0.007318366318941116,0.9454743729552875,0.010080392159592845,0.014638548223371342,0.012359470191482093,0,0.012359470191482093,0.5574125973956512,False,False,False
01,431,583,148,0.009827794507145882,1.1767438103315957,0.09317357244554111,0.03740343880648523,0.06528850562601317,0,0.06528850562601317,0.5574125973956512,False,False,False
01,432,583,149,0.007525049615651369,0.7652570782341787,0.016924171358520774,0.0,0.008462085679260387,0,0.008462085679260387,0.5574125973956512,False,False,False
01,433,583,149,0.009916507638990879,0.9250777495052314,0.09611107681118744,0.012630816867368704,0.054370946839278074,0,0.054370946839278074,0.5574125973956512,False,False,False
01,434,583,149,0.010137222707271576,1.1750474574902052,0.10341948158908772,0.037236459168956335,0.07032797037902203,0,0.07032797037902203,0.5574125973956512,False,False,False
01,435,583,149,0.0061124819330871105,1.4879437780201141,0.0,0.06803625088173718,0.03401812544086859,0,0.03401812544086859,0.5574125973956512,False,False,False
01,436,583,149,0.007085429970175028,1.7260390161153523,0.002367311500760403,0.09147303572062228,0.04692017361069134,0,0.04692017361069134,0.5574125973956512,False,False,False
01,437,583,149,0.008160073310136795,1.9165152065915427,0.037951327497017455,0.11022246359173034,0.07408689554437389,0,0.07408689554437389,0.5574125973956512,False,False,False
01,438,583,149,0.007322377525269985,2.106991397067733,0.010213212812606742,0.1289718914628384,0.06959255213772257,0,0.06959255213772257,0.5574125973956512,False,False,False
01,439,583,152,0.007953683845698833,0.9898218829516561,0.031117277788692235,0.019003873033057166,0.0250605754108747,0,0.0250605754108747,0.5574125973956512,False,False,False
01,440,583,152,0.00811544619500637,0.8894543398360213,0.0364736167816425,0.009124244479260817,0.022798930630451658,0,0.022798930630451658,0.5574125973956512,False,False,False
01,441,583,152,0.007059482857584953,0.8587988206308834,0.0015081404296450845,0.006106683886773288,0.0038074121582091867,0,0.0038074121582091867,0.5574125973956512,False,False,False
01,442,583,152,0.008036430925130844,0.9250777495052314,0.033857231863368746,0.012630816867368704,0.023244024365368723,0,0.023244024365368723,0.5574125973956512,False,False,False
01,443,583,152,0.007240646984428167,0.9811785613312338,0.007506918766433753,0.018153072022790463,0.012829995394612107,0,0.012829995394612107,0.5574125973956512,False,False,False
01,444,583,152,0.009765838272869587,1.0474978795589498,0.09112205307202137,0.024681180709041486,0.05790161689053143,0,0.05790161689053143,0.5574125973956512,False,False,False
01,445,583,152,0.010966972447931767,1.1461286804798259,0.13089448370987766,0.03438985391965331,0.0826421688147655,0,0.0826421688147655,0.5574125973956512,False,False,False
01,446,583,154,0.007438063155859709,0.8214790581202775,0.01404384124193127,0.0024331318611359775,0.008238486551533624,0,0.008238486551533624,0.5574125973956512,False,False,False
01,447,583,154,0.0078030722215771675,0.6445736903752161,0.02613016602549247,0.0,0.013065083012746235,0,0.013065083012746235,0.5574125973956512,False,False,False
01,448,583,154,0.007426838856190443,0.5646027707096402,0.01367217778473984,0.0,0.00683608889236992,0,0.00683608889236992,0.5574125973956512,False,False,False
01,449,583,155,0.008505201898515224,0.7943374126580225,0.049379362039213164,0.0,0.024689681019606582,0,0.024689681019606582,0.5574125973956512,False,False,False
01,450,583,155,0.008873444981873035,0.6072135385112474,0.06157277289604828,0.0,0.03078638644802414,0,0.03078638644802414,0.5574125973956512,False,False,False
01,451,583,155,0.00840345025062561,0.5493355951371208,0.04601012116504708,0.0,0.02300506058252354,0,0.02300506058252354,0.5574125973956512,False,False,False
01,452,583,155,0.008618983440101147,0.6190072296942523,0.05314694151913279,0.0,0.026573470759566394,0,0.026573470759566394,0.5574125973956512,False,False,False
01,453,583,155,0.007847104221582413,0.7261197948220832,0.027588171053085697,0.0,0.013794085526542849,0,0.013794085526542849,0.5574125973956512,False,False,False
01,454,583,155,0.006773499771952629,0.8978553253362398,0.0,0.009951191255594318,0.004975595627797159,0,0.004975595627797159,0.5574125973956512,False,False,False
01,455,583,157,0.006606461014598608,0.855527283008199,0.0,0.0057846517286815665,0.0028923258643407833,0,0.0028923258643407833,0.5574125973956512,False,False,False
01,456,583,157,0.007266825996339321,0.6530958439355391,0.008373768579736316,0.0,0.004186884289868158,0,0.004186884289868158,0.5574125973956512,False,False,False
01,457,583,157,0.006881273817270994,0.579910335635525,0.0,0.0,0.0,0,0.0,0.5574125973956512,False,False,False
01,458,583,157,0.00751515245065093,0.630881699583988,0.016596452510232246,0.0,0.008298226255116123,0,0.008298226255116123,0.5574125973956512,False,False,False
01,459,583,157,0.010997641831636429,0.7787875116119394,0.13191002049288222,0.0,0.06595501024644111,0,0.06595501024644111,0.5574125973956512,False,False,False
01,460,583,157,0.007775591686367989,0.9641342542105904,0.025220219657143026,0.016475324236189998,0.02084777194666651,0,0.02084777194666651,0.5574125973956512,False,False,False
01,461,583,157,0.008319073356688023,1.2022294923058285,0.0432162000268056,0.039912109075075086,0.04156415455094034,0,0.04156415455094034,0.5574125973956512,False,False,False
01,462,583,158,0.0065942429937422276,0.6308413102306225,0.0,0.0,0.0,0,0.0,0.5574125973956512,False,False,False
01,463,583,160,0.006866655312478542,1.131103841027505,0.0,0.03291089141582539,0.016455445707912696,0,0.016455445707912696,0.5574125973956512,False,False,False
01,464,583,160,0.008744785562157631,0.806211882547761,0.057312551221585586,0.0009303151233756559,0.029121433172480622,0,0.029121433172480622,0.5574125973956512,False,False,False
01,465,583,160,0.00799429789185524,0.6105658548406628,0.032462106174409214,0.0,0.016231053087204607,0,0.016231053087204607,0.5574125973956512,False,False,False
01,466,583,161,0.009454210288822651,0.9423240033927048,0.08080330381182309,0.01432844318224621,0.04756587349703465,0,0.04756587349703465,0.5574125973956512,False,False,False
01,467,583,161,0.007744970265775919,0.6922735167009973,0.024206271047723375,0.0,0.012103135523861688,0,0.012103135523861688,0.5574125973956512,False,False,False
01,468,583,163,0.0070224329829216,2.1787228886465524,0.0002813303023641813,0.13603274470691976,0.06815703750464197,0,0.06815703750464197,0.5574125973956512,False,False,False
01,469,583,163,0.010808528400957584,1.7824629427682868,0.12564802165834568,0.09702709652128769,0.11133755908981668,0,0.11133755908981668,0.5574125973956512,False,False,False
01,470,583,163,0.008199135772883892,1.4661335272022287,0.03924477923822058,0.0658893698277934,0.05256707453300699,0,0.05256707453300699,0.5574125973956512,False,False,False
01,471,583,164,0.008285997435450554,1.9423240033927047,0.04212097701965711,0.11276293950556357,0.07744195826261034,0,0.07744195826261034,0.5574125973956512,False,False,False
01,472,583,164,0.007647469639778137,1.5800718930489923,0.02097779169449575,0.07710483548182145,0.0490413135881586,0,0.0490413135881586,0.5574125973956512,False,False,False
01,473,583,164,0.008073912933468819,1.2824427480916025,0.03509835097207488,0.04780786050680117,0.04145310573943803,0,0.04145310573943803,0.5574125973956512,False,False,False
01,474,583,164,0.008569305762648582,1.0477402156791453,0.05150199458335051,0.02470503494297388,0.03810351476316219,0,0.03810351476316219,0.5574125973956512,False,False,False
01,475,583,165,0.006551231723278761,1.2535239710812207,0.0,0.04496125525749791,0.022480627628748955,0,0.022480627628748955,0.5574125973956512,False,False,False
01,476,583,165,0.0072168391197919846,1.039218062118825,0.0067185833210377105,0.02386616104967378,0.015292372185355745,0,0.015292372185355745,0.5574125973956512,False,False,False
01,477,583,165,0.006305924151092768,0.9184538955531314,0.0,0.01197880113987453,0.005989400569937265,0,0.005989400569937265,0.5574125973956512,False,False,False
01,478,583,165,0.007475944235920906,0.8758835171048897,0.015298174571630307,0.007788407379028848,0.011543290975329577,0,0.011543290975329577,0.5574125973956512,False,False,False
01,479,583,167,0.006569461897015572,1.5596752695989333,0.0,0.07509710412581853,0.03754855206290927,0,0.03754855206290927,0.5574125973956512,False,False,False
01,480,583,167,0.005725639872252941,1.1276707459913584,0.0,0.032572956435112224,0.016286478217556112,0,0.016286478217556112,0.5574125973956512,False,False,False
01,481,583,167,0.006143116857856512,0.7959933761460475,0.0,0.0,0.0,0,0.0,0.5574125973956512,False,False,False
01,482,583,167,0.005185218527913094,0.5935619370733848,0.0,0.0,0.0,0,0.0,0.5574125973956512,False,False,False
01,483,583,168,0.007119825109839439,0.7058847287854917,0.003506216991074482,0.0,0.001753108495537241,0,0.001753108495537241,0.5574125973956512,False,False,False
01,484,583,168,0.007584632374346256,0.5085423482370085,0.018897099268328894,0.0,0.009448549634164447,0,0.009448549634164447,0.5574125973956512,False,False,False
01,485,583,168,0.008554275147616863,0.47275738115432847,0.05100429490399335,0.0,0.025502147451996676,0,0.025502147451996676,0.5574125973956512,False,False,False
01,486,583,170,0.008326707407832146,1.4168181267417905,0.04346898175254391,0.06103503322248748,0.0522520074875157,0,0.0522520074875157,0.5574125973956512,False,False,False
01,487,583,170,0.006671906914561987,1.020558180863525,0.0,0.022029385036855406,0.011014692518427703,0,0.011014692518427703,0.5574125973956512,False,False,False
01,488,583,171,0.00616084411740303,1.5120562219798859,0.0,0.07040974715804153,0.035204873579020766,0,0.035204873579020766,0.5574125973956512,False,False,False
01,489,583,171,0.006106942892074585,1.1651116765620582,0.0,0.03625843557771535,0.018129217788857677,0,0.018129217788857677,0.5574125973956512,False,False,False
01,490,583,171,0.007701173424720764,0.8827900965305533,0.022756052696444522,0.008468253046111035,0.01561215287127778,0,0.01561215287127778,0.5574125973956512,False,False,False
01,491,583,171,0.00808678474277258,0.670180540409548,0.03552456742094998,0.0,0.01776228371047499,0,0.01776228371047499,0.5574125973956512,False,False,False
01,492,583,171,0.009623179212212563,0.5749020558180873,0.08639826974069661,0.0,0.04319913487034831,0,0.04319913487034831,0.5574125973956512,False,False,False
01,493,583,171,0.006246296223253012,0.5867361363544549,0.0,0.0,0.0,0,0.0,0.5574125973956512,False,False,False
01,494,583,171,0.007692558690905571,0.7278161476634737,0.022470798217601118,0.0,0.011235399108800559,0,0.011235399108800559,0.5574125973956512,False,False,False
01,495,583,171,0.006699528079479933,0.9862676198554051,0.0,0.01865401093537715,0.009327005467688575,0,0.009327005467688575,0.5574125973956512,False,False,False
01,496,583,171,0.007503555156290531,1.249848539924876,0.016212438305064948,0.04459946604285209,0.030405952173958518,0,0.030405952173958518,0.5574125973956512,False,False,False
01,497,583,172,0.009386928752064705,0.7499091239549257,0.07857545091289507,0.0,0.039287725456447535,0,0.039287725456447535,0.5574125973956512,False,False,False
01,498,583,172,0.0074989767745137215,0.9675673492467395,0.016060837113930443,0.016813259216903412,0.016437048165416926,0,0.016437048165416926,0.5574125973956512,False,False,False
01,499,583,172,0.006137647666037083,1.249848539924876,0.0,0.04459946604285209,0.022299733021426044,0,0.022299733021426044,0.5574125973956512,False,False,False
01,500,583,173,0.006709944922477007,0.7192536047497878,0.0,0.0,0.0,0,0.0,0.5574125973956512,False,False,False
01,501,583,173,0.007511845324188471,0.880811018215599,0.016486945628678418,0.008273443468994114,0.012380194548836265,0,0.012380194548836265,0.5574125973956512,False,False,False
01,502,583,173,0.006792148575186729,1.1069913970677332,0.0,0.030537395139521042,0.015268697569760521,0,0.015268697569760521,0.5574125973956512,False,False,False
01,503,583,173,0.007542501203715801,1.392705682782019,0.01750203525601344,0.05866153694618316,0.0380817861010983,0,0.0380817861010983,0.5574125973956512,False,False,False
01,504,583,173,0.006770532112568617,1.6308009208772571,0.0,0.08209832178506825,0.041049160892534124,0,0.041049160892534124,0.5574125973956512,False,False,False
01,505,583,173,0.007136356085538864,1.868896158972495,0.004053597207233449,0.10553510662395332,0.054794351915593384,0,0.054794351915593384,0.5574125973956512,False,False,False
01,506,583,173,0.007079701405018568,2.106991397067733,0.002177624981910048,0.1289718914628384,0.06557475822237423,0,0.06557475822237423,0.5574125973956512,False,False,False
01,507,583,173,0.0073014493100345135,2.249848539924876,0.00952022945894949,0.14303396236616947,0.07627709591255948,0,0.07627709591255948,0.5574125973956512,False,False,False
01,508,583,175,0.008632582612335682,0.9556524900036355,0.053597242697518886,0.01564042604854525,0.034618834373032065,0,0.034618834373032065,0.5574125973956512,False,False,False
01,509,583,175,0.008231251500546932,0.9879639726967983,0.0403082079353488,0.018820990572906312,0.029564599254127556,0,0.029564599254127556,0.5574125973956512,False,False,False
01,510,583,175,0.009709097445011139,1.0525869380831212,0.08924322830190953,0.025182119621628182,0.05721267396176886,0,0.05721267396176886,0.5574125973956512,False,False,False
01,511,583,175,0.008816445246338844,1.1495213861626068,0.059685375072410125,0.03472381319471111,0.047204594133560616,0,0.047204594133560616,0.5574125973956512,False,False,False
01,512,583,175,0.008024394512176514,1.2787673169352554,0.033458677389360945,0.04744607129215511,0.04045237434075803,0,0.04045237434075803,0.5574125973956512,False,False,False
01,513,583,175,0.01093105599284172,1.4403247304010667,0.12970520382051595,0.06334889391396017,0.09652704886723806,0,0.09652704886723806,0.5574125973956512,False,False,False
01,514,583,179,0.007903221994638443,2.1787228886465524,0.029446364985754696,0.13603274470691976,0.08273955484633723,0,0.08273955484633723,0.5574125973956512,False,False,False
01,515,583,179,0.009019567631185055,1.8300819903873342,0.0664112439470291,0.10171445348906469,0.0840628487180469,0,0.0840628487180469,0.5574125973956512,False,False,False
01,516,583,179,0.012277749367058277,1.5137525748212763,0.17429744832452063,0.07057672679557044,0.12243708756004554,0,0.12243708756004554,0.5574125973956512,False,False,False
01,517,583,179,0.009929869323968887,1.229734641948381,0.09655351421745408,0.04261956462643721,0.06958653942194565,0,0.06958653942194565,0.5574125973956512,False,False,False
01,518,583,179,0.009593166410923004,1.0358253564360413,0.08540447397472822,0.023532201774615718,0.05446833787467197,0,0.05446833787467197,0.5574125973956512,False,False,False
01,519,583,179,0.006766382604837418,0.9065390363100275,0.0,0.010805967971516377,0.005402983985758189,0,0.005402983985758189,0.5574125973956512,False,False,False
01,520,583,181,0.007839737460017204,1.9440203562340952,0.02734423992577204,0.11292991914309247,0.07013707953443225,0,0.07013707953443225,0.5574125973956512,False,False,False
01,521,583,181,0.009998875670135021,1.6310836463508207,0.09883847968879485,0.08212615172465625,0.09048231570672555,0,0.09048231570672555,0.5574125973956512,False,False,False
01,522,583,181,0.011720042675733566,1.382769901853869,0.155830443424063,0.057683513354941894,0.10675697838950245,0,0.10675697838950245,0.5574125973956512,False,False,False
01,523,583,181,0.009499549865722656,1.1990791227432431,0.08230460584355644,0.039602004033949686,0.06095330493875306,0,0.06095330493875306,0.5574125973956512,False,False,False
01,524,583,181,0.007375206332653761,1.08001130901894,0.011962501211001635,0.027881623761679335,0.019922062486340486,0,0.019922062486340486,0.5574125973956512,False,False,False
01,525,583,181,0.007277898024767637,1.0255664606809625,0.008740389971274675,0.022522372538131108,0.01563138125470289,0,0.01563138125470289,0.5574125973956512,False,False,False
01,526,583,181,0.010388906113803387,1.0425299890948723,0.11175332225136646,0.024192168913420603,0.06797274558239352,0,0.06797274558239352,0.5574125973956512,False,False,False
01,527,583,181,0.00915727112442255,1.1241164828951076,0.07097093656679432,0.03222309433743222,0.05159701545211327,0,0.05159701545211327,0.5574125973956512,False,False,False
01,528,583,183,0.00930024590343237,1.0221737549981815,0.07570517408928966,0.02218841326307331,0.04894679367618149,0,0.04894679367618149,0.5574125973956512,False,False,False
01,529,583,183,0.007516331039369106,0.8775798699462828,0.016635478406770227,0.00795538701655801,0.012295432711664118,0,0.012295432711664118,0.5574125973956512,False,False,False
01,530,583,184,0.007277885917574167,1.0800113090189427,0.008739989073088192,0.0278816237616796,0.018310806417383897,0,0.018310806417383897,0.5574125973956512,False,False,False
01,531,583,184,0.00943572074174881,0.8282644694858448,0.08019107060442004,0.0031010504112520985,0.04164606050783607,0,0.04164606050783607,0.5574125973956512,False,False,False
01,532,583,184,0.006882610265165567,0.7057635607253926,0.0,0.0,0.0,0,0.0,0.5574125973956512,False,False,False
01,533,583,184,0.01031519565731287,0.7108122298962011,0.10931259241541617,0.0,0.05465629620770809,0,0.05465629620770809,0.5574125973956512,False,False,False
01,534,583,184,0.008126772940158844,0.8127953471464926,0.03684867245425801,0.0015783551452141918,0.019213513799736102,0,0.019213513799736102,0.5574125973956512,False,False,False
01,535,583,185,0.00854429230093956,0.4778464396784998,0.05067373893007741,0.0,0.025336869465038703,0,0.025336869465038703,0.5574125973956512,False,False,False
01,536,583,185,0.011525645852088928,0.5237287451027915,0.14939349878860983,0.0,0.07469674939430491,0,0.07469674939430491,0.5574125973956512,False,False,False
01,537,583,185,0.008111291565001011,0.6665454986065689,0.036336047027034885,0.0,0.018168023513517442,0,0.018168023513517442,0.5574125973956512,False,False,False
01,538,583,185,0.007685293443500996,0.8944222303000935,0.022230228467389503,0.009613256274881176,0.01592174237113534,0,0.01592174237113534,0.5574125973956512,False,False,False
01,539,583,185,0.011407698504626751,1.1546104446867809,0.14548797949421816,0.035224752107298064,0.0903563658007581,0,0.0903563658007581,0.5574125973956512,False,False,False
01,540,583,186,0.008188559673726559,0.6614564400823949,0.03889457925316699,0.0,0.019447289626583496,0,0.019447289626583496,0.5574125973956512,False,False,False
01,541,583,186,0.009066490456461906,0.7804838644533325,0.06796497112622557,0.0,0.033982485563112785,0,0.033982485563112785,0.5574125973956512,False,False,False
01,542,583,186,0.00854869931936264,0.9641342542105904,0.050819665869957086,0.016475324236189998,0.033647495053073545,0,0.033647495053073545,0.5574125973956512,False,False,False
01,543,583,186,0.008145510219037533,1.2022294923058285,0.03746910865532293,0.039912109075075086,0.03869060886519901,0,0.03869060886519901,0.5574125973956512,False,False,False
01,544,583,187,0.010585331358015537,0.632537663072013,0.11825743275221648,0.0,0.05912871637610824,0,0.05912871637610824,0.5574125973956512,False,False,False
01,545,583,187,0.007662390358746052,0.8042731935861722,0.021471852451852527,0.0007394812519140896,0.011105666851883309,0,0.011105666851883309,0.5574125973956512,False,False,False
01,546,583,187,0.007354031316936016,1.0593723494486855,0.011261345702004544,0.02585003817174402,0.018555691936874282,0,0.018555691936874282,0.5574125973956512,False,False,False
01,547,583,187,0.010913544334471226,1.3450866351629713,0.1291253508512519,0.05397417997840614,0.09154976541482902,0,0.09154976541482902,0.5574125973956512,False,False,False
01,548,583,187,0.008356190286576748,1.6308009208772571,0.044445230513273176,0.08209832178506825,0.0632717761491707,0,0.0632717761491707,0.5574125973956512,False,False,False
01,549,583,189,0.007905534468591213,0.6461892645098782,0.02952293653937288,0.0,0.01476146826968644,0,0.01476146826968644,0.5574125973956512,False,False,False
01,550,583,189,0.007540259975939989,0.6240558988650607,0.017427822834031097,0.0,0.008713911417015548,0,0.008713911417015548,0.5574125973956512,False,False,False
01,551,583,190,0.0090599050745368,0.6888000323114828,0.06774691335110106,0.0,0.03387345667555053,0,0.03387345667555053,0.5574125973956512,False,False,False
01,552,583,190,0.00775933638215065,0.5169837230905953,0.024681967584307046,0.0,0.012340983792153523,0,0.012340983792153523,0.5574125973956512,False,False,False
01,553,583,190,0.007635612040758133,0.46932428611818217,0.020585158178319077,0.0,0.010292579089159539,0,0.010292579089159539,0.5574125973956512,False,False,False
01,554,583,190,0.005689096637070179,0.5492144270770244,0.0,0.0,0.0,0,0.0,0.5574125973956512,False,False,False
01,555,583,191,0.0070256819017231464,0.49662748899389914,0.00038890978879069156,0.0,0.00019445489439534578,0,0.00019445489439534578,0.5574125973956512,False,False,False
01,556,583,191,0.006362044718116522,0.3928268508421181,0.0,0.0,0.0,0,0.0,0.5574125973956512,False,False,False
01,557,583,191,0.006295431405305862,0.4471909204733647,0.0,0.0,0.0,0,0.0,0.5574125973956512,False,False,False
01,558,583,193,0.008349340409040451,1.3691990791227429,0.044218414654690126,0.05634767625471046,0.05028304545470029,0,0.05028304545470029,0.5574125973956512,False,False,False
01,559,583,193,0.007028411142528057,1.020558180863525,0.0004792814915204861,0.022029385036855406,0.011254333264187946,0,0.011254333264187946,0.5574125973956512,False,False,False
01,560,583,193,0.008799029514193535,0.7093178238216408,0.05910869845031589,0.0,0.029554349225157945,0,0.029554349225157945,0.5574125973956512,False,False,False
01,561,583,193,0.01057945191860199,0.5204975968334725,0.11806275042519611,0.0,0.059031375212598054,0,0.059031375212598054,0.5574125973956512,False,False,False
01,562,583,194,0.006801322568207979,0.9287127913082104,0.0,0.012988630376359148,0.006494315188179574,0,0.006494315188179574,0.5574125973956512,False,False,False
01,563,583,194,0.00790080800652504,0.6531766226422727,0.029366432055034468,0.0,0.014683216027517234,0,0.014683216027517234,0.5574125973956512,False,False,False
01,564,583,195,0.008002971298992634,1.0868774990912382,0.032749303467540965,0.02855749372310617,0.030653398595323567,0,0.030653398595323567,0.5574125973956512,False,False,False
01,565,583,195,0.006009616423398256,0.7756371420493541,0.0,0.0,0.0,0,0.0,0.5574125973956512,False,False,False
01,566,583,195,0.005684516858309507,0.5698129972939106,0.0,0.0,0.0,0,0.0,0.5574125973956512,False,False,False
01,567,583,195,0.0062505630776286125,0.5085019588836376,0.0,0.0,0.0,0,0.0,0.5574125973956512,False,False,False
01,568,583,196,0.006475295405834913,0.5936427157801185,0.0,0.0,0.0,0,0.0,0.5574125973956512,False,False,False
01,569,583,196,0.007442916743457317,0.3792964174643546,0.014204555157227745,0.0,0.007102277578613873,0,0.007102277578613873,0.5574125973956512,False,False,False
01,570,583,196,0.0073213777504861355,0.4268346863766686,0.010180107873899889,0.0,0.0050900539369499445,0,0.0050900539369499445,0.5574125973956512,False,False,False
01,571,583,196,0.008530779741704464,0.629144957389232,0.05022630571564076,0.0,0.02511315285782038,0,0.02511315285782038,0.5574125973956512,False,False,False
01,572,583,196,0.006216953042894602,0.8688961589724952,0.0,0.007100610300635962,0.003550305150317981,0,0.003550305150317981,0.5574125973956512,False,False,False
01,573,583,196,0.007207312621176243,1.1546104446867809,0.006403138124919959,0.035224752107298064,0.02081394511610901,0,0.02081394511610901,0.5574125973956512,False,False,False
01,574,583,196,0.00712022976949811,1.4403247304010667,0.0035196162419996128,0.06334889391396017,0.033434255077979896,0,0.033434255077979896,0.5574125973956512,False,False,False
01,575,583,196,0.007365704979747534,1.7260390161153523,0.011647888649578886,0.09147303572062228,0.05156046218510058,0,0.05156046218510058,0.5574125973956512,False,False,False
01,576,583,196,0.007376373745501041,1.9641342542105904,0.012001157047675171,0.11490982055950737,0.06345548880359127,0,0.06345548880359127,0.5574125973956512,False,False,False
01,577,583,196,0.006909763440489769,2.2022294923058285,0.0,0.13834660539839247,0.06917330269919623,0,0.06917330269919623,0.5574125973956512,False,False,False
01,578,583,196,0.008036776445806026,2.4403247304010667,0.033868672880844525,0.16178339023727756,0.09782603155906104,0,0.09782603155906104,0.5574125973956512,False,False,False
01,579,583,196,0.006783594377338886,2.5831818732582095,0.0,0.1758454611406086,0.0879227305703043,0,0.0879227305703043,0.5574125973956512,False,False,False
01,580,583,196,0.008203534409403801,2.7260390161153523,0.03939042863320192,0.18990753204393965,0.11464898033857078,0,0.11464898033857078,0.5574125973956512,False,False,False
01,581,583,196,0.007715154439210892,2.868896158972495,0.023218997586865842,0.20396960294727068,0.11359430026706827,0,0.11359430026706827,0.5574125973956512,False,False,False
01,582,583,196,0.009867931716144085,3.011753301829638,0.09450261161037508,0.21803167385060176,0.15626714273048842,0,0.15626714273048842,0.5574125973956512,False,False,False
02,35,595,11,0.025398680940270424,0.35716305181954056,0.6087629324763008,0.0,0.3043814662381504,0,0.3043814662381504,0.5574125973956512,False,False,False
02,36,595,11,0.026715131476521492,0.29076295488509224,0.6523537641487938,0.0,0.3261768820743969,0,0.3261768820743969,0.5574125973956512,False,False,False
02,37,595,11,0.025157969444990158,0.4148390484268357,0.6007923980859413,0.0,0.30039619904297066,0,0.30039619904297066,0.5574125973956512,False,False,False
02,38,595,12,0.024993708357214928,0.3351104648814554,0.5953533198749654,0.0,0.2976766599374827,0,0.2976766599374827,0.5574125973956512,False,False,False
02,39,595,12,0.025027452036738396,0.26358092006947026,0.5964706539590146,0.0,0.2982353269795073,0,0.2982353269795073,0.5574125973956512,False,False,False
02,40,595,13,0.02523832581937313,0.5647643281231054,0.6034531901879485,0.0,0.30172659509397426,0,0.30172659509397426,0.5574125973956512,False,False,False
02,41,595,13,0.02488037385046482,0.28405832222626143,0.5916005427896236,0.0,0.2958002713948118,0,0.2958002713948118,0.5574125973956512,False,False,False
02,42,595,13,0.02536071464419365,0.27715174280059784,0.6075057774401352,0.0,0.3037528887200676,0,0.3037528887200676,0.5574125973956512,False,False,False
02,43,595,15,0.02657807245850563,1.4168181267417905,0.6478154116478783,0.06103503322248748,0.3544252224351829,0,0.3544252224351829,0.5574125973956512,False,False,False
02,44,595,16,0.025896260514855385,1.988246698170362,0.6252389844677195,0.1172833168358117,0.3712611506517656,0,0.3712611506517656,0.5574125973956512,False,False,False
02,45,595,16,0.02581816539168358,1.5919867522920963,0.6226530678116184,0.07827766865017961,0.350465368230899,0,0.350465368230899,0.5574125973956512,False,False,False
02,46,595,16,0.025306783616542816,1.2297346419483823,0.6057199918876094,0.042619564626437345,0.32416977825702337,0,0.32416977825702337,0.5574125973956512,False,False,False
02,47,595,16,0.026283400133252144,0.9780281917686499,0.6380581048786879,0.017842966981665202,0.32795053593017653,0,0.32795053593017653,0.5574125973956512,False,False,False
02,48,595,16,0.02555687353014946,0.7586332242820788,0.6140010681808826,0.0,0.3070005340904413,0,0.3070005340904413,0.5574125973956512,False,False,False
02,49,595,16,0.026471691206097603,0.5868169150611886,0.6442928734748656,0.0,0.3221464367374328,0,0.3221464367374328,0.5574125973956512,False,False,False
02,50,595,16,0.025960098952054977,0.5748212771113523,0.6273528280900763,0.0,0.31367641404503815,0,0.31367641404503815,0.5574125973956512,False,False,False
02,51,595,16,0.02690632827579975,0.7243830526273273,0.6586847483097275,0.0,0.3293423741548637,0,0.3293423741548637,0.5574125973956512,False,False,False
02,52,595,16,0.026326974853873253,0.9641342542105904,0.6395009682901609,0.016475324236189998,0.32798814626317546,0,0.32798814626317546,0.5574125973956512,False,False,False
02,53,595,16,0.025812458246946335,1.249848539924876,0.622464090574175,0.04459946604285209,0.33353177830851355,0,0.33353177830851355,0.5574125973956512,False,False,False
02,54,595,16,0.024176916107535362,1.5355628256391618,0.568307371328678,0.0727236078495142,0.32051548958909615,0,0.32051548958909615,0.5574125973956512,False,False,False
02,55,595,16,0.025358540937304497,1.8212771113534476,0.6074338007965007,0.10084774965617632,0.35414077522633847,0,0.35414077522633847,0.5574125973956512,False,False,False
02,56,595,16,0.023338165134191513,2.0593723494486857,0.5405343168253992,0.12428453449506141,0.3324094256602303,0,0.3324094256602303,0.5574125973956512,False,False,False
02,57,595,16,0.022125616669654846,2.297467587543924,0.5003839317126559,0.1477213193339465,0.3240526255233012,0,0.3240526255233012,0.5574125973956512,False,False,False
02,58,595,16,0.021909506991505623,2.535562825639162,0.49322802243722924,0.1711581041728316,0.3321930633050304,0,0.3321930633050304,0.5574125973956512,False,False,False
02,59,595,16,0.021077727898955345,2.7260390161153523,0.4656858236127204,0.18990753204393965,0.32779667782833,0,0.32779667782833,0.5574125973956512,False,False,False
02,60,595,16,0.022848565131425858,2.916515206591543,0.5243224875771946,0.20865695991504776,0.36648972374612115,0,0.36648972374612115,0.5574125973956512,False,False,False
02,61,595,16,0.02264958620071411,3.0593723494486857,0.5177338183973187,0.22271903081837877,0.3702264246078487,0,0.3702264246078487,0.5574125973956512,False,False,False
02,62,595,16,0.022119596600532532,3.2022294923058285,0.500184592799008,0.23678110172170985,0.3684828472603589,0,0.3684828472603589,0.5574125973956512,False,False,False
02,63,595,16,0.020053934305906296,3.3450866351629713,0.43178556458052936,0.25084317262504086,0.3413143686027851,0,0.3413143686027851,0.5574125973956512,False,False,False
02,64,595,17,0.025159358978271484,2.53386647279777,0.6008384088624207,0.17099112453530255,0.3859147666988616,0,0.3859147666988616,0.5574125973956512,False,False,False
02,65,595,17,0.019464587792754173,2.5185589078718853,0.4122708893655045,0.1694843320918866,0.29087761072869556,0,0.29087761072869556,0.5574125973956512,False,False,False
02,66,595,18,0.023017430678009987,1.8604143947655396,0.529914030452322,0.10470020843630852,0.3173071194443153,0,0.3173071194443153,0.5574125973956512,False,False,False
02,67,595,18,0.020968595519661903,1.7991841350619975,0.4620721890364101,0.09867303866264443,0.2803726138495273,0,0.2803726138495273,0.5574125973956512,False,False,False
02,68,595,18,0.020885854959487915,1.8025768407447798,0.45933245082998786,0.09900699793770236,0.27916972438384513,0,0.27916972438384513,0.5574125973956512,False,False,False
02,69,595,19,0.02223987877368927,1.2788077062886214,0.5041674237667467,0.047450046997810524,0.2758087353822786,0,0.2758087353822786,0.5574125973956512,False,False,False
02,70,595,19,0.021695543080568314,1.2056625873419768,0.4861431646557761,0.04025004405578843,0.2631966043557823,0,0.2631966043557823,0.5574125973956512,False,False,False
02,71,595,20,0.02205507829785347,0.9744335393190355,0.4980482372015641,0.017489129178330037,0.25776868318994706,0,0.25776868318994706,0.5574125973956512,False,False,False
02,72,595,20,0.021834062412381172,0.8213578900601805,0.49072987164564585,0.002421204744169846,0.24657553819490785,0,0.24657553819490785,0.5574125973956512,False,False,False
02,73,595,20,0.021448606625199318,0.7703057474049838,0.4779665069209206,0.0,0.2389832534604603,0,0.2389832534604603,0.5574125973956512,False,False,False
02,74,595,20,0.02170761488378048,0.8468031826810465,0.4865428909860213,0.004925899307104218,0.24573439514656278,0,0.24573439514656278,0.5574125973956512,False,False,False
02,75,595,20,0.02330806851387024,1.0117533018296387,0.5395377456104475,0.021162681203967085,0.28035021340720734,0,0.28035021340720734,0.5574125973956512,False,False,False
02,76,595,21,0.023378446698188782,0.4761096974837439,0.5418681359301489,0.0,0.27093406796507447,0,0.27093406796507447,0.5574125973956512,False,False,False
02,77,595,21,0.022588182240724564,0.542388626358093,0.515700586148767,0.0,0.2578502930743835,0,0.2578502930743835,0.5574125973956512,False,False,False
02,78,595,21,0.021035047248005867,0.7260390161153523,0.46427256499040304,0.0,0.23213628249520152,0,0.23213628249520152,0.5574125973956512,False,False,False
02,79,595,21,0.021240483969449997,0.9641342542105904,0.4710750670952843,0.016475324236189998,0.24377519566573713,0,0.24377519566573713,0.5574125973956512,False,False,False
02,80,595,23,0.02190736122429371,0.707621470980249,0.4931569709432557,0.0,0.24657848547162786,0,0.24657848547162786,0.5574125973956512,False,False,False
02,81,595,23,0.022628124803304672,0.45926733712993323,0.5170231801042952,0.0,0.2585115900521476,0,0.2585115900521476,0.5574125973956512,False,False,False
02,82,595,23,0.021638890728354454,0.3537299567833922,0.4842672695262578,0.0,0.2421336347631289,0,0.2421336347631289,0.5574125973956512,False,False,False
02,83,595,23,0.022556496784090996,0.435276061230258,0.5146514047564199,0.0,0.25732570237820995,0,0.25732570237820995,0.5574125973956512,False,False,False
02,84,595,25,0.0228764358907938,1.2739609838846477,0.5252453552024775,0.04697296231915644,0.286109158760817,0,0.286109158760817,0.5574125973956512,False,False,False
02,85,595,25,0.0209848303347826,0.9253200856254296,0.4626097626661613,0.01265467110130136,0.23763221688373132,0,0.23763221688373132,0.5574125973956512,False,False,False
02,86,595,25,0.023121222853660583,0.62086513994911,0.5333508380900713,0.0,0.26667541904503567,0,0.26667541904503567,0.5574125973956512,False,False,False
02,87,595,25,0.023048553615808487,0.471141807019669,0.5309445854981586,0.0,0.2654722927490793,0,0.2654722927490793,0.5574125973956512,False,False,False
02,88,595,25,0.023372387513518333,0.45744981622844233,0.5416675018069754,0.0,0.2708337509034877,0,0.2708337509034877,0.5574125973956512,False,False,False
02,89,595,25,0.02245975472033024,0.5951371218546802,0.5114480432164915,0.0,0.25572402160824576,0,0.25572402160824576,0.5574125973956512,False,False,False
02,90,595,25,0.022828469052910805,0.7991841350619983,0.5236570582642774,0.00023854233932714083,0.2619478003018023,0,0.2619478003018023,0.5574125973956512,False,False,False
02,91,595,27,0.022328021004796028,0.8844864493719451,0.5070860242409843,0.008635232683640066,0.25786062846231217,0,0.25786062846231217,0.5574125973956512,False,False,False
02,92,595,27,0.024258218705654144,0.6582656811664455,0.5709994951658749,0.0,0.28549974758293745,0,0.28549974758293745,0.5574125973956512,False,False,False
02,93,595,29,0.022846518084406853,2.083484793408457,0.524254704945357,0.12665803077136573,0.32545636785836135,0,0.32545636785836135,0.5574125973956512,False,False,False
02,94,595,29,0.02232760190963745,1.6872248475301914,0.5070721469960676,0.08765238258573364,0.2973622647909006,0,0.2973622647909006,0.5574125973956512,False,False,False
02,95,595,29,0.022243855521082878,1.3232763843450872,0.5042991034018453,0.051827298924462493,0.27806320116315386,0,0.27806320116315386,0.5574125973956512,False,False,False
02,96,595,29,0.021951448172330856,0.9984248152187087,0.4946167954318491,0.019850698337668112,0.2572337468847586,0,0.2572337468847586,0.5574125973956512,False,False,False
02,97,595,29,0.022277703508734703,0.7892079647804844,0.5054198913779625,0.0,0.25270994568898125,0,0.25270994568898125,0.5574125973956512,False,False,False
02,98,595,29,0.021287402138113976,0.687103679470091,0.47262864008287053,0.0,0.23631432004143527,0,0.23631432004143527,0.5574125973956512,False,False,False
02,99,595,29,0.022173086181282997,0.7108526192495652,0.5019557609868882,0.0,0.2509778804934441,0,0.2509778804934441,0.5574125973956512,False,False,False
02,100,595,32,0.02288217842578888,2.131103841027505,0.5254355042961585,0.13134538773914275,0.3283904460176506,0,0.3283904460176506,0.5574125973956512,False,False,False
02,101,595,32,0.023095212876796722,1.734843895149239,0.5324895854322186,0.09233973955351066,0.31241466249286465,0,0.31241466249286465,0.5574125973956512,False,False,False
02,102,595,32,0.021613681688904762,1.3759844904883074,0.4834325378253569,0.05701559480482632,0.2702240663150916,0,0.2702240663150916,0.5574125973956512,False,False,False
02,103,595,32,0.02236504852771759,1.0817480512136999,0.5083120942485363,0.028052579104863973,0.2681823366767001,0,0.2681823366767001,0.5574125973956512,False,False,False
02,104,595,32,0.020738475024700165,0.8521345773254168,0.4544523480442569,0.005450692453623638,0.22995152024894025,0,0.22995152024894025,0.5574125973956512,False,False,False
02,105,595,32,0.024023110046982765,0.7823821640615544,0.5632144841208909,0.0,0.28160724206044546,0,0.28160724206044546,0.5574125973956512,False,False,False
02,106,595,32,0.021902354434132576,0.7857344803909698,0.4929911841239841,0.0,0.24649559206199206,0,0.24649559206199206,0.5574125973956512,False,False,False
02,107,595,32,0.02190612256526947,0.8860212447998709,0.49311595597494634,0.00878630949854727,0.2509511327367468,0,0.2509511327367468,0.5574125973956512,False,False,False
02,108,595,32,0.02507288008928299,1.074760693081304,0.5979748856313415,0.027364782026470955,0.31266983382890623,0,0.31266983382890623,0.5574125973956512,False,False,False
02,109,595,32,0.019550161436200142,1.3230340482248875,0.41510443774756367,0.05180344469052968,0.23345394121904667,0,0.23345394121904667,0.5574125973956512,False,False,False
02,110,595,32,0.02461167983710766,1.6036188860616338,0.5827034401753368,0.0794226718789495,0.33106305602714314,0,0.33106305602714314,0.5574125973956512,False,False,False
02,111,595,32,0.01937028393149376,1.9165152065915427,0.4091482625526693,0.11022246359173034,0.2596853630721998,0,0.2596853630721998,0.5574125973956512,False,False,False
02,112,595,32,0.018067089840769768,2.1546104446867806,0.36599638355605263,0.1336592484306154,0.24982781599333403,0,0.24982781599333403,0.5574125973956512,False,False,False
02,113,595,32,0.017877237871289253,2.392705682782019,0.3597099299321406,0.1570960332695005,0.25840298160082054,0,0.25840298160082054,0.5574125973956512,False,False,False
02,114,595,33,0.016298169270157814,1.6767236156549128,0.30742318485833087,0.08661869911531622,0.19702094198682354,0,0.19702094198682354,0.5574125973956512,False,False,False
02,115,595,33,0.016072088852524757,1.8042731935861709,0.29993712050717475,0.09917397757523133,0.19955554904120304,0,0.19955554904120304,0.5574125973956512,False,False,False
02,116,595,33,0.015469877980649471,1.9641342542105904,0.2799964755498511,0.11490982055950737,0.19745314805467923,0,0.19745314805467923,0.5574125973956512,False,False,False
02,117,595,36,0.012534995563328266,1.2279171210468907,0.18281548628432712,0.04244065787194191,0.11262807207813451,0,0.11262807207813451,0.5574125973956512,False,False,False
02,118,595,36,0.013584522530436516,1.127549577931256,0.21756783899272594,0.032561029318145585,0.12506443415543578,0,0.12506443415543578,0.5574125973956512,False,False,False
02,119,595,36,0.013020421378314495,1.0918050002019455,0.19888909817316144,0.029042529813071226,0.11396581399311634,0,0.11396581399311634,0.5574125973956512,False,False,False
02,120,595,36,0.011717571876943111,1.1206833878589593,0.1557486293556985,0.03188515935671888,0.09381689435620869,0,0.09381689435620869,0.5574125973956512,False,False,False
02,121,595,36,0.013185324147343636,1.0594531281554171,0.2043494239880209,0.025857989583054797,0.11510370678553784,0,0.11510370678553784,0.5574125973956512,False,False,False
02,122,595,36,0.011313261464238167,1.030534351145038,0.14236094280133163,0.023011384333751796,0.08268616356754172,0,0.08268616356754172,0.5574125973956512,False,False,False
02,123,595,38,0.013178059831261635,1.1667272506967155,0.2041088850761313,0.03641746380393332,0.12026317444003232,0,0.12026317444003232,0.5574125973956512,False,False,False
02,124,595,38,0.0122218681499362,0.9490286360515363,0.17244708732564903,0.01498841032105115,0.09371774882335009,0,0.09371774882335009,0.5574125973956512,False,False,False
02,125,595,38,0.014993137679994106,0.7959529867926813,0.264210461852335,0.0,0.1321052309261675,0,0.1321052309261675,0.5574125973956512,False,False,False
02,126,595,38,0.011902173049747944,0.7075003029201505,0.16186121651996518,0.0,0.08093060825998259,0,0.08093060825998259,0.5574125973956512,False,False,False
02,127,595,38,0.01138851698487997,0.6836705844339439,0.14485283341354152,0.0,0.07242641670677076,0,0.07242641670677076,0.5574125973956512,False,False,False
02,128,595,38,0.012374063953757286,0.7244638313340617,0.17748665507463396,0.0,0.08874332753731698,0,0.08874332753731698,0.5574125973956512,False,False,False
02,129,595,38,0.01166912354528904,0.8349691021446762,0.1541443890050052,0.003761017550057039,0.07895270327753112,0,0.07895270327753112,0.5574125973956512,False,False,False
02,130,595,38,0.014296572655439377,1.010097338341615,0.24114552481278612,0.02099967727209366,0.1310726010424399,0,0.1310726010424399,0.5574125973956512,False,False,False
02,131,595,40,0.013828855939209461,0.8793166121410381,0.2256583036174877,0.008126342359742198,0.11689232298861495,0,0.11689232298861495,0.5574125973956512,False,False,False
02,132,595,40,0.013336696662008762,0.7347227270891393,0.20936173066032499,0.0,0.10468086533016249,0,0.10468086533016249,0.5574125973956512,False,False,False
02,133,595,42,0.012831343337893486,1.7977705076941708,0.19262827119486228,0.09853388896470355,0.14558108007978293,0,0.14558108007978293,0.5574125973956512,False,False,False
02,134,595,42,0.009677723981440067,1.3538915141968575,0.08820437774744491,0.054840883811294455,0.07152263077936968,0,0.07152263077936968,0.5574125973956512,False,False,False
02,135,595,42,0.012009501457214355,1.0069065794256629,0.16541511726648955,0.02068559652531278,0.09305035689590116,0,0.09305035689590116,0.5574125973956512,False,False,False
02,136,595,42,0.010550327599048615,0.756856092733954,0.11709837441845114,0.0,0.05854918720922557,0,0.05854918720922557,0.5574125973956512,False,False,False
02,137,595,42,0.012674293480813503,0.6071327598045144,0.18742797411141987,0.0,0.09371398705570994,0,0.09371398705570994,0.5574125973956512,False,False,False
02,138,595,42,0.012423132546246052,0.6223999353770338,0.17911143374780397,0.0,0.08955571687390199,0,0.08955571687390199,0.5574125973956512,False,False,False
02,139,595,44,0.016474125906825066,1.3725917848055245,0.313249530717449,0.05668163552976833,0.18496558312360867,0,0.18496558312360867,0.5574125973956512,False,False,False
02,140,595,44,0.01564922370016575,1.05965507492225,0.28593504206286224,0.02587786811133211,0.15590645508709716,0,0.15590645508709716,0.5574125973956512,False,False,False
02,141,595,45,0.013836593367159367,1.5596752695989327,0.22591450839697214,0.07509710412581846,0.15050580626139531,0,0.15050580626139531,0.5574125973956512,False,False,False
02,142,595,45,0.013485115021467209,1.1702007350862313,0.21427621817512732,0.03675937449030223,0.12551779633271476,0,0.12551779633271476,0.5574125973956512,False,False,False
02,143,595,45,0.011115137487649918,0.8776606486530157,0.1358005832010859,0.007963338427868918,0.07188196081447741,0,0.07188196081447741,0.5574125973956512,False,False,False
02,144,595,45,0.013833710923790932,0.7755967526959906,0.22581906379026725,0.0,0.11290953189513363,0,0.11290953189513363,0.5574125973956512,False,False,False
02,145,595,45,0.012219371274113655,0.7381558221252897,0.1723644097842675,0.0,0.08618220489213375,0,0.08618220489213375,0.5574125973956512,False,False,False
02,146,595,45,0.016203362494707108,0.7738196211478665,0.30428390535159566,0.0,0.15214195267579783,0,0.15214195267579783,0.5574125973956512,False,False,False
02,147,595,45,0.014841733500361443,0.9064178682499304,0.2591971066770816,0.010794040854550246,0.13499557376581595,0,0.13499557376581595,0.5574125973956512,False,False,False
02,148,595,45,0.013330847956240177,1.1223797407003524,0.20916806599793183,0.032052138994248046,0.12061010249608994,0,0.12061010249608994,0.5574125973956512,False,False,False
02,149,595,45,0.015321094542741776,1.3706530958439358,0.2750698994128102,0.05649080165830677,0.16578035053555848,0,0.16578035053555848,0.5574125973956512,False,False,False
02,150,595,46,0.016527719795703888,0.8876368189345284,0.31502415279739737,0.008945337724765263,0.1619847452610813,0,0.1619847452610813,0.5574125973956512,False,False,False
02,151,595,46,0.015296423807740211,1.0899874793004574,0.27425299226204675,0.02886362305857614,0.15155830766031145,0,0.15155830766031145,0.5574125973956512,False,False,False
02,152,595,46,0.014193014241755009,1.345086635162972,0.237716457593868,0.0539741799784062,0.1458453187861371,0,0.1458453187861371,0.5574125973956512,False,False,False
02,153,595,48,0.01284625194966793,0.7261601841754507,0.19312193105403258,0.0,0.09656096552701629,0,0.09656096552701629,0.5574125973956512,False,False,False
02,154,595,49,0.015372070483863354,0.994991720182559,0.27675783496951223,0.019512763356954628,0.14813529916323342,0,0.14813529916323342,0.5574125973956512,False,False,False
02,155,595,49,0.01652473211288452,0.8061714931943934,0.3149252234603023,0.0009263394177200929,0.15792578143901118,0,0.15792578143901118,0.5574125973956512,False,False,False
02,156,595,49,0.014225565828382969,0.7075003029201492,0.2387943186257096,0.0,0.1193971593128548,0,0.1193971593128548,0.5574125973956512,False,False,False
02,157,595,49,0.015777628868818283,0.7040672078840001,0.2901868448754088,0.0,0.1450934224377044,0,0.1450934224377044,0.5574125973956512,False,False,False
02,158,595,49,0.015423365868628025,0.7652570782341767,0.278456348070673,0.0,0.1392281740353365,0,0.1392281740353365,0.5574125973956512,False,False,False
02,159,595,49,0.01882082223892212,0.8961589724948514,0.39095426931720634,0.009784211618065627,0.200369240467636,0,0.200369240467636,0.5574125973956512,False,False,False
02,160,595,49,0.018392689526081085,1.0168827497071782,0.37677776932345186,0.02166759582220939,0.19922268257283063,0,0.19922268257283063,0.5574125973956512,False,False,False
02,161,595,50,0.013329893350601196,0.6853265479219676,0.20913645671784378,0.0,0.10456822835892189,0,0.10456822835892189,0.5574125973956512,False,False,False
02,162,595,50,0.01776725798845291,0.6818934528858213,0.3560682324827765,0.0,0.17803411624138826,0,0.17803411624138826,0.5574125973956512,False,False,False
02,163,595,50,0.019338540732860565,0.7753948059291592,0.4080971691843559,0.0,0.20404858459217795,0,0.20404858459217795,0.5574125973956512,False,False,False
02,164,595,50,0.016565298661589622,0.9641342542105911,0.31626847909159533,0.016475324236190064,0.1663719016638927,0,0.1663719016638927,0.5574125973956512,False,False,False
02,165,595,50,0.01745951920747757,1.2022294923058292,0.3458782640554053,0.039912109075075156,0.1928951865652402,0,0.1928951865652402,0.5574125973956512,False,False,False
02,166,595,50,0.014402227476239204,1.4403247304010673,0.2446440090946098,0.06334889391396024,0.153996451504285,0,0.153996451504285,0.5574125973956512,False,False,False
02,167,595,50,0.02019456960260868,1.6784199684963053,0.43644233623806744,0.08678567875284532,0.2616140074954564,0,0.2616140074954564,0.5574125973956512,False,False,False
02,168,595,50,0.01787848025560379,1.9165152065915434,0.35975106825373815,0.11022246359173041,0.23498676592273426,0,0.23498676592273426,0.5574125973956512,False,False,False
02,169,595,50,0.016253221780061722,2.1546104446867815,0.30593486576017515,0.1336592484306155,0.21979705709539532,0,0.21979705709539532,0.5574125973956512,False,False,False
02,170,595,50,0.016982650384306908,2.3927056827820197,0.33008799466944805,0.15709603326950058,0.24359201396947433,0,0.24359201396947433,0.5574125973956512,False,False,False
02,171,595,50,0.015668878331780434,2.58318187325821,0.28658585401113373,0.17584546114060864,0.2312156575758712,0,0.2312156575758712,0.5574125973956512,False,False,False
02,172,595,50,0.022525770589709282,2.7736580637344006,0.5136339868357711,0.19459488901171673,0.3541144379237439,0,0.3541144379237439,0.5574125973956512,False,False,False
02,173,595,53,0.019728440791368484,1.2294923058281835,0.4210076943818423,0.04259571039250462,0.23180170238717346,0,0.23180170238717346,0.5574125973956512,False,False,False
02,174,595,54,0.015074940398335457,1.1887394482814326,0.2669191458684658,0.038584223386154304,0.15275168462731006,0,0.15275168462731006,0.5574125973956512,False,False,False
02,175,595,56,0.019329026341438293,2.273960983884647,0.4077821248864247,0.14540745864247373,0.27659479176444923,0,0.27659479176444923,0.5574125973956512,False,False,False
02,176,595,56,0.01804330013692379,1.9729391332444766,0.3652086494579363,0.11577652439239569,0.240492586925166,0,0.240492586925166,0.5574125973956512,False,False,False
02,177,595,56,0.021103162318468094,1.7042287652974675,0.4665280181875543,0.08932615466667856,0.27792708642711644,0,0.27792708642711644,0.5574125973956512,False,False,False
02,178,595,56,0.02107260748744011,1.4678298800436198,0.4655162745181603,0.06605634946532238,0.26578631199174135,0,0.26578631199174135,0.5574125973956512,False,False,False
02,179,595,56,0.015999779105186462,1.2739205945312801,0.2975427715075683,0.04696898661350087,0.17225587906053458,0,0.17225587906053458,0.5574125973956512,False,False,False
02,180,595,58,0.021149128675460815,2.512056221979885,0.4680500744100186,0.16884424348135882,0.3184471589456887,0,0.3184471589456887,0.5574125973956512,False,False,False
02,181,595,58,0.020971618592739105,2.1191889817844016,0.4621722902297426,0.13017255457078467,0.29617242240026365,0,0.29617242240026365,0.5574125973956512,False,False,False
02,182,595,58,0.01951625570654869,1.8385637545942886,0.4139817377954801,0.10254935167670938,0.25826554473609475,0,0.25826554473609475,0.5574125973956512,False,False,False
02,183,595,58,0.019528543576598167,1.6225614927904997,0.41438861861643794,0.08128727783135609,0.24783794822389701,0,0.24783794822389701,0.5574125973956512,False,False,False
02,184,595,58,0.017070557922124863,1.4711821963730365,0.3329988238865323,0.06638633303472494,0.1996925784606286,0,0.1996925784606286,0.5574125973956512,False,False,False
02,185,595,58,0.02234097570180893,1.3844258653418975,0.5075149853005207,0.05784651728681578,0.28268075129366826,0,0.28268075129366826,0.5574125973956512,False,False,False
02,186,595,58,0.0219266414642334,1.3656852053798636,0.49379538588606825,0.05600178986268641,0.2748985878743773,0,0.2748985878743773,0.5574125973956512,False,False,False
02,187,595,58,0.01630556397140026,1.4047820994385896,0.30766804113530566,0.059850272937163204,0.18375915703623444,0,0.18375915703623444,0.5574125973956512,False,False,False
02,188,595,58,0.020270612090826035,1.4846722403974317,0.43896028523239866,0.06771421872364566,0.25333725197802215,0,0.25333725197802215,0.5574125973956512,False,False,False
02,189,595,58,0.018393583595752716,1.6207035825356446,0.3768073741126075,0.0811043953712055,0.2289558847419065,0,0.2289558847419065,0.5574125973956512,False,False,False
02,190,595,58,0.020877987146377563,1.7890464073670191,0.45907192868541824,0.0976751365431263,0.2783735326142723,0,0.2783735326142723,0.5574125973956512,False,False,False
02,191,595,60,0.01812768541276455,1.040793246900117,0.3680028481410761,0.024021213570236424,0.19601203085565624,0,0.19601203085565624,0.5574125973956512,False,False,False
02,192,595,61,0.01517673023045063,0.9915182357930458,0.27028965111383546,0.019170852670585988,0.14473025189221073,0,0.14473025189221073,0.5574125973956512,False,False,False
02,193,595,61,0.021569250151515007,0.7397713962599465,0.48196130315760977,0.0,0.24098065157880488,0,0.24098065157880488,0.5574125973956512,False,False,False
02,194,595,61,0.0176509041339159,0.7295125005048662,0.3522154775573904,0.0,0.1761077387786952,0,0.1761077387786952,0.5574125973956512,False,False,False
02,195,595,61,0.014487721025943756,0.8859404660931379,0.24747490538097378,0.008778358087236362,0.12812663173410507,0,0.12812663173410507,0.5574125973956512,False,False,False
02,196,595,61,0.014917576685547829,0.9998788319399016,0.26170845627049694,0.01999382374126441,0.14085114000588067,0,0.14085114000588067,0.5574125973956512,False,False,False
02,197,595,62,0.015078680589795113,0.6512783230340475,0.26704299256976693,0.0,0.13352149628488347,0,0.13352149628488347,0.5574125973956512,False,False,False
02,198,595,62,0.013861432671546936,0.719293994103154,0.2267369972840243,0.0,0.11336849864201215,0,0.11336849864201215,0.5574125973956512,False,False,False
02,199,595,63,0.013787277042865753,0.6785815259097686,0.22428152673014026,0.0,0.11214076336507013,0,0.11214076336507013,0.5574125973956512,False,False,False
02,200,595,64,0.013254932127892971,1.0204774021567904,0.20665431101539763,0.022021433625544345,0.11433787232047099,0,0.11433787232047099,0.5574125973956512,False,False,False
02,201,595,64,0.01360038761049509,0.7721636576598415,0.2180931698086284,0.0,0.1090465849043142,0,0.1090465849043142,0.5574125973956512,False,False,False
02,202,595,64,0.012225444428622723,0.590169231390606,0.1725655064822716,0.0,0.0862827532411358,0,0.0862827532411358,0.5574125973956512,False,False,False
02,203,595,64,0.011982389725744724,0.5135910174078123,0.16451738287366682,0.0,0.08225869143683341,0,0.08225869143683341,0.5574125973956512,False,False,False
02,204,595,64,0.012437520548701286,0.5594733228321027,0.1795878549849555,0.0,0.08979392749247775,0,0.08979392749247775,0.5574125973956512,False,False,False
02,205,595,64,0.01329184602946043,0.6988973706530965,0.2078766187476611,0.0,0.10393830937383056,0,0.10393830937383056,0.5574125973956512,False,False,False
02,206,595,64,0.013778298161923885,0.8978553253362419,0.22398421446738034,0.009951191255594526,0.11696770286148743,0,0.11696770286148743,0.5574125973956512,False,False,False
02,207,595,66,0.01290733739733696,0.845349165959853,0.1951446165964476,0.004782773903507855,0.09996369524997772,0,0.09996369524997772,0.5574125973956512,False,False,False
02,208,595,66,0.012204383499920368,0.6106062441940316,0.17186812866772405,0.0,0.08593406433386203,0,0.08593406433386203,0.5574125973956512,False,False,False
02,209,595,66,0.01593722589313984,0.5169837230905946,0.29547148476962276,0.0,0.14773574238481138,0,0.14773574238481138,0.5574125973956512,False,False,False
02,210,595,66,0.015551627613604069,0.5747404984046207,0.28270340178162584,0.0,0.14135170089081292,0,0.14135170089081292,0.5574125973956512,False,False,False
02,211,595,66,0.01570712774991989,0.7549577931257322,0.28785238389719847,0.0,0.14392619194859924,0,0.14392619194859924,0.5574125973956512,False,False,False
02,212,595,66,0.013749472796916962,1.0117533018296374,0.2230297375620093,0.021162681203966954,0.12209620938298812,0,0.12209620938298812,0.5574125973956512,False,False,False
02,213,595,66,0.019831029698252678,1.2498485399248753,0.4244046589075198,0.044599466042852025,0.23450206247518593,0,0.23450206247518593,0.5574125973956512,False,False,False
02,214,595,69,0.019512785598635674,1.3691990791227435,0.41386683420756976,0.05634767625471053,0.23510725523114015,0,0.23510725523114015,0.5574125973956512,False,False,False
02,215,595,69,0.013730299659073353,1.029039945070479,0.222394869026231,0.022864283224500077,0.12262957612536554,0,0.12262957612536554,0.5574125973956512,False,False,False
02,216,595,69,0.015480865724384785,0.7585928349287127,0.2803603060732451,0.0,0.14018015303662254,0,0.14018015303662254,0.5574125973956512,False,False,False
02,217,595,69,0.014425637200474739,0.5952582899147772,0.24541916115733495,0.0,0.12270958057866747,0,0.12270958057866747,0.5574125973956512,False,False,False
02,218,595,69,0.018013684079051018,0.5986106062441927,0.36422799081715573,0.0,0.18211399540857787,0,0.18211399540857787,0.5574125973956512,False,False,False
02,219,595,69,0.018817216157913208,0.6988973706530951,0.3908348633342786,0.0,0.1954174316671393,0,0.1954174316671393,0.5574125973956512,False,False,False
02,220,595,69,0.014424389228224754,0.8366250656326985,0.2453778378058052,0.00392402148193031,0.12465092964386774,0,0.12465092964386774,0.5574125973956512,False,False,False
02,221,595,69,0.015226990915834904,0.9913566783795785,0.27195390283921295,0.019154949847964044,0.1455544263435885,0,0.1455544263435885,0.5574125973956512,False,False,False
02,222,595,70,0.01435457170009613,0.5934811583666546,0.2430660121559701,0.0,0.12153300607798505,0,0.12153300607798505,0.5574125973956512,False,False,False
02,223,595,72,0.017536107450723648,1.3742881376469156,0.3484142843064503,0.05684861516729729,0.20263144973687378,0,0.20263144973687378,0.5574125973956512,False,False,False
02,224,595,72,0.017919784411787987,1.0630477806050316,0.36111874783608466,0.026211827386389972,0.19366528761123733,0,0.19366528761123733,0.5574125973956512,False,False,False
02,225,595,72,0.014585101045668125,0.8266085059978184,0.2506993911714976,0.0029380464793784234,0.126818718825438,0,0.126818718825438,0.5574125973956512,False,False,False
02,226,595,73,0.016641072928905487,1.1872046528535074,0.3187775466491799,0.03843314657124715,0.17860534661021352,0,0.17860534661021352,0.5574125973956512,False,False,False
02,227,595,73,0.01757834665477276,0.8640494365685194,0.3498129255641221,0.006623525621981669,0.17821822559305187,0,0.17821822559305187,0.5574125973956512,False,False,False
02,228,595,73,0.017016254365444183,0.7330667636011137,0.3312007030051916,0.0,0.1656003515025958,0,0.1656003515025958,0.5574125973956512,False,False,False
02,229,595,74,0.016571063548326492,1.0494365685205371,0.31645936830500515,0.02487201458050291,0.17066569144275404,0,0.17066569144275404,0.5574125973956512,False,False,False
02,230,595,74,0.012659194879233837,0.8113009410719323,0.186928023234554,0.0014312540359623423,0.09417963863525818,0,0.09417963863525818,0.5574125973956512,False,False,False
02,231,595,74,0.017165731638669968,0.7024112443959758,0.3361502536921502,0.0,0.1680751268460751,0,0.1680751268460751,0.5574125973956512,False,False,False
02,232,595,74,0.01603766530752182,0.7176784199684951,0.29879727444803855,0.0,0.14939863722401928,0,0.14939863722401928,0.5574125973956512,False,False,False
02,233,595,74,0.015406979247927666,0.7975685609273387,0.2779137477944298,7.951411310895223e-05,0.13899663095376938,0,0.13899663095376938,0.5574125973956512,False,False,False
02,234,595,74,0.01655414327979088,0.9488670786380711,0.31589909767023466,0.014972507498429401,0.16543580258433202,0,0.16543580258433202,0.5574125973956512,False,False,False
02,235,595,76,0.016268236562609673,0.8130376832666909,0.3064320411880577,0.001602209379146859,0.15401712528360229,0,0.15401712528360229,0.5574125973956512,False,False,False
02,236,595,76,0.017602529376745224,0.624217456278524,0.350613673434138,0.0,0.175306836717069,0,0.175306836717069,0.5574125973956512,False,False,False
02,237,595,76,0.016562974080443382,0.564643160063007,0.3161915066397907,0.0,0.15809575331989534,0,0.15809575331989534,0.5574125973956512,False,False,False
02,238,595,76,0.014137648046016693,0.6224403247303999,0.23588315018708295,0.0,0.11794157509354147,0,0.11794157509354147,0.5574125973956512,False,False,False
02,239,595,77,0.014923612587153912,0.5901692313906053,0.26190831943561954,0.0,0.13095415971780977,0,0.13095415971780977,0.5574125973956512,False,False,False
02,240,595,77,0.015253553166985512,0.5220727816147652,0.2728334426220338,0.0,0.1364167213110169,0,0.1364167213110169,0.5574125973956512,False,False,False
02,241,595,77,0.011840663850307465,0.6002665697322184,0.15982449954102326,0.0,0.07991224977051163,0,0.07991224977051163,0.5574125973956512,False,False,False
02,242,595,77,0.012865370139479637,0.7736984530877654,0.19375498012881068,0.0,0.09687749006440534,0,0.09687749006440534,0.5574125973956512,False,False,False
02,243,595,79,0.012852123007178307,0.8453895553132191,0.19331633583615462,0.004786749609163276,0.09905154272265895,0,0.09905154272265895,0.5574125973956512,False,False,False
02,244,595,79,0.013920972123742104,0.5681166444525215,0.2287084912118577,0.0,0.11435424560592886,0,0.11435424560592886,0.5574125973956512,False,False,False
02,245,595,79,0.013355256989598274,0.4234823700472559,0.20997630758020283,0.0,0.10498815379010142,0,0.10498815379010142,0.5574125973956512,False,False,False
02,246,595,80,0.013054098933935165,0.7994668605355619,0.2000042427363459,0.0002663722789151523,0.10013530750763053,0,0.10013530750763053,0.5574125973956512,False,False,False
02,247,595,80,0.013209004886448383,0.5494163738438544,0.20513355000245886,0.0,0.10256677500122943,0,0.10256677500122943,0.5574125973956512,False,False,False
02,248,595,82,0.01160378847271204,2.0358657457894096,0.1519809881991348,0.12197067380358871,0.13697583100136176,0,0.13697583100136176,0.5574125973956512,False,False,False
02,249,595,82,0.011760096065700054,1.6396057999111424,0.15715670713991362,0.08296502561795649,0.12006086637893505,0,0.12006086637893505,0.5574125973956512,False,False,False
02,250,595,82,0.011915533803403378,1.3232763843450859,0.16230362308790977,0.05182729892446236,0.10706546100618607,0,0.10706546100618607,0.5574125973956512,False,False,False
02,251,595,82,0.01100504957139492,1.0392584514721905,0.13215530850636553,0.023870136755329143,0.07801272263084734,0,0.07801272263084734,0.5574125973956512,False,False,False
02,252,595,82,0.011709212325513363,0.796033765499413,0.15547182457709327,0.0,0.07773591228854664,0,0.07773591228854664,0.5574125973956512,False,False,False
02,253,595,82,0.01054386142641306,0.6599216446544677,0.11688426394854738,0.0,0.05844213197427369,0,0.05844213197427369,0.5574125973956512,False,False,False
02,254,595,82,0.011038681492209435,0.6581445131063436,0.13326894199177017,0.0,0.06663447099588508,0,0.06663447099588508,0.5574125973956512,False,False,False
02,255,595,82,0.011768337339162827,0.7805242538066967,0.15742959545162014,0.0,0.07871479772581007,0,0.07871479772581007,0.5574125973956512,False,False,False
02,256,595,82,0.009653100743889809,0.9879639726967969,0.08738904335110537,0.01882099057290618,0.05310501696200577,0,0.05310501696200577,0.5574125973956512,False,False,False
02,257,595,82,0.01402255054563284,1.249848539924876,0.23207199615812488,0.04459946604285209,0.13833573110048847,0,0.13833573110048847,0.5574125973956512,False,False,False
02,258,595,83,0.011019597761332989,0.7737388424411322,0.13263703393490744,0.0,0.06631851696745372,0,0.06631851696745372,0.5574125973956512,False,False,False
02,259,595,83,0.012087618932127953,0.9692637020881298,0.16800177404231953,0.0169802388544323,0.09249100644837592,0,0.09249100644837592,0.5574125973956512,False,False,False
02,260,595,83,0.014325002208352089,1.2022294923058285,0.2420868954312914,0.039912109075075086,0.14099950225318325,0,0.14099950225318325,0.5574125973956512,False,False,False
02,261,595,83,0.01870475895702839,1.4879437780201141,0.38711113594829577,0.06803625088173718,0.2275736934150165,0,0.2275736934150165,0.5574125973956512,False,False,False
02,262,595,85,0.015897685661911964,0.748253160466902,0.2941622129692146,0.0,0.1470811064846073,0,0.1470811064846073,0.5574125973956512,False,False,False
02,263,595,85,0.011623208411037922,0.7379942647118231,0.15262402889025292,0.0,0.07631201444512646,0,0.07631201444512646,0.5574125973956512,False,False,False
02,264,595,85,0.015871984884142876,0.8060099357809295,0.29331119863427807,0.0009104365950984751,0.14711081761468828,0,0.14711081761468828,0.5574125973956512,False,False,False
02,265,595,85,0.01515287533402443,0.9386485722363589,0.2694997583331765,0.01396665396760027,0.1417332061503884,0,0.1417332061503884,0.5574125973956512,False,False,False
02,266,595,85,0.014942537061870098,1.135910174078114,0.2625349541394139,0.0333840003888242,0.14795947726411907,0,0.14795947726411907,0.5574125973956512,False,False,False
02,267,595,87,0.015622843988239765,0.9251989175653305,0.2850615465911607,0.012642743984335033,0.14885214528774784,0,0.14885214528774784,0.5574125973956512,False,False,False
02,268,595,87,0.012993444688618183,0.7976089502807069,0.19799583533703408,8.348981876456977e-05,0.09903966257789933,0,0.09903966257789933,0.5574125973956512,False,False,False
02,269,595,87,0.013823428191244602,0.6598408659477367,0.22547857787665535,0.0,0.11273928893832767,0,0.11273928893832767,0.5574125973956512,False,False,False
02,270,595,87,0.014046604745090008,0.5934811583666553,0.23286848833969975,0.0,0.11643424416984988,0,0.11643424416984988,0.5574125973956512,False,False,False
02,271,595,87,0.01223390456289053,0.6240558988650594,0.17284564179965684,0.0,0.08642282089982842,0,0.08642282089982842,0.5574125973956512,False,False,False
02,272,595,89,0.012930329889059067,1.1787228886465524,0.19590595309090014,0.037598248383602394,0.11675210073725127,0,0.11675210073725127,0.5574125973956512,False,False,False
02,273,595,89,0.011869111098349094,0.8810937436891628,0.16076645608764725,0.008301273408582137,0.0845338647481147,0,0.0845338647481147,0.5574125973956512,False,False,False
02,274,595,89,0.010724450461566448,0.6548729754836619,0.12286399962147812,0.0,0.06143199981073906,0,0.06143199981073906,0.5574125973956512,False,False,False
02,275,595,89,0.011402987875044346,0.5255866553576466,0.14533199926135437,0.0,0.07266599963067719,0,0.07266599963067719,0.5574125973956512,False,False,False
02,276,595,89,0.011069845408201218,0.503412900359465,0.13430085392377644,0.0,0.06715042696188822,0,0.06715042696188822,0.5574125973956512,False,False,False
02,277,595,89,0.011450032703578472,0.6104850761339305,0.1468897662607377,0.0,0.07344488313036884,0,0.07344488313036884,0.5574125973956512,False,False,False
02,278,595,89,0.011719983071088791,0.8434104769982637,0.15582846977145262,0.004591940032046235,0.08021020490174943,0,0.08021020490174943,0.5574125973956512,False,False,False
02,279,595,89,0.010727246291935444,1.1069913970677332,0.12295657626423358,0.030537395139521042,0.07674698570187731,0,0.07674698570187731,0.5574125973956512,False,False,False
02,280,595,89,0.012417620047926903,1.392705682782019,0.17892890171966622,0.05866153694618316,0.1187952193329247,0,0.1187952193329247,0.5574125973956512,False,False,False
02,281,595,89,0.010974684730172157,1.6784199684963046,0.1311498558546671,0.08678567875284525,0.10896776730375618,0,0.10896776730375618,0.5574125973956512,False,False,False
02,282,595,89,0.012781492434442043,1.9641342542105904,0.19097758833118111,0.11490982055950737,0.15294370444534425,0,0.15294370444534425,0.5574125973956512,False,False,False
02,283,595,91,0.017032984644174576,0.7396906175532149,0.33175468262226654,0.0,0.16587734131113327,0,0.16587734131113327,0.5574125973956512,False,False,False
02,284,595,91,0.012379838153719902,0.8451068298396555,0.17767785267126412,0.0047589196695752645,0.09121838617041969,0,0.09121838617041969,0.5574125973956512,False,False,False
02,285,595,91,0.013992809690535069,1.0049678904640749,0.23108720518219134,0.020494762653851292,0.12579098391802132,0,0.12579098391802132,0.5574125973956512,False,False,False
02,286,595,92,0.014721028506755829,0.7278161476634764,0.255200275111138,0.0,0.127600137555569,0,0.127600137555569,0.5574125973956512,False,False,False
02,287,595,92,0.014721104875206947,0.8213175007068143,0.25520280385354505,0.0024172290385144255,0.12881001644602974,0,0.12881001644602974,0.5574125973956512,False,False,False
02,288,595,92,0.01592196710407734,0.9046407367018057,0.2949662297013665,0.010619109805710309,0.1527926697535384,0,0.1527926697535384,0.5574125973956512,False,False,False
02,289,595,92,0.012397673912346363,1.0508905852417307,0.17826843737659712,0.025015139984099283,0.1016417886803482,0,0.1016417886803482,0.5574125973956512,False,False,False
02,290,595,92,0.012458674609661102,1.2294519164748172,0.18028831663170675,0.04259173468684919,0.11144002565927796,0,0.11144002565927796,0.5574125973956512,False,False,False
02,291,595,92,0.013209469616413116,1.4403247304010667,0.20514893832515538,0.06334889391396017,0.13424891611955778,0,0.13424891611955778,0.5574125973956512,False,False,False
02,292,595,95,0.011658621951937675,1.3061916878710782,0.1537966560857146,0.05014557543220666,0.10197111575896063,0,0.10197111575896063,0.5574125973956512,False,False,False
02,293,595,95,0.011999687179923058,1.052788884849954,0.16509014302886235,0.025201998149905494,0.09514607058938393,0,0.09514607058938393,0.5574125973956512,False,False,False
02,294,595,95,0.01201822329312563,0.8316975645219925,0.16570391815236724,0.003438985391965383,0.08457145177216631,0,0.08457145177216631,0.5574125973956512,False,False,False
02,295,595,95,0.013261871412396431,0.6547921967769296,0.20688408735289626,0.0,0.10344204367644813,0,0.10344204367644813,0.5574125973956512,False,False,False
02,296,595,95,0.012844747863709927,0.5748212771113537,0.19307212716394262,0.0,0.09653606358197131,0,0.09653606358197131,0.5574125973956512,False,False,False
02,297,595,95,0.011657482013106346,0.5917848055252635,0.15375890997954117,0.0,0.07687945498977058,0,0.07687945498977058,0.5574125973956512,False,False,False
02,298,595,95,0.011362827382981777,0.6988973706530958,0.14400218913846946,0.0,0.07200109456923473,0,0.07200109456923473,0.5574125973956512,False,False,False
02,299,595,95,0.012076113373041153,0.8706329011672524,0.16762079741187288,0.0072715656438203475,0.08744618152784661,0,0.08744618152784661,0.5574125973956512,False,False,False
02,300,595,95,0.011594833806157112,1.1069913970677332,0.15168447773274785,0.030537395139521042,0.09111093643613444,0,0.09111093643613444,0.5574125973956512,False,False,False
02,301,595,95,0.011271394789218903,1.392705682782019,0.14097463687247472,0.05866153694618316,0.09981808690932895,0,0.09981808690932895,0.5574125973956512,False,False,False
02,302,595,96,0.012174774892628193,0.8655438426430797,0.1708877167335198,0.006770626731233519,0.08882917173237666,0,0.08882917173237666,0.5574125973956512,False,False,False
02,303,595,96,0.011261922307312489,1.0899874793004567,0.14066098029903512,0.028863623058576073,0.0847623016788056,0,0.0847623016788056,0.5574125973956512,False,False,False
02,304,595,96,0.011727804318070412,1.2974675875439237,0.15608744999992039,0.049286823010629116,0.10268713650527475,0,0.10268713650527475,0.5574125973956512,False,False,False
02,305,595,96,0.011691892519593239,1.5355628256391618,0.15489832430216885,0.0727236078495142,0.11381096607584153,0,0.11381096607584153,0.5574125973956512,False,False,False
02,306,595,96,0.011638237163424492,1.7736580637344,0.15312166689296602,0.0961603926883993,0.12464102979068266,0,0.12464102979068266,0.5574125973956512,False,False,False
02,307,595,98,0.012259867042303085,0.7822609960014553,0.17370532170308578,0.0,0.08685266085154289,0,0.08685266085154289,0.5574125973956512,False,False,False
02,308,595,98,0.011136017739772797,0.7635203360394214,0.13649197838115826,0.0,0.06824598919057913,0,0.06824598919057913,0.5574125973956512,False,False,False
02,309,595,98,0.012971666641533375,0.8417141241568732,0.19727471201451793,0.004424960394517335,0.10084983620451764,0,0.10084983620451764,0.5574125973956512,False,False,False
02,310,595,98,0.013145423494279385,1.0066642433054653,0.20302821775698435,0.02066174229138019,0.11184498002418226,0,0.11184498002418226,0.5574125973956512,False,False,False
02,311,595,100,0.016858188435435295,1.0680560604224734,0.3259667613124067,0.02670481488766609,0.1763357881000364,0,0.1763357881000364,0.5574125973956512,False,False,False
02,312,595,101,0.03027382306754589,1.4014297831091735,0.7701905698980044,0.0595202893677607,0.4148554296328825,0,0.4148554296328825,0.5574125973956512,False,False,False
02,313,595,103,0.028092358261346817,2.893008602932267,0.6979570430407857,0.20634309922357502,0.4521500711321803,0,0.4521500711321803,0.5574125973956512,False,False,False
02,314,595,103,0.02459855191409588,2.5443677046730473,0.5822687431879014,0.17202480800571984,0.37714677559681065,0,0.37714677559681065,0.5574125973956512,False,False,False
02,315,595,104,0.023371106013655663,3.083484793408457,0.5416250682758523,0.2250925270946831,0.3833587976852677,0,0.3833587976852677,0.5574125973956512,False,False,False
02,316,595,104,0.026449821889400482,2.6889212003715803,0.6435687279967899,0.18625385854657975,0.4149112932716848,0,0.4149112932716848,0.5574125973956512,False,False,False
02,317,595,104,0.02277597039937973,2.3589805727210296,0.5219187020510447,0.1537763190471986,0.33784751054912165,0,0.33784751054912165,0.5574125973956512,False,False,False
02,318,595,105,0.027250314131379128,2.7518478129165143,0.6700749442307836,0.19244800795777287,0.43126147609427823,0,0.43126147609427823,0.5574125973956512,False,False,False
02,319,595,105,0.039439208805561066,2.345369360636535,1.0736784533524362,0.15243650624131153,0.6130574797968739,0,0.6130574797968739,0.5574125973956512,True,False,False
02,320,595,105,0.05056411772966385,2.0358253564360416,1.4420508448160638,0.1219666980979331,0.7820087714569984,0,0.7820087714569984,0.5574125973956512,True,False,False
02,321,595,105,0.021553657948970795,1.8181267417908622,0.4814450079700642,0.10053764461505092,0.29099132629255753,0,0.29099132629255753,0.5574125973956512,False,False,False
02,322,595,105,0.009459944441914558,1.6327396098388445,0.08099317536060566,0.08228915565652968,0.08164116550856768,0,0.08164116550856768,0.5574125973956512,False,False,False
02,323,595,106,0.008004794828593731,1.6208247505957418,0.03280968490208965,0.08111632248817165,0.056963003695130646,0,0.056963003695130646,0.5574125973956512,False,False,False
02,324,595,106,0.00844420213252306,1.4371339714851143,0.047359513622425554,0.06303481316717928,0.05519716339480242,0,0.05519716339480242,0.5574125973956512,False,False,False
02,325,595,107,0.006659964099526405,1.4575709842885414,0.0,0.0650465202288378,0.0325232601144189,0,0.0325232601144189,0.5574125973956512,False,False,False
02,326,595,107,0.006749958731234074,1.1445938850518989,0.0,0.03423877710474598,0.01711938855237299,0,0.01711938855237299,0.5574125973956512,False,False,False
02,327,595,107,0.007470669690519571,0.9812997293913316,0.015123521734773049,0.01816499913975666,0.016644260437264854,0,0.016644260437264854,0.5574125973956512,False,False,False
02,328,595,109,0.006515067536383867,1.7977705076941715,0.0,0.09853388896470362,0.04926694448235181,0,0.04926694448235181,0.5574125973956512,False,False,False
02,329,595,109,0.00719166686758399,1.3062724665778092,0.005885069733857279,0.05015352684351737,0.028019298288687326,0,0.028019298288687326,0.5574125973956512,False,False,False
02,330,595,109,0.007014249451458454,0.8623530837271289,1.035396662396469e-05,0.00645654598445277,0.0032334499755383673,0,0.0032334499755383673,0.5574125973956512,False,False,False
02,331,595,109,0.006776135880500078,0.5289389716870633,0.0,0.0,0.0,0,0.0,0.5574125973956512,False,False,False
02,332,595,109,0.006445260718464851,0.45740942687507546,0.0,0.0,0.0,0,0.0,0.5574125973956512,False,False,False
02,333,595,110,0.006918560713529587,0.4898824669817029,0.0,0.0,0.0,0,0.0,0.5574125973956512,False,False,False
02,334,595,111,0.006947027985006571,0.9916394038531442,0.0,0.019182779787552253,0.009591389893776127,0,0.009591389893776127,0.5574125973956512,False,False,False
02,335,595,111,0.008149332366883755,0.6787026939698684,0.03759566912896329,0.0,0.018797834564481645,0,0.018797834564481645,0.5574125973956512,False,False,False
02,336,595,112,0.009410606697201729,1.2263419362656,0.07935948441236693,0.042285605351379416,0.06082254488187317,0,0.06082254488187317,0.5574125973956512,False,False,False
02,337,595,112,0.011614486575126648,0.8844864493719437,0.15233522800437524,0.008635232683639924,0.08048523034400758,0,0.08048523034400758,0.5574125973956512,False,False,False
02,338,595,112,0.00982353463768959,0.6395654105577757,0.0930325179605433,0.0,0.04651625898027165,0,0.04651625898027165,0.5574125973956512,False,False,False
02,339,595,112,0.009388779290020466,0.5408942202835314,0.07863672665878284,0.0,0.03931836332939142,0,0.03931836332939142,0.5574125973956512,False,False,False
02,340,595,112,0.009257912635803223,0.5442465366129468,0.07430341816109215,0.0,0.037151709080546075,0,0.037151709080546075,0.5574125973956512,False,False,False
02,341,595,112,0.007223766762763262,0.6547114180701958,0.006947974179510864,0.0,0.003473987089755432,0,0.003473987089755432,0.5574125973956512,False,False,False
02,342,595,112,0.007944358512759209,0.8893331717759194,0.030808493670134506,0.009112317362294215,0.01996040551621436,0,0.01996040551621436,0.5574125973956512,False,False,False
02,343,595,114,0.007603642530739307,0.7552001292459297,0.01952657109775069,0.0,0.009763285548875344,0,0.009763285548875344,0.5574125973956512,False,False,False
02,344,595,114,0.007166773546487093,0.5527686901732698,0.005060792224126968,0.0,0.002530396112063484,0,0.002530396112063484,0.5574125973956512,False,False,False
02,345,595,114,0.007081512361764908,0.48127953471464885,0.0022375900991112373,0.0,0.0011187950495556186,0,0.0011187950495556186,0.5574125973956512,False,False,False
02,346,595,114,0.007271768990904093,0.5798699462821595,0.008537442973948355,0.0,0.004268721486974178,0,0.004268721486974178,0.5574125973956512,False,False,False
02,347,595,114,0.007363977842032909,0.7753948059291572,0.011590698981361038,0.0,0.005795349490680519,0,0.005795349490680519,0.5574125973956512,False,False,False
02,348,595,117,0.007538381963968277,1.7977705076941715,0.017365637357643234,0.09853388896470362,0.05794976316117343,0,0.05794976316117343,0.5574125973956512,False,False,False
02,349,595,117,0.007629883009940386,1.449129609434952,0.020395456240307704,0.06421559774684842,0.04230552699357806,0,0.04230552699357806,0.5574125973956512,False,False,False
02,350,595,117,0.007475401274859905,1.1328001938688952,0.015280195829882662,0.03307787105335427,0.024179033441618467,0,0.024179033441618467,0.5574125973956512,False,False,False
02,351,595,117,0.0071604312397539616,0.8572640252029549,0.004850783251054147,0.00595560707186581,0.005403195161459979,0,0.005403195161459979,0.5574125973956512,False,False,False
02,352,595,117,0.0071936980821192265,0.6616179974958595,0.0059523281142202485,0.0,0.0029761640571101242,0,0.0029761640571101242,0.5574125973956512,False,False,False
02,353,595,118,0.007297252304852009,0.9474130619168775,0.009381256560689187,0.014829382094833027,0.012105319327761106,0,0.012105319327761106,0.5574125973956512,False,False,False
02,354,595,118,0.00737680634483695,0.7075810816268822,0.012015481448261416,0.0,0.006007740724130708,0,0.006007740724130708,0.5574125973956512,False,False,False
02,355,595,119,0.006983617320656776,1.1225816874671832,0.0,0.032072017522525156,0.016036008761262578,0,0.016036008761262578,0.5574125973956512,False,False,False
02,356,595,119,0.007201761938631535,0.8436528131184605,0.006219341725578695,0.004615794265978759,0.005417567995778727,0,0.005417567995778727,0.5574125973956512,False,False,False
02,357,595,121,0.0073952144011855125,2.2739609838846477,0.012625016302486207,0.1454074586424738,0.07901623747248002,0,0.07901623747248002,0.5574125973956512,False,False,False
02,358,595,121,0.007518276106566191,1.8777010380063806,0.016699884242344764,0.10640181045684158,0.06155084734959317,0,0.06155084734959317,0.5574125973956512,False,False,False
02,359,595,121,0.006590541452169418,1.5137525748212763,0.0,0.07057672679557044,0.03528836339778522,0,0.03528836339778522,0.5574125973956512,False,False,False
02,360,595,121,0.007233188021928072,1.1889010056948979,0.007259934645238419,0.03860012620877605,0.022930030427007236,0,0.022930030427007236,0.5574125973956512,False,False,False
02,361,595,121,0.006391592789441347,0.9320651076376258,0.0,0.01331861394576159,0.006659306972880795,0,0.006659306972880795,0.5574125973956512,False,False,False
02,362,595,121,0.007405209820717573,0.7772527161840121,0.01295598859374965,0.0,0.006477994296874825,0,0.006477994296874825,0.5574125973956512,False,False,False
02,363,595,121,0.007453319616615772,0.7482935498202662,0.014549019214382432,0.0,0.007274509607191216,0,0.007274509607191216,0.5574125973956512,False,False,False
02,364,595,121,0.007439132314175367,0.9064178682499284,0.014079243635629889,0.010794040854550048,0.012436642245089969,0,0.012436642245089969,0.5574125973956512,False,False,False
02,365,595,121,0.007485737092792988,1.1223797407003504,0.015622439527850675,0.032052138994247845,0.02383728926104926,0,0.02383728926104926,0.5574125973956512,False,False,False
02,366,595,121,0.00669053616002202,1.3706530958439351,0.0,0.05649080165830671,0.028245400829153354,0,0.028245400829153354,0.5574125973956512,False,False,False
02,367,595,121,0.0070098284631967545,1.6512379336806813,0.0,0.0841100288467265,0.04205501442336325,0,0.04205501442336325,0.5574125973956512,False,False,False
02,368,595,121,0.006647985894232988,1.9641342542105904,0.0,0.11490982055950737,0.05745491027975368,0,0.05745491027975368,0.5574125973956512,False,False,False
02,369,595,125,0.006702860817313194,1.6616987762025932,0.0,0.08513973661148844,0.04256986830574422,0,0.04256986830574422,0.5574125973956512,False,False,False
02,370,595,125,0.0067422594875097275,1.3521547720020994,0.0,0.054669928468109995,0.027334964234054997,0,0.027334964234054997,0.5574125973956512,False,False,False
02,371,595,125,0.006620999425649643,1.1072337331879314,0.0,0.0305612493734537,0.01528062468672685,0,0.01528062468672685,0.5574125973956512,False,False,False
02,372,595,125,0.006816703826189041,0.9269356597600863,0.0,0.012813699327519277,0.0064068496637596384,0,0.0064068496637596384,0.5574125973956512,False,False,False
02,373,595,125,0.006466229911893606,0.8214386687669135,0.0,0.002429156155480764,0.001214578077740382,0,0.001214578077740382,0.5574125973956512,False,False,False
02,374,595,125,0.007099594455212355,0.8604951734722726,0.002836331540623036,0.006273663524302056,0.004554997532462546,0,0.004554997532462546,0.5574125973956512,False,False,False
02,375,595,126,0.0073253740556538105,0.84526838725312,0.010312435113761191,0.004774822492196948,0.00754362880297907,0,0.00754362880297907,0.5574125973956512,False,False,False
02,376,595,126,0.006754525005817413,0.8129165152065904,0.0,0.0015902822621803889,0.0007951411310901944,0,0.0007951411310901944,0.5574125973956512,False,False,False
02,377,595,126,0.006488801445811987,0.8774990912395492,0.0,0.007947435605247037,0.003973717802623519,0,0.003973717802623519,0.5574125973956512,False,False,False
02,378,595,126,0.006282167509198189,0.9302071973827695,0.0,0.013135731485610877,0.006567865742805439,0,0.006567865742805439,0.5574125973956512,False,False,False
02,379,595,126,0.006379412487149239,1.0152267862191526,0.0,0.02150459189033579,0.010752295945167896,0,0.010752295945167896,0.5574125973956512,False,False,False
02,380,595,126,0.006331136450171471,1.132557857748697,0.0,0.03305401681942161,0.016527008409710806,0,0.016527008409710806,0.5574125973956512,False,False,False
02,381,595,126,0.006104792933911085,1.2822004119714043,0.0,0.047784006272868516,0.023892003136434258,0,0.023892003136434258,0.5574125973956512,False,False,False
02,382,595,126,0.007471014745533466,1.464154448887273,0.015134947333087805,0.06569456025067635,0.04041475379188208,0,0.04041475379188208,0.5574125973956512,False,False,False
02,383,595,126,0.006615126505494118,1.6784199684963046,0.0,0.08678567875284525,0.043392839376422625,0,0.043392839376422625,0.5574125973956512,False,False,False
02,384,595,127,0.006211117375642061,1.1342542105900888,0.0,0.03322099645695064,0.01661049822847532,0,0.01661049822847532,0.5574125973956512,False,False,False
02,385,595,127,0.007014052476733923,1.302597035421463,3.83166151311277e-06,0.049791737628871416,0.024897784645192263,0,0.024897784645192263,0.5574125973956512,False,False,False
02,386,595,127,0.00630212714895606,1.5355628256391618,0.0,0.0727236078495142,0.0363618039247571,0,0.0363618039247571,0.5574125973956512,False,False,False
02,387,595,127,0.006219462025910616,1.8212771113534476,0.0,0.10084774965617632,0.05042387482808816,0,0.05042387482808816,0.5574125973956512,False,False,False
02,388,595,128,0.010257132351398468,1.2975079768972906,0.10738997722801162,0.04929079871628461,0.07834038797214812,0,0.07834038797214812,0.5574125973956512,False,False,False
02,389,595,129,0.006483697798103094,1.0866351629710427,0.0,0.028533639489173774,0.014266819744586887,0,0.014266819744586887,0.5574125973956512,False,False,False
02,390,595,129,0.006660980172455311,1.0271012561088924,0.0,0.022673449353038718,0.011336724676519359,0,0.011336724676519359,0.5574125973956512,False,False,False
02,391,595,131,0.008887872099876404,1.1649905085019603,0.06205048934272538,0.036246508460749144,0.04914849890173727,0,0.04914849890173727,0.5574125973956512,False,False,False
02,392,595,131,0.007581793237477541,0.9846924350741165,0.01880308864359872,0.018498958414814852,0.018651023529206785,0,0.018651023529206785,0.5574125973956512,False,False,False
02,393,595,131,0.009197280742228031,0.8588392099842489,0.0722957508815092,0.0061106595924286435,0.03920320523696892,0,0.03920320523696892,0.5574125973956512,False,False,False
02,394,595,131,0.006495304871350527,0.7652974675875441,0.0,0.0,0.0,0,0.0,0.5574125973956512,False,False,False
02,395,595,131,0.006571728736162186,0.707459913566783,0.0,0.0,0.0,0,0.0,0.5574125973956512,False,False,False
02,396,595,132,0.007483087480068207,0.7891675754271189,0.015534704501655054,0.0,0.007767352250827527,0,0.007767352250827527,0.5574125973956512,False,False,False
02,397,595,132,0.006714395713061094,0.634395573326872,0.0,0.0,0.0,0,0.0,0.5574125973956512,False,False,False
02,398,595,132,0.0069032092578709126,0.5493355951371222,0.0,0.0,0.0,0,0.0,0.5574125973956512,False,False,False
02,399,595,133,0.006272661965340376,0.7637222828062501,0.0,0.0,0.0,0,0.0,0.5574125973956512,False,False,False
02,400,595,133,0.006067981012165546,0.5970354214629021,0.0,0.0,0.0,0,0.0,0.5574125973956512,False,False,False
02,401,595,133,0.007902802899479866,0.5340684195646015,0.029432487740837992,0.0,0.014716243870418996,0,0.014716243870418996,0.5574125973956512,False,False,False
02,402,595,133,0.006406960543245077,0.6054364069631246,0.0,0.0,0.0,0,0.0,0.5574125973956512,False,False,False
02,403,595,134,0.006719094701111317,0.56298719657498,0.0,0.0,0.0,0,0.0,0.5574125973956512,False,False,False
02,404,595,134,0.006159661337733269,0.4914980411163617,0.0,0.0,0.0,0,0.0,0.5574125973956512,False,False,False
02,405,595,134,0.0061953626573085785,0.620703582535642,0.0,0.0,0.0,0,0.0,0.5574125973956512,False,False,False
02,406,595,134,0.007094917353242636,0.846843572034412,0.002681461487352595,0.004929875012759574,0.0038056682500560842,0,0.0038056682500560842,0.5574125973956512,False,False,False
02,407,595,134,0.006066549103707075,1.1274284098711582,0.0,0.032549102201179375,0.016274551100589688,0,0.016274551100589688,0.5574125973956512,False,False,False
02,408,595,136,0.006747557781636715,0.5986913849509298,0.0,0.0,0.0,0,0.0,0.5574125973956512,False,False,False
02,409,595,136,0.006687023211270571,0.43535683993699437,0.0,0.0,0.0,0,0.0,0.5574125973956512,False,False,False
02,410,595,137,0.006621298845857382,0.7552001292459297,0.0,0.0,0.0,0,0.0,0.5574125973956512,False,False,False
02,411,595,138,0.005651267245411873,1.2739609838846477,0.0,0.04697296231915644,0.02348648115957822,0,0.02348648115957822,0.5574125973956512,False,False,False
02,412,595,138,0.0058655887842178345,0.9729391332444772,0.0,0.017342028069078384,0.008671014034539192,0,0.008671014034539192,0.5574125973956512,False,False,False
02,413,595,138,0.0072067431174218655,0.7059251181388572,0.006384280490994257,0.0,0.0031921402454971287,0,0.0031921402454971287,0.5574125973956512,False,False,False
02,414,595,138,0.005894557572901249,0.5238903025162533,0.0,0.0,0.0,0,0.0,0.5574125973956512,False,False,False
02,415,595,139,0.006426515523344278,0.9287127913082104,0.0,0.012988630376359148,0.006494315188179574,0,0.006494315188179574,0.5574125973956512,False,False,False
02,416,595,139,0.007643383461982012,0.6497839169594892,0.020842488556557865,0.0,0.010421244278278933,0,0.010421244278278933,0.5574125973956512,False,False,False
02,417,595,139,0.006954649928957224,0.527283008199037,0.0,0.0,0.0,0,0.0,0.5574125973956512,False,False,False
02,418,595,139,0.006836507935076952,0.5408134415767977,0.0,0.0,0.0,0,0.0,0.5574125973956512,False,False,False
02,419,595,139,0.006567872129380703,0.6785007472030357,0.0,0.0,0.0,0,0.0,0.5574125973956512,False,False,False
02,420,595,141,0.0068156542256474495,1.1361928995516788,0.0,0.03341183032841233,0.016705915164206164,0,0.016705915164206164,0.5574125973956512,False,False,False
02,421,595,141,0.0065743583254516125,0.8283452481925757,0.0,0.0031090018225628092,0.0015545009112814046,0,0.0015545009112814046,0.5574125973956512,False,False,False
02,422,595,142,0.0071616764180362225,1.3215800315036954,0.004892014087617783,0.05166031928693346,0.02827616668727562,0,0.02827616668727562,0.5574125973956512,False,False,False
02,423,595,142,0.006588282994925976,0.9338018498323845,0.0,0.013489569288946108,0.006744784644473054,0,0.006744784644473054,0.5574125973956512,False,False,False
02,424,595,142,0.008167590945959091,0.6956662223837808,0.03820025443250112,0.0,0.01910012721625056,0,0.01910012721625056,0.5574125973956512,False,False,False
02,425,595,142,0.00671767070889473,0.5935619370733876,0.0,0.0,0.0,0,0.0,0.5574125973956512,False,False,False
02,426,595,142,0.0068547772243618965,0.6223999353770331,0.0,0.0,0.0,0,0.0,0.5574125973956512,False,False,False
02,427,595,142,0.008493426255881786,0.7736984530877654,0.04898944229537576,0.0,0.02449472114768788,0,0.02449472114768788,0.5574125973956512,False,False,False
02,428,595,144,0.009254599921405315,0.8964013086150476,0.0741937262496061,0.009808065851998086,0.042000896050802095,0,0.042000896050802095,0.5574125973956512,False,False,False
02,429,595,145,0.010218600742518902,1.4644371743608382,0.10611410333036965,0.0657223901902645,0.08591824676031708,0,0.08591824676031708,0.5574125973956512,False,False,False
02,430,595,145,0.006859193090349436,1.0681772284825723,0.0,0.026716742004632407,0.013358371002316204,0,0.013358371002316204,0.5574125973956512,False,False,False
02,431,595,145,0.007359479553997517,0.7586332242820788,0.011441749885921724,0.0,0.005720874942960862,0,0.005720874942960862,0.5574125973956512,False,False,False
02,432,595,145,0.00677460664883256,0.5987317743042925,0.0,0.0,0.0,0,0.0,0.5574125973956512,False,False,False
02,433,595,145,0.00590767664834857,0.5459428894543399,0.0,0.0,0.0,0,0.0,0.5574125973956512,False,False,False
02,434,595,145,0.006905998568981886,0.6156145240114687,0.0,0.0,0.0,0,0.0,0.5574125973956512,False,False,False
02,435,595,145,0.00603907648473978,0.7822206066480858,0.0,0.0,0.0,0,0.0,0.5574125973956512,False,False,False
02,436,595,145,0.006138255819678307,0.9862676198554051,0.0,0.01865401093537715,0.009327005467688575,0,0.009327005467688575,0.5574125973956512,False,False,False
02,437,595,145,0.006200393196195364,1.249848539924876,0.0,0.04459946604285209,0.022299733021426044,0,0.022299733021426044,0.5574125973956512,False,False,False
02,438,595,148,0.005938858259469271,1.3266690900278693,0.0,0.0521612581995204,0.0260806290997602,0,0.0260806290997602,0.5574125973956512,False,False,False
02,439,595,148,0.008884821087121964,0.9678096853669377,0.06194946299973176,0.016837113450836067,0.039393288225283915,0,0.039393288225283915,0.5574125973956512,False,False,False
02,440,595,148,0.005972263403236866,0.6905367745062387,0.0,0.0,0.0,0,0.0,0.5574125973956512,False,False,False
02,441,595,148,0.006880632136017084,0.6309624782907216,0.0,0.0,0.0,0,0.0,0.5574125973956512,False,False,False
02,442,595,148,0.009217414073646069,0.6683226301546903,0.07296241372730777,0.0,0.03648120686365389,0,0.03648120686365389,0.5574125973956512,False,False,False
02,443,595,148,0.007990848273038864,0.7431237125893612,0.032347881029583705,0.0,0.016173940514791853,0,0.016173940514791853,0.5574125973956512,False,False,False
02,444,595,148,0.011195126920938492,0.882547760410355,0.1384492250042105,0.008444398812178368,0.07344681190819444,0,0.07344681190819444,0.5574125973956512,False,False,False
02,445,595,148,0.007496282923966646,1.0865947736176744,0.015971637267438058,0.028529663783518143,0.022250650525478102,0,0.022250650525478102,0.5574125973956512,False,False,False
02,446,595,148,0.007866932079195976,1.3450866351629713,0.028244718929256087,0.05397417997840614,0.04110944945383111,0,0.04110944945383111,0.5574125973956512,False,False,False
02,447,595,149,0.008317237719893456,0.8757623490447932,0.04315541769407043,0.007776480262062783,0.025465948978066606,0,0.025465948978066606,0.5574125973956512,False,False,False
02,448,595,149,0.011471697129309177,1.0678945030090088,0.1476071273079653,0.026688912065044406,0.08714801968650485,0,0.08714801968650485,0.5574125973956512,False,False,False
02,449,595,149,0.010514604859054089,1.249848539924876,0.11591550890007314,0.04459946604285209,0.08025748747146261,0,0.08025748747146261,0.5574125973956512,False,False,False
02,450,595,149,0.007238816469907761,1.4403247304010667,0.0074463060444697835,0.06334889391396017,0.03539759997921498,0,0.03539759997921498,0.5574125973956512,False,False,False
02,451,595,149,0.007750191725790501,1.6308009208772571,0.024379166100224517,0.08209832178506825,0.05323874394264638,0,0.05323874394264638,0.5574125973956512,False,False,False
02,452,595,152,0.007876263000071049,1.1531564279655886,0.028553688077746043,0.035081626703701824,0.03181765739072393,0,0.03181765739072393,0.5574125973956512,False,False,False
02,453,595,152,0.008390444330871105,0.9558544367704682,0.045579463997798636,0.01566030457682255,0.030619884287310592,0,0.030619884287310592,0.5574125973956512,False,False,False
02,454,595,152,0.007940219715237617,0.8231754109616707,0.03067144816700152,0.002600111498665139,0.01663577983283333,0,0.01663577983283333,0.5574125973956512,False,False,False
02,455,595,152,0.0063081360422074795,0.7551193505391988,0.0,0.0,0.0,0,0.0,0.5574125973956512,False,False,False
02,456,595,152,0.006288697011768818,0.7567753140272238,0.0,0.0,0.0,0,0.0,0.5574125973956512,False,False,False
02,457,595,152,0.006646984722465277,0.8553657255947344,0.0,0.005768748906059883,0.0028843744530299416,0,0.0028843744530299416,0.5574125973956512,False,False,False
02,458,595,152,0.006749953608959913,1.0508905852417307,0.0,0.025015139984099283,0.012507569992049642,0,0.012507569992049642,0.5574125973956512,False,False,False
02,459,595,152,0.007519714534282684,1.1818328688557695,0.016747514030731103,0.037904377719072166,0.027325945874901635,0,0.027325945874901635,0.5574125973956512,False,False,False
02,460,595,154,0.006839613895863295,0.7942566339512889,0.0,0.0,0.0,0,0.0,0.5574125973956512,False,False,False
02,461,595,154,0.0074239070527255535,0.6411809846924351,0.01357509874696697,0.0,0.006787549373483485,0,0.006787549373483485,0.5574125973956512,False,False,False
02,462,595,155,0.006273714825510979,0.9831172502928225,0.0,0.01834390589425202,0.00917195294712601,0,0.00917195294712601,0.5574125973956512,False,False,False
02,463,595,155,0.006566236261278391,0.7535037764045394,0.0,0.0,0.0,0,0.0,0.5574125973956512,False,False,False
02,464,595,155,0.006474602501839399,0.6208247505957418,0.0,0.0,0.0,0,0.0,0.5574125973956512,False,False,False
02,465,595,155,0.006370232440531254,0.5935619370733876,0.0,0.0,0.0,0,0.0,0.5574125973956512,False,False,False
02,466,595,157,0.007540944032371044,1.5120562219798859,0.017450473581567365,0.07040974715804153,0.043930110369804445,0,0.043930110369804445,0.5574125973956512,False,False,False
02,467,595,157,0.006836405023932457,1.124278040308575,0.0,0.03223899716005419,0.016119498580027095,0,0.016119498580027095,0.5574125973956512,False,False,False
02,468,595,157,0.006901903543621302,0.8521345773254154,0.0,0.005450692453623506,0.002725346226811753,0,0.002725346226811753,0.5574125973956512,False,False,False
02,469,595,157,0.006473097484558821,0.6820146209459184,0.0,0.0,0.0,0,0.0,0.5574125973956512,False,False,False
02,470,595,157,0.0067372689954936504,0.641140595339067,0.0,0.0,0.0,0,0.0,0.5574125973956512,False,False,False
02,471,595,157,0.006422570440918207,0.7244234419806928,0.0,0.0,0.0,0,0.0,0.5574125973956512,False,False,False
02,472,595,158,0.006071299780160189,0.5085019588836376,0.0,0.0,0.0,0,0.0,0.5574125973956512,False,False,False
02,473,595,158,0.006642178166657686,0.49485035744577777,0.0,0.0,0.0,0,0.0,0.5574125973956512,False,False,False
02,474,595,158,0.005895722657442093,0.6036592754149992,0.0,0.0,0.0,0,0.0,0.5574125973956512,False,False,False
02,475,595,160,0.006393102928996086,1.1838119471707265,0.0,0.03809918729618935,0.019049593648094675,0,0.019049593648094675,0.5574125973956512,False,False,False
02,476,595,160,0.006537880282849073,0.8725715901288424,0.0,0.007462399515282034,0.003731199757641017,0,0.003731199757641017,0.5574125973956512,False,False,False
02,477,595,160,0.005802542436867952,0.6344359626802362,0.0,0.0,0.0,0,0.0,0.5574125973956512,False,False,False
02,478,595,160,0.006364176981151104,0.5068056060422444,0.0,0.0,0.0,0,0.0,0.5574125973956512,False,False,False
02,479,595,160,0.0063188872300088406,0.5407326628700668,0.0,0.0,0.0,0,0.0,0.5574125973956512,False,False,False
02,480,595,161,0.006705508101731539,0.45583424209378415,0.0,0.0,0.0,0,0.0,0.5574125973956512,False,False,False
02,481,595,161,0.0067303357645869255,0.40474171008522203,0.0,0.0,0.0,0,0.0,0.5574125973956512,False,False,False
02,482,595,161,0.006880307104438543,0.5152065915424684,0.0,0.0,0.0,0,0.0,0.5574125973956512,False,False,False
02,483,595,161,0.006900216452777386,0.7260390161153523,0.0,0.0,0.0,0,0.0,0.5574125973956512,False,False,False
02,484,595,163,0.006656819023191929,0.9082757785047861,0.0,0.010976923314700893,0.005488461657350447,0,0.005488461657350447,0.5574125973956512,False,False,False
02,485,595,163,0.006045233458280563,0.6395250212044102,0.0,0.0,0.0,0,0.0,0.5574125973956512,False,False,False
02,486,595,163,0.006413543131202459,0.4711014176663008,0.0,0.0,0.0,0,0.0,0.5574125973956512,False,False,False
02,487,595,163,0.00589849054813385,0.428531039218059,0.0,0.0,0.0,0,0.0,0.5574125973956512,False,False,False
02,488,595,164,0.00598188815638423,0.5936427157801212,0.0,0.0,0.0,0,0.0,0.5574125973956512,False,False,False
02,489,595,164,0.006064663175493479,0.43543761864372804,0.0,0.0,0.0,0,0.0,0.5574125973956512,False,False,False
02,490,595,164,0.006204833276569843,0.4166565693283233,0.0,0.0,0.0,0,0.0,0.5574125973956512,False,False,False
02,491,595,164,0.005882618483155966,0.557736580637342,0.0,0.0,0.0,0,0.0,0.5574125973956512,False,False,False
02,492,595,164,0.005712316837161779,0.8212771113534475,0.0,0.002413253332858939,0.0012066266664294695,0,0.0012066266664294695,0.5574125973956512,False,False,False
02,493,595,164,0.006204081233590841,1.1069913970677332,0.0,0.030537395139521042,0.015268697569760521,0,0.015268697569760521,0.5574125973956512,False,False,False
02,494,595,164,0.005835830699652433,1.392705682782019,0.0,0.05866153694618316,0.02933076847309158,0,0.02933076847309158,0.5574125973956512,False,False,False
02,495,595,165,0.006370645482093096,0.8195807585120571,0.0,0.0022462736953300505,0.0011231368476650253,0,0.0011231368476650253,0.5574125973956512,False,False,False
02,496,595,165,0.005933516193181276,0.9947493840623627,0.0,0.01948890912302216,0.00974445456151108,0,0.00974445456151108,0.5574125973956512,False,False,False
02,497,595,167,0.005977332126349211,0.753503776404542,0.0,0.0,0.0,0,0.0,0.5574125973956512,False,False,False
02,498,595,167,0.006360325496643782,0.5714689607819382,0.0,0.0,0.0,0,0.0,0.5574125973956512,False,False,False
02,499,595,167,0.005590545013546944,0.518680075931983,0.0,0.0,0.0,0,0.0,0.5574125973956512,False,False,False
02,500,595,167,0.005963752046227455,0.5883517104891144,0.0,0.0,0.0,0,0.0,0.5574125973956512,False,False,False
02,501,595,167,0.0052437931299209595,0.698856981299729,0.0,0.0,0.0,0,0.0,0.5574125973956512,False,False,False
02,502,595,168,0.005360879935324192,0.5305949351750896,0.0,0.0,0.0,0,0.0,0.5574125973956512,False,False,False
02,503,595,168,0.005830085836350918,0.5611696756734939,0.0,0.0,0.0,0,0.0,0.5574125973956512,False,False,False
02,504,595,168,0.005857898388057947,0.6937679227755577,0.0,0.0,0.0,0,0.0,0.5574125973956512,False,False,False
02,505,595,170,0.00603226013481617,1.0834847934084573,0.0,0.028223534448048367,0.014111767224024184,0,0.014111767224024184,0.5574125973956512,False,False,False
02,506,595,171,0.006833567284047604,1.7025324124560763,0.0,0.0891591750291496,0.0445795875145748,0,0.0445795875145748,0.5574125973956512,False,False,False
02,507,595,171,0.007129752542823553,1.3538915141968582,0.0038349380848292152,0.054840883811294525,0.02933791094806187,0,0.02933791094806187,0.5574125973956512,False,False,False
02,508,595,171,0.005904146004468203,1.0392584514721905,0.0,0.023870136755329143,0.011935068377664572,0,0.011935068377664572,0.5574125973956512,False,False,False
02,509,595,171,0.006403664592653513,0.84195646027707,0.0,0.0044488146284498604,0.0022244073142249302,0,0.0022244073142249302,0.5574125973956512,False,False,False
02,510,595,171,0.010379243642091751,0.7092774344682753,0.11143337466023129,0.0,0.055716687330115644,0,0.055716687330115644,0.5574125973956512,False,False,False
02,511,595,171,0.008775733411312103,0.6463104325699747,0.05833730866287925,0.0,0.029168654331439624,0,0.029168654331439624,0.5574125973956512,False,False,False
02,512,595,171,0.0062192813493311405,0.6802778787511597,0.0,0.0,0.0,0,0.0,0.5574125973956512,False,False,False
02,513,595,172,0.00975453294813633,0.6752292095803538,0.09074770668081271,0.0,0.045373853340406355,0,0.045373853340406355,0.5574125973956512,False,False,False
02,514,595,173,0.01010872982442379,0.9099721313461766,0.10247601396468392,0.011143902952229792,0.056809958458456856,0,0.056809958458456856,0.5574125973956512,False,False,False
02,515,595,173,0.010583930648863316,0.6565289389716854,0.11821105191587264,0.0,0.05910552595793632,0,0.05910552595793632,0.5574125973956512,False,False,False
02,516,595,173,0.007029982283711433,0.549335595137118,0.0005313057407971159,0.0,0.0002656528703985579,0,0.0002656528703985579,0.5574125973956512,False,False,False
02,517,595,173,0.00703044980764389,0.5781735934407664,0.0005467865784597526,0.0,0.0002733932892298763,0,0.0002733932892298763,0.5574125973956512,False,False,False
02,518,595,173,0.007075658068060875,0.7243830526273273,0.0020437404067858702,0.0,0.0010218702033929351,0,0.0010218702033929351,0.5574125973956512,False,False,False
02,519,595,173,0.008475971408188343,0.9641342542105904,0.04841147046375596,0.016475324236189998,0.03244339734997298,0,0.03244339734997298,0.5574125973956512,False,False,False
02,520,595,175,0.006962555460631847,0.7840785169029435,0.0,0.0,0.0,0,0.0,0.5574125973956512,False,False,False
02,521,595,175,0.0064077479764819145,0.6071731491578819,0.0,0.0,0.0,0,0.0,0.5574125973956512,False,False,False
02,522,595,175,0.00596848176792264,0.5322912880164801,0.0,0.0,0.0,0,0.0,0.5574125973956512,False,False,False
02,523,595,175,0.006760572083294392,0.6291853467425975,0.0,0.0,0.0,0,0.0,0.5574125973956512,False,False,False
02,524,595,175,0.006421614438295364,0.8230138535482034,0.0,0.0025842086760431934,0.0012921043380215967,0,0.0012921043380215967,0.5574125973956512,False,False,False
02,525,595,175,0.006362568587064743,1.1069913970677332,0.0,0.030537395139521042,0.015268697569760521,0,0.015268697569760521,0.5574125973956512,False,False,False
02,526,595,175,0.007495534140616655,1.3450866351629713,0.01594684325652021,0.05397417997840614,0.03496051161746318,0,0.03496051161746318,0.5574125973956512,False,False,False
02,527,595,177,0.0063816942274570465,0.5816470778302836,0.0,0.0,0.0,0,0.0,0.5574125973956512,False,False,False
02,528,595,178,0.008303523063659668,1.0358657457894096,0.04270129256375173,0.023536177480271345,0.033118735022011535,0,0.033118735022011535,0.5574125973956512,False,False,False
02,529,595,179,0.00783400610089302,1.6549133648370287,0.027154460891955574,0.08447181806137258,0.055813139476664074,0,0.055813139476664074,0.5574125973956512,False,False,False
02,530,595,179,0.010187607258558273,1.3062724665778105,0.10508783481129617,0.0501535268435175,0.07762068082740683,0,0.07762068082740683,0.5574125973956512,False,False,False
02,531,595,179,0.009007466025650501,0.9916394038531429,0.06601053079047871,0.01918277978755212,0.04259665528901541,0,0.04259665528901541,0.5574125973956512,False,False,False
02,532,595,179,0.006788269151002169,0.7568964820873202,0.0,0.0,0.0,0,0.0,0.5574125973956512,False,False,False
02,533,595,179,0.009771822020411491,0.6224807140837667,0.0913201892911099,0.0,0.04566009464555495,0,0.04566009464555495,0.5574125973956512,False,False,False
02,534,595,180,0.008973009884357452,0.8555676723615645,0.0648696053900712,0.0057886274343369225,0.035329116412204056,0,0.035329116412204056,0.5574125973956512,False,False,False
02,535,595,180,0.007118701934814453,0.6939698695423877,0.0034690259746977094,0.0,0.0017345129873488547,0,0.0017345129873488547,0.5574125973956512,False,False,False
02,536,595,181,0.00698761735111475,1.0749626398481342,0.0,0.027384660554748003,0.013692330277374001,0,0.013692330277374001,0.5574125973956512,False,False,False
02,537,595,181,0.009532276540994644,0.8011228240235869,0.08338826447994101,0.00042937621078869615,0.041908820345364854,0,0.041908820345364854,0.5574125973956512,False,False,False
02,538,595,181,0.00826591532677412,0.6616179974958568,0.04145601028157059,0.0,0.020728005140785294,0,0.020728005140785294,0.5574125973956512,False,False,False
02,539,595,181,0.008316467516124249,0.6564481602649518,0.043129914401745725,0.0,0.021564957200872863,0,0.021564957200872863,0.5574125973956512,False,False,False
02,540,595,181,0.007659326307475567,0.77034613675835,0.021370394372350388,0.0,0.010685197186175194,0,0.010685197186175194,0.5574125973956512,False,False,False
02,541,595,181,0.010029969736933708,0.9369926087483326,0.09986807874664834,0.013803650035726594,0.056835864391187464,0,0.056835864391187464,0.5574125973956512,False,False,False
02,542,595,181,0.008579992689192295,1.135950563431478,0.05185586432872652,0.03338797609447941,0.042621920211602965,0,0.042621920211602965,0.5574125973956512,False,False,False
02,543,595,183,0.00742731150239706,0.7296336685649659,0.01368782823317368,0.0,0.00684391411658684,0,0.00684391411658684,0.5574125973956512,False,False,False
02,544,595,183,0.009600507095456123,0.6224403247304012,0.08564754162902485,0.0,0.04282377081451243,0,0.04282377081451243,0.5574125973956512,False,False,False
02,545,595,184,0.00850237812846899,0.8045155297063705,0.049285860246796605,0.0007633354858467567,0.02502459786632168,0,0.02502459786632168,0.5574125973956512,False,False,False
02,546,595,184,0.007155237253755331,0.5374207358940195,0.004678797929053101,0.0,0.0023393989645265506,0,0.0023393989645265506,0.5574125973956512,False,False,False
02,547,595,184,0.007142255548387766,0.45401672119229464,0.004248942558177617,0.0,0.0021244712790888087,0,0.0021244712790888087,0.5574125973956512,False,False,False
02,548,595,184,0.006492151413112879,0.6189264509875213,0.0,0.0,0.0,0,0.0,0.5574125973956512,False,False,False
02,549,595,184,0.006583896931260824,0.8127953471464926,0.0,0.0015783551452141918,0.0007891775726070959,0,0.0007891775726070959,0.5574125973956512,False,False,False
02,550,595,185,0.006257566623389721,0.42340159134052224,0.0,0.0,0.0,0,0.0,0.5574125973956512,False,False,False
02,551,595,185,0.006798170506954193,0.5015953794579767,0.0,0.0,0.0,0,0.0,0.5574125973956512,False,False,False
02,552,595,185,0.0061164735816419125,0.6665454986065689,0.0,0.0,0.0,0,0.0,0.5574125973956512,False,False,False
02,553,595,185,0.006296364590525627,0.8944222303000935,0.0,0.009613256274881176,0.004806628137440588,0,0.004806628137440588,0.5574125973956512,False,False,False
02,554,595,186,0.005464584566652775,0.49311361525101916,0.0,0.0,0.0,0,0.0,0.5574125973956512,False,False,False
02,555,595,186,0.005609618965536356,0.5985298275374624,0.0,0.0,0.0,0,0.0,0.5574125973956512,False,False,False
02,556,595,186,0.006375671364367008,0.7974877822206078,0.0,7.15627017982417e-05,3.578135089912085e-05,0,3.578135089912085e-05,0.5574125973956512,False,False,False
02,557,595,186,0.005888321436941624,1.011753301829638,0.0,0.02116268120396702,0.01058134060198351,0,0.01058134060198351,0.5574125973956512,False,False,False
02,558,595,186,0.006177209783345461,1.249848539924876,0.0,0.04459946604285209,0.022299733021426044,0,0.022299733021426044,0.5574125973956512,False,False,False
02,559,595,187,0.006623501423746347,0.6512379336806814,0.0,0.0,0.0,0,0.0,0.5574125973956512,False,False,False
02,560,595,187,0.006561134941875935,0.8518922412052199,0.0,0.005426838219691112,0.002713419109845556,0,0.002713419109845556,0.5574125973956512,False,False,False
02,561,595,187,0.009562068618834019,1.1069913970677332,0.08437475156358659,0.030537395139521042,0.05745607335155382,0,0.05745607335155382,0.5574125973956512,False,False,False
02,562,595,187,0.006623435765504837,1.392705682782019,0.0,0.05866153694618316,0.02933076847309158,0,0.02933076847309158,0.5574125973956512,False,False,False
02,563,595,187,0.006918563507497311,1.6784199684963046,0.0,0.08678567875284525,0.043392839376422625,0,0.043392839376422625,0.5574125973956512,False,False,False
02,564,595,189,0.007167459931224585,0.6359707581081647,0.005083520067468329,0.0,0.0025417600337341644,0,0.0025417600337341644,0.5574125973956512,False,False,False
02,565,595,189,0.007237931247800589,0.6461488751565101,0.0074169942193734965,0.0,0.0037084971096867482,0,0.0037084971096867482,0.5574125973956512,False,False,False
02,566,595,190,0.006985505577176809,0.6479663960579997,0.0,0.0,0.0,0,0.0,0.5574125973956512,False,False,False
02,567,595,190,0.006050489842891693,0.5084615695302749,0.0,0.0,0.0,0,0.0,0.5574125973956512,False,False,False
02,568,595,190,0.008017117157578468,0.4931136152510219,0.03321770674096285,0.0,0.016608853370481427,0,0.016608853370481427,0.5574125973956512,False,False,False
02,569,595,190,0.010326988063752651,0.596833474696072,0.10970306724905025,0.0,0.05485153362452513,0,0.05485153362452513,0.5574125973956512,False,False,False
02,570,595,191,0.006692684721201658,0.4898016882749692,0.0,0.0,0.0,0,0.0,0.5574125973956512,False,False,False
02,571,595,191,0.007302216719835997,0.41831253281635095,0.00954564023630808,0.0,0.00477282011815404,0,0.00477282011815404,0.5574125973956512,False,False,False
02,572,595,191,0.010702265426516533,0.4948099680924123,0.12212939995223177,0.0,0.06106469997611588,0,0.06106469997611588,0.5574125973956512,False,False,False
02,573,595,193,0.007443652488291264,1.3215800315036954,0.014228917431637074,0.05166031928693346,0.03294461835928526,0,0.03294461835928526,0.5574125973956512,False,False,False
02,574,595,193,0.008395270444452763,0.9729391332444772,0.045739268182595015,0.017342028069078384,0.0315406481258367,0,0.0315406481258367,0.5574125973956512,False,False,False
02,575,595,193,0.008516390807926655,0.7093178238216408,0.04974985364016719,0.0,0.024874926820083593,0,0.024874926820083593,0.5574125973956512,False,False,False
02,576,595,193,0.005906226579099894,0.5204975968334725,0.0,0.0,0.0,0,0.0,0.5574125973956512,False,False,False
02,577,595,194,0.007090466096997261,0.9287127913082104,0.0025340697271761564,0.012988630376359148,0.007761350051767652,0,0.007761350051767652,0.5574125973956512,False,False,False
02,578,595,195,0.006858434062451124,1.4644371743608382,0.0,0.0657223901902645,0.03286119509513225,0,0.03286119509513225,0.5574125973956512,False,False,False
02,579,595,195,0.006169694475829601,1.0715699341653533,0.0,0.027050701279690205,0.013525350639845102,0,0.013525350639845102,0.5574125973956512,False,False,False
02,580,595,195,0.0058783600106835365,0.7926410598166294,0.0,0.0,0.0,0,0.0,0.5574125973956512,False,False,False
02,581,595,195,0.005833371542394161,0.6174320449129582,0.0,0.0,0.0,0,0.0,0.5574125973956512,False,False,False
02,582,595,196,0.005991482641547918,0.8861828022133368,0.0,0.008802212321169085,0.004401106160584542,0,0.004401106160584542,0.5574125973956512,False,False,False
02,583,595,196,0.0062584346160292625,0.5970354214629021,0.0,0.0,0.0,0,0.0,0.5574125973956512,False,False,False
02,584,595,196,0.0060169873759150505,0.4439193828506775,0.0,0.0,0.0,0,0.0,0.5574125973956512,False,False,False
02,585,595,196,0.006379640661180019,0.5220727816147639,0.0,0.0,0.0,0,0.0,0.5574125973956512,False,False,False
02,586,595,196,0.006131747271865606,0.7243830526273273,0.0,0.0,0.0,0,0.0,0.5574125973956512,False,False,False
02,587,595,196,0.006989405490458012,0.9641342542105904,0.0,0.016475324236189998,0.008237662118094999,0,0.008237662118094999,0.5574125973956512,False,False,False
02,588,595,196,0.005492017604410648,1.249848539924876,0.0,0.04459946604285209,0.022299733021426044,0,0.022299733021426044,0.5574125973956512,False,False,False
02,589,595,196,0.006045224145054817,1.5355628256391618,0.0,0.0727236078495142,0.0363618039247571,0,0.0363618039247571,0.5574125973956512,False,False,False
02,590,595,196,0.0054687377996742725,1.8212771113534476,0.0,0.10084774965617632,0.05042387482808816,0,0.05042387482808816,0.5574125973956512,False,False,False
02,591,595,196,0.005820981226861477,2.0593723494486857,0.0,0.12428453449506141,0.062142267247530705,0,0.062142267247530705,0.5574125973956512,False,False,False
02,592,595,196,0.005350650288164616,2.297467587543924,0.0,0.1477213193339465,0.07386065966697325,0,0.07386065966697325,0.5574125973956512,False,False,False
02,593,595,196,0.005070905201137066,2.535562825639162,0.0,0.1711581041728316,0.0855790520864158,0,0.0855790520864158,0.5574125973956512,False,False,False
02,594,595,196,0.00643626693636179,2.678419968496305,0.0,0.18522017507616265,0.09261008753808132,0,0.09261008753808132,0.5574125973956512,False,False,False
03,35,573,197,0.031963735818862915,12.440324730401068,0.8261476303840287,1.1461283534704514,0.98613799192724,1,0.98613799192724,0.5574125973956512,True,False,False
03,36,573,197,0.031397100538015366,12.059372349448685,0.8073849784902012,1.1086294977282352,0.9580072381092182,1,0.9580072381092182,0.5574125973956512,True,False,False
03,37,573,197,0.03193989396095276,11.678419968496305,0.8253581693398783,1.0711306419860191,0.9482444056629487,1,0.9482444056629487,0.5574125973956512,True,True,True
03,38,573,197,0.031240882351994514,11.297467587543924,0.8022122200283379,1.033631786243803,0.9179220031360704,1,0.9179220031360704,0.5574125973956512,True,True,False
03,39,573,197,0.031411509960889816,10.868896158972495,0.8078621090087595,0.9914455735338097,0.8996538412712847,1,0.8996538412712847,0.5574125973956512,True,True,False
03,40,573,197,0.0327194482088089,10.392705682782019,0.8511710784178333,0.9445720038560396,0.8978715411369365,1,0.8978715411369365,0.5574125973956512,True,True,False
03,41,573,197,0.03175043314695358,9.916515206591543,0.8190846678112219,0.8976984341782693,0.8583915509947456,1,0.8583915509947456,0.5574125973956512,True,True,False
03,42,573,197,0.03215079754590988,9.440324730401066,0.8323416923951175,0.8508248645004992,0.8415832784478083,1,0.8415832784478083,0.5574125973956512,True,True,False
03,43,573,197,0.03209148347377777,8.916515206591543,0.830377661341217,0.799263937854952,0.8148207995980845,1,0.8148207995980845,0.5574125973956512,True,True,False
03,44,573,197,0.03102954849600792,8.392705682782019,0.7952144496683176,0.7477030112094047,0.7714587304388612,1,0.7714587304388612,0.5574125973956512,True,True,False
03,45,573,197,0.03254958614706993,7.868896158972495,0.8455465385381262,0.6961420845638575,0.7708443115509919,1,0.7708443115509919,0.5574125973956512,True,True,False
03,46,573,197,0.032729946076869965,7.297467587543924,0.8515186879838358,0.6398938009505334,0.7457062444671846,1,0.7457062444671846,0.5574125973956512,True,True,False
03,47,573,197,0.033790115267038345,6.678419968496304,0.8866234301981528,0.578958160369432,0.7327907952837924,1,0.7327907952837924,0.5574125973956512,True,True,False
03,48,573,197,0.033720094710588455,6.059372349448686,0.8843048817941137,0.5180225197883309,0.7011637007912224,1,0.7011637007912224,0.5574125973956512,True,True,False
03,49,573,197,0.03400762751698494,5.440324730401066,0.8938257819865675,0.4570868792072296,0.6754563305968986,1,0.6754563305968986,0.5574125973956512,True,True,False
03,50,573,197,0.0354740284383297,4.7736580637344,0.942381830213614,0.3914638816583514,0.6669228559359827,1,0.6669228559359827,0.5574125973956512,True,True,False
03,51,573,197,0.034157026559114456,4.106991397067733,0.8987727422544749,0.32584088410947315,0.612306813181974,1,0.612306813181974,0.5574125973956512,True,True,False
03,52,573,197,0.031385280191898346,3.392705682782019,0.806993578506906,0.25553052959281786,0.5312620540498619,1,0.5312620540498619,0.5574125973956512,False,False,False
03,53,573,197,0.03144284710288048,3.392705682782019,0.8088997568686647,0.25553052959281786,0.5322151432307413,1,0.5322151432307413,0.5574125973956512,False,False,False
03,54,573,197,0.030940350145101547,3.392705682782019,0.7922608785368899,0.25553052959281786,0.5238957040648539,1,0.5238957040648539,0.5574125973956512,False,False,False
03,55,573,197,0.03028237447142601,3.392705682782019,0.7704737273709493,0.25553052959281786,0.5130021284818835,1,0.5130021284818835,0.5574125973956512,False,False,False
03,56,573,197,0.02979353442788124,3.392705682782019,0.7542870621935269,0.25553052959281786,0.5049087958931724,1,0.5049087958931724,0.5574125973956512,False,False,False
03,57,573,197,0.0293831005692482,3.392705682782019,0.7406966136717659,0.25553052959281786,0.49811357163229186,1,0.49811357163229186,0.5574125973956512,False,False,False
03,58,573,197,0.02919115498661995,3.392705682782019,0.7343408354999145,0.25553052959281786,0.49493568254636616,1,0.49493568254636616,0.5574125973956512,False,False,False
03,59,573,197,0.027679570019245148,3.392705682782019,0.6842886352409148,0.25553052959281786,0.4699095824168663,1,0.4699095824168663,0.5574125973956512,False,False,False
03,60,573,197,0.029533952474594116,3.392705682782019,0.7456916817220512,0.25553052959281786,0.5006111056574345,1,0.5006111056574345,0.5574125973956512,False,False,False
03,61,573,197,0.030338019132614136,3.392705682782019,0.7723162554360234,0.25553052959281786,0.5139233925144207,1,0.5139233925144207,0.5574125973956512,False,False,False
03,62,573,197,0.02954685501754284,3.392705682782019,0.7461189158355536,0.25553052959281786,0.5008247227141858,1,0.5008247227141858,0.5574125973956512,False,False,False
03,63,573,5,0.03089979663491249,4.226341936265599,0.7909180546421053,0.3375890943213314,0.5642535744817183,1,0.5642535744817183,0.5574125973956512,True,False,False
03,64,573,5,0.028248080983757973,3.8777010380063808,0.7031133955153251,0.30327080310347637,0.5031920993094008,1,0.5031920993094008,0.5574125973956512,False,False,False
03,65,573,24,0.02962041273713112,21.559675269598934,0.7485545881866897,2.0437870305921657,1.3961708093894276,1,1.3961708093894276,0.5574125973956512,True,False,False
03,66,573,24,0.03284170478582382,20.30627246657781,0.8552192866282908,1.9204089569865472,1.387814121807419,1,1.387814121807419,0.5574125973956512,True,False,False
03,67,573,25,0.034003935754299164,19.940627650551313,0.8937035388780123,1.8844168936877472,1.3890602162828798,1,1.3890602162828798,0.5574125973956512,True,True,True
03,68,573,25,0.03468048945069313,18.64130215275253,0.9161058528919495,1.7565184427518803,1.3363121478219149,1,1.3363121478219149,0.5574125973956512,True,True,False
03,69,573,25,0.03294112905859947,17.406599620340074,0.8585114625356861,1.6349811208647358,1.246746291700211,1,1.246746291700211,0.5574125973956512,True,True,False
03,70,573,25,0.032897692173719406,16.234823700472553,0.8570731631958746,1.5196379483887845,1.1883555557923295,1,1.1883555557923295,0.5574125973956512,True,True,False
03,71,573,25,0.032336510717868805,15.095359263298192,0.8384911005158965,1.407475340437194,1.1229832204765453,1,1.1229832204765453,0.5574125973956512,True,True,False
03,72,573,25,0.03164293244481087,13.988206308816993,0.8155250619751206,1.2984932970099645,1.0570091794925425,1,1.0570091794925425,0.5574125973956512,True,True,False
03,73,573,25,0.031460415571928024,12.913364837028956,0.8094814909755731,1.192691818107096,1.0010866545413346,1,1.0010866545413346,0.5574125973956512,True,True,False
03,74,573,25,0.030479926615953445,11.870834847934082,0.7770151522414642,1.0900709037285885,0.9335430279850263,1,0.9335430279850263,0.5574125973956512,True,True,False
03,75,573,25,0.0280049666762352,10.860616341532369,0.69506329825411,0.9906305538744419,0.8428469260642759,1,0.8428469260642759,0.5574125973956512,True,True,False
03,76,573,186,0.02887824736535549,29.202229492305833,0.7239797143852372,2.7960780061279618,1.7600288602565994,1,1.7600288602565994,0.5574125973956512,True,True,False
03,77,573,186,0.029987653717398643,28.678419968496307,0.760714817009013,2.7445170794824145,1.7526159482457138,1,1.7526159482457138,0.5574125973956512,True,True,False
03,78,573,186,0.028056945651769638,28.154610444686785,0.6967844466836459,2.6929561528368673,1.6948702997602565,1,1.6948702997602565,0.5574125973956512,True,True,False
03,79,573,186,0.027217788621783257,27.63080092087726,0.668997946671959,2.64139522619132,1.6551965864316396,1,1.6551965864316396,0.5574125973956512,True,True,False
03,80,573,186,0.028860004618763924,27.106991397067738,0.723375653333174,2.589834299545773,1.6566049764394735,1,1.6566049764394735,0.5574125973956512,True,True,False
03,81,573,186,0.029494136571884155,26.583181873258212,0.7443732817783201,2.5382733729002256,1.6413233273392729,1,1.6413233273392729,0.5574125973956512,True,True,False
03,82,573,186,0.03017899952828884,26.05937234944869,0.7670507353014725,2.486712446254679,1.6268815907780756,1,1.6268815907780756,0.5574125973956512,True,True,False
03,83,573,186,0.029463736340403557,25.535562825639165,0.7433666572703843,2.435151519609131,1.5892590884397577,1,1.5892590884397577,0.5574125973956512,True,True,False
03,84,573,186,0.030746912583708763,24.63080092087726,0.785855697373135,2.346091737221368,1.5659737172972514,1,1.5659737172972514,0.5574125973956512,True,True,False
03,85,573,186,0.03281956538558006,23.726039016115354,0.8544861980368242,2.2570319548336046,1.5557590764352145,1,1.5557590764352145,0.5574125973956512,True,True,False
03,86,573,186,0.033035535365343094,21.916515206591544,0.8616374815639454,2.0789123900580777,1.4702749358110117,1,1.4702749358110117,0.5574125973956512,True,True,False
03,87,573,186,0.03333277255296707,20.106991397067734,0.871479717072026,1.900792825282551,1.3861362711772884,1,1.3861362711772884,0.5574125973956512,True,True,False
03,88,573,29,0.03186307102441788,23.920029080334423,0.8228143778316799,2.2761272690967367,1.5494708234642083,1,1.5494708234642083,0.5574125973956512,True,True,False
03,89,573,29,0.031439509242773056,23.72276747849267,0.8087892323224837,2.2567099226755127,1.5327495774989983,1,1.5327495774989983,0.5574125973956512,True,True,False
03,90,573,29,0.032193638384342194,23.525505876650918,0.8337602552088252,2.2372925762542892,1.5355264157315571,1,1.5355264157315571,0.5574125973956512,True,True,False
03,91,573,184,0.028946461156010628,20.726039016115354,0.7262384364445243,1.9617284658636525,1.3439834511540885,1,1.3439834511540885,0.5574125973956512,True,True,False
03,92,573,184,0.03034234419465065,18.773658063734402,0.7724594686035638,1.7695468301847948,1.2710031493941794,1,1.2710031493941794,0.5574125973956512,True,True,False
03,93,573,184,0.031069455668330193,16.82127711135345,0.7965358717676084,1.577365194505937,1.1869505331367727,1,1.1869505331367727,0.5574125973956512,True,True,False
03,94,573,27,0.029896512627601624,28.0187810493154,0.7576969171378158,2.6795858547175846,1.7186413859277003,1,1.7186413859277003,0.5574125973956512,True,True,False
03,95,573,184,0.03032412938773632,14.964134254210592,0.7718563327011617,1.3945582727626333,1.0832073027318976,1,1.0832073027318976,0.5574125973956512,True,True,False
03,96,573,184,0.029543541371822357,13.01175330182964,0.7460091930857455,1.2023766370837756,0.9741929150847606,1,0.9741929150847606,0.5574125973956512,True,True,False
03,97,573,184,0.028894398361444473,12.916515206591544,0.724514512566005,1.1930019231482216,0.9587582178571132,1,0.9587582178571132,0.5574125973956512,True,True,False
03,98,573,184,0.0311414934694767,12.82127711135345,0.79892121597718,1.1836272092126676,0.9912742125949239,1,0.9912742125949239,0.5574125973956512,True,True,False
03,99,573,184,0.03281204402446747,12.726039016115354,0.8542371477480525,1.1742524952771136,1.014244821512583,1,1.014244821512583,0.5574125973956512,True,True,False
03,100,573,184,0.03553461655974388,12.630800920877258,0.9443880480920612,1.1648777813415594,1.0546329147168103,1,1.0546329147168103,0.5574125973956512,True,True,False
03,101,573,8,0.0346774086356163,19.520497596833472,0.9160038397226506,1.8430616034597431,1.3795327215911968,1,1.3795327215911968,0.5574125973956512,True,True,False
03,102,573,8,0.03394026681780815,18.634435962680236,0.8915953078302663,1.7558425727904539,1.3237189403103602,1,1.3237189403103602,0.5574125973956512,True,True,False
03,103,573,8,0.034137267619371414,17.780685811220163,0.8981184764141352,1.6718041066455256,1.2849612915298305,1,1.2849612915298305,0.5574125973956512,True,True,False
03,104,573,8,0.036216262727975845,16.959247142453247,0.9669589860508974,1.5909462050249579,1.2789525955379277,1,1.2789525955379277,0.5574125973956512,True,True,False
03,105,573,8,0.036544639617204666,16.170119956379498,0.9778323316946113,1.5132688679287518,1.2455505998116816,1,1.2455505998116816,0.5574125973956512,True,True,False
03,106,573,8,0.035400666296482086,15.413304252998909,0.9399526339101055,1.4387720953569065,1.189362364633506,1,1.189362364633506,0.5574125973956512,True,True,False
03,107,573,8,0.03255530819296837,14.688800032311484,0.8457360091887223,1.3674558873094222,1.1065959482490721,1,1.1065959482490721,0.5574125973956512,True,True,False
03,108,573,8,0.03184562921524048,13.996607294317217,0.8222368377365686,1.2993202437862985,1.0607785407614336,1,1.0607785407614336,0.5574125973956512,True,True,False
03,109,573,8,0.03421440348029137,12.705803950078757,0.9006726295985381,1.172260666743732,1.036466648171135,1,1.036466648171135,0.5574125973956512,True,True,False
03,110,573,8,0.03383024409413338,11.4150006058403,0.8879521918180885,1.0452010897011659,0.9665766407596272,1,0.9665766407596272,0.5574125973956512,True,True,False
03,111,573,8,0.03296957537531853,10.12419726160184,0.859453388243988,0.9181415126585994,0.8887974504512937,1,0.8887974504512937,0.5574125973956512,True,True,False
03,112,573,8,0.03318950906395912,9.369077911062643,0.8667359196696992,0.843811719724283,0.8552738196969911,1,0.8552738196969911,0.5574125973956512,True,True,False
03,113,573,8,0.0317918099462986,8.646270043216603,0.8204547527826873,0.7726624913143271,0.7965586220485072,1,0.7965586220485072,0.5574125973956512,True,True,False
03,114,573,8,0.030132202431559563,7.955773658063736,0.765501171295751,0.7046938274287332,0.7350974993622421,1,0.7350974993622421,0.5574125973956512,True,True,False
03,115,573,8,0.030128955841064453,6.857142857142854,0.7653936689051296,0.5965506578948035,0.6809721633999666,1,0.6809721633999666,0.5574125973956512,True,True,False
03,116,573,173,0.032187603414058685,31.011753301829643,0.8335604228820246,2.9741975709034887,1.9038789968927565,1,1.9038789968927565,0.5574125973956512,True,True,False
03,117,573,173,0.02964063361287117,30.487943778020117,0.7492241498347598,2.922636644257941,1.8359303970463503,1,1.8359303970463503,0.5574125973956512,True,True,False
03,118,573,173,0.03001292608678341,29.964134254210595,0.7615516457158124,2.871075717612394,1.8163136816641032,1,1.8163136816641032,0.5574125973956512,True,True,False
03,119,573,173,0.029380692169070244,29.44032473040107,0.740616865770978,2.819514790966847,1.7800658283689126,1,1.7800658283689126,0.5574125973956512,True,True,False
03,120,573,171,0.0299893319606781,30.821277111353453,0.7607703876653239,2.9554481430323807,1.8581092653488522,1,1.8581092653488522,0.5574125973956512,True,True,False
03,121,573,61,0.031355470418930054,55.51205622197988,0.8060065054951416,5.385872548617179,3.0959395270561605,1,3.0959395270561605,0.5574125973956512,True,True,False
03,122,573,61,0.030570654198527336,53.02055818086352,0.7800193598976769,5.1406231938493585,2.960321276873518,1,2.960321276873518,0.5574125973956512,True,True,False
03,123,573,61,0.031899504363536835,50.56137162244032,0.8240207729897723,4.898554403605899,2.8612875882978357,1,2.8612875882978357,0.5574125973956512,True,True,False
03,124,573,61,0.031196612864732742,48.13449654671029,0.8007463512286251,4.6596661778868,2.7302062645577125,1,2.7302062645577125,0.5574125973956512,True,True,False
03,125,573,61,0.03150792792439461,45.73993295367342,0.811054738812619,4.423958516692062,2.6175066277523404,1,2.6175066277523404,0.5574125973956512,True,True,False
03,126,573,61,0.03246966749429703,43.3776808433297,0.8429002404474765,4.191431420021686,2.517165830234581,1,2.517165830234581,0.5574125973956512,True,True,False
03,127,573,61,0.033879414200782776,41.04774021567914,0.8895803318683605,3.9620848878756685,2.4258326098720144,1,2.4258326098720144,0.5574125973956512,True,True,False
03,128,573,61,0.03250669687986374,38.75011107072175,0.8441263721316725,3.7359189202540133,2.290022646192843,1,2.290022646192843,0.5574125973956512,True,True,False
03,129,573,61,0.030381908640265465,36.48479340845753,0.773769542200345,3.51293351715672,2.1433515296785326,1,2.1433515296785326,0.5574125973956512,True,True,False
03,130,573,61,0.03145064413547516,34.251787228886464,0.8091579353007595,3.293128678583787,2.0511433069422735,1,2.0511433069422735,0.5574125973956512,True,True,False
03,131,573,61,0.02990516647696495,32.05109253200856,0.7579834668261848,3.0765044045352146,1.9172439356806996,1,1.9172439356806996,0.5574125973956512,True,True,False
03,132,573,61,0.028141431510448456,29.88270931782382,0.6995819759055658,2.863060695011004,1.7813213354582849,1,1.7813213354582849,0.5574125973956512,True,True,False
03,133,573,61,0.027161307632923126,27.74663758633224,0.6671277257936955,2.6527975500111536,1.6599626379024246,1,1.6599626379024246,0.5574125973956512,True,True,False
03,134,573,61,0.02794548310339451,25.642877337533825,0.6930936546255988,2.445714969535665,1.5694043120806318,1,1.5694043120806318,0.5574125973956512,True,True,False
03,135,573,61,0.02842056378722191,23.57142857142857,0.7088247144332447,2.2418129535845366,1.4753188340088905,1,1.4753188340088905,0.5574125973956512,True,True,False
03,136,573,61,0.03016038052737713,21.532291288016477,0.7664342155673063,2.04109150215777,1.403762858862538,1,1.403762858862538,0.5574125973956512,True,True,False
03,137,573,61,0.03002992458641529,17.85879882063088,0.762114506769634,1.6794931213831683,1.220803814076401,1,1.220803814076401,0.5574125973956512,True,True,False
03,138,573,61,0.031194239854812622,14.217617835938446,0.8006677751840746,1.3210753051329278,1.0608715401585012,1,1.0608715401585012,0.5574125973956512,True,True,False
03,139,573,61,0.03126762434840202,10.608748333939175,0.8030977116073119,0.9658380534070484,0.8844678825071801,1,0.8844678825071801,0.5574125973956512,True,True,False
03,140,573,61,0.029997754842042923,7.0321903146330635,0.7610492894498276,0.6137813662055296,0.6874153278276787,1,0.6874153278276787,0.5574125973956512,True,True,False
03,141,573,61,0.03307955339550972,3.3927056827820197,0.863095024016708,0.25553052959281797,0.559312776804763,1,0.559312776804763,0.5574125973956512,True,True,False
03,142,573,61,0.031099814921617508,3.3927056827820197,0.7975411393893745,0.25553052959281797,0.5265358344910962,1,0.5265358344910962,0.5574125973956512,False,False,False
03,143,573,61,0.030198803171515465,3.3927056827820197,0.76770648138127,0.25553052959281797,0.5116185054870439,1,0.5116185054870439,0.5574125973956512,False,False,False
03,144,573,61,0.029840614646673203,3.3927056827820197,0.7558460010491476,0.25553052959281797,0.5056882653209828,1,0.5056882653209828,0.5574125973956512,False,False,False
03,145,573,61,0.030307993292808533,3.3927056827820197,0.7713220279335465,0.25553052959281797,0.5134262787631823,1,0.5134262787631823,0.5574125973956512,False,False,False
03,146,573,61,0.02948307804763317,3.3927056827820197,0.7440071075424513,0.25553052959281797,0.4997688185676346,1,0.4997688185676346,0.5574125973956512,False,False,False
03,147,573,61,0.0319681316614151,3.3927056827820197,0.8262931872640439,0.25553052959281797,0.5409118584284309,1,0.5409118584284309,0.5574125973956512,False,False,False
03,148,573,61,0.03098710998892784,3.3927056827820197,0.7938092090097298,0.25553052959281797,0.5246698693012739,1,0.5246698693012739,0.5574125973956512,False,False,False
03,149,573,61,0.033236823976039886,3.3927056827820197,0.8683026297824733,0.25553052959281797,0.5619165796876456,1,0.5619165796876456,0.5574125973956512,True,False,False
03,150,573,61,0.033122409135103226,3.3927056827820197,0.8645140802435684,0.25553052959281797,0.5600223049181932,1,0.5600223049181932,0.5574125973956512,True,False,False
03,151,573,61,0.03381656855344772,3.3927056827820197,0.8874993618972954,0.25553052959281797,0.5715149457450567,1,0.5715149457450567,0.5574125973956512,True,True,True
03,152,573,61,0.03453971818089485,3.3927056827820197,0.911444578839394,0.25553052959281797,0.583487554216106,1,0.583487554216106,0.5574125973956512,True,True,False
03,153,573,61,0.035357628017663956,3.3927056827820197,0.9385275333721259,0.25553052959281797,0.597029031482472,1,0.597029031482472,0.5574125973956512,True,True,False
03,154,573,61,0.034274712204933167,3.3927056827820197,0.9026695959803741,0.25553052959281797,0.5791000627865961,1,0.5791000627865961,0.5574125973956512,True,True,False
03,155,573,61,0.03352298215031624,3.3927056827820197,0.8777780126116003,0.25553052959281797,0.5666542711022091,1,0.5666542711022091,0.5574125973956512,True,True,False
03,156,573,61,0.03266692906618118,3.3927056827820197,0.8494320437615158,0.25553052959281797,0.5524812866771669,1,0.5524812866771669,0.5574125973956512,False,False,False
03,157,573,61,0.033021897077560425,3.3927056827820197,0.8611858851760337,0.25553052959281797,0.5583582073844258,1,0.5583582073844258,0.5574125973956512,True,False,False
03,158,573,61,0.03640461340546608,3.3927056827820197,0.9731957282996855,0.25553052959281797,0.6143631289462517,1,0.6143631289462517,0.5574125973956512,True,False,False
03,159,573,61,0.0338975191116333,3.3927056827820197,0.8901798288487622,0.25553052959281797,0.5728551792207901,1,0.5728551792207901,0.5574125973956512,True,True,True
03,160,573,61,0.034269824624061584,3.3927056827820197,0.9025077564663233,0.25553052959281797,0.5790191430295706,1,0.5790191430295706,0.5574125973956512,True,True,False
03,161,573,61,0.03508748114109039,3.3927056827820197,0.9295823229754612,0.25553052959281797,0.5925564262841396,1,0.5925564262841396,0.5574125973956512,True,True,False
03,162,573,61,0.03633071854710579,3.3927056827820197,0.9707488924759718,0.25553052959281797,0.6131397110343949,1,0.6131397110343949,0.5574125973956512,True,True,False
03,163,573,61,0.03500368446111679,3.3927056827820197,0.9268076141118489,0.25553052959281797,0.5911690718523335,1,0.5911690718523335,0.5574125973956512,True,True,False
03,164,573,61,0.0357060544192791,3.3927056827820197,0.9500647664126551,0.25553052959281797,0.6027976480027366,1,0.6027976480027366,0.5574125973956512,True,True,False
03,165,573,61,0.033452358096838,3.3927056827820197,0.875439480974881,0.25553052959281797,0.5654850052838495,1,0.5654850052838495,0.5574125973956512,True,True,False
03,166,573,61,0.0363636240363121,3.3927056827820197,0.9718384720701876,0.25553052959281797,0.6136845008315028,1,0.6136845008315028,0.5574125973956512,True,True,False
03,167,573,61,0.03573859483003616,3.3927056827820197,0.9511422573846323,0.25553052959281797,0.6033363934887251,1,0.6033363934887251,0.5574125973956512,True,True,False
03,168,573,61,0.0362890288233757,3.3927056827820197,0.969368445828302,0.25553052959281797,0.61244948771056,1,0.61244948771056,0.5574125973956512,True,True,False
03,169,573,61,0.03427458181977272,3.3927056827820197,0.902665278615289,0.25553052959281797,0.5790979041040535,1,0.5790979041040535,0.5574125973956512,True,True,False
03,170,573,61,0.035018909722566605,3.3927056827820197,0.9273117590005118,0.25553052959281797,0.5914211442966648,1,0.5914211442966648,0.5574125973956512,True,True,False
03,171,573,61,0.03567654639482498,3.3927056827820197,0.9490876850172308,0.25553052959281797,0.6023091073050244,1,0.6023091073050244,0.5574125973956512,True,True,False
03,172,573,61,0.03439757227897644,3.3927056827820197,0.9067377874235116,0.25553052959281797,0.5811341585081649,1,0.5811341585081649,0.5574125973956512,True,True,False
03,173,573,61,0.035505346953868866,3.3927056827820197,0.9434188613070784,0.25553052959281797,0.5994746954499481,1,0.5994746954499481,0.5574125973956512,True,True,False
03,174,573,61,0.03389005362987518,3.3927056827820197,0.8899326288593127,0.25553052959281797,0.5727315792260653,1,0.5727315792260653,0.5574125973956512,True,True,False
03,175,573,61,0.03391953930258751,3.3927056827820197,0.890908970135008,0.25553052959281797,0.573219749863913,1,0.573219749863913,0.5574125973956512,True,True,False
03,176,573,61,0.033001262694597244,3.3927056827820197,0.8605026313129792,0.25553052959281797,0.5580165804528986,1,0.5580165804528986,0.5574125973956512,True,True,False
03,177,573,61,0.03265223652124405,3.3927056827820197,0.8489455383930581,0.25553052959281797,0.552238033992938,1,0.552238033992938,0.5574125973956512,False,False,False
03,178,573,61,0.03424471244215965,3.3927056827820197,0.9016762319509143,0.25553052959281797,0.5786033807718661,1,0.5786033807718661,0.5574125973956512,True,False,False
03,179,573,61,0.03295097500085831,3.3927056827820197,0.8588374852762626,0.25553052959281797,0.5571840074345402,1,0.5571840074345402,0.5574125973956512,False,False,False
03,180,573,61,0.03103419952094555,3.3927056827820197,0.795368456248571,0.25553052959281797,0.5254494929206945,1,0.5254494929206945,0.5574125973956512,False,False,False
03,181,573,61,0.028886007145047188,3.3927056827820197,0.7242366592844505,0.25553052959281797,0.4898835944386342,1,0.4898835944386342,0.5574125973956512,False,False,False
03,182,573,61,0.02838973142206669,3.3927056827820197,0.7078037809438836,0.25553052959281797,0.4816671552683508,1,0.4816671552683508,0.5574125973956512,False,False,False
03,183,573,63,0.027637086808681488,1.9556524900036347,0.6828819143428693,0.11407492237186255,0.3984784183573659,1,0.3984784183573659,0.5574125973956512,False,False,False
03,184,573,63,0.028507521376013756,1.8927258774587024,0.7117040885618511,0.10788077296066959,0.4097924307612603,1,0.4097924307612603,0.5574125973956512,False,False,False
03,185,573,63,0.02994704805314541,1.8621107476069314,0.7593702661681944,0.10486718807383755,0.43211872712101596,1,0.43211872712101596,0.5574125973956512,False,False,False
03,186,573,63,0.029004719108343124,1.8638071004483219,0.7281674968412346,0.10503416771136645,0.4166008322763005,1,0.4166008322763005,0.5574125973956512,False,False,False
03,187,573,63,0.028768200427293777,1.897814935982875,0.7203357965766864,0.10838171187325642,0.4143587542249714,1,0.4143587542249714,0.5574125973956512,False,False,False
03,188,573,63,0.030298370867967606,1.964134254210591,0.771003406390259,0.11490982055950744,0.44295661347488324,1,0.44295661347488324,0.5574125973956512,False,False,False
03,189,573,63,0.029980957508087158,2.059372349448686,0.7604930894735661,0.12428453449506145,0.4423888119843138,1,0.4423888119843138,0.5574125973956512,False,False,False
03,190,573,63,0.03198709711432457,2.1546104446867815,0.826921178854008,0.1336592484306155,0.4802902136423117,1,0.4802902136423117,0.5574125973956512,False,False,False
03,191,573,76,0.03443573787808418,10.131103841027503,0.908001541860593,0.9188213583256816,0.9134114500931373,1,0.9134114500931373,0.5574125973956512,True,False,False
03,192,573,76,0.03462351858615875,9.449129609434952,0.9142194110562945,0.8516915683333874,0.882955489694841,1,0.882955489694841,0.5574125973956512,True,False,False
03,193,573,76,0.032823409885168076,8.799466860535563,0.8546134986301935,0.7877423428654543,0.8211779207478239,1,0.8211779207478239,0.5574125973956512,True,True,True
03,194,573,76,0.03461543470621109,8.182115594329336,0.9139517344210122,0.7269736819218819,0.8204627081714471,1,0.8204627081714471,0.5574125973956512,True,True,False
03,195,573,77,0.03282701224088669,8.262046124641543,0.8547327812598331,0.7348416034140198,0.7947871923369265,1,0.7947871923369265,0.5574125973956512,True,True,False
03,196,573,77,0.03924084082245827,7.598772163657659,1.0671100141118168,0.6695525651401996,0.8683312896260083,1,0.8683312896260083,0.5574125973956512,True,True,False
03,197,573,77,0.03719567134976387,7.000121168060099,0.9993895523314431,0.6106246559151012,0.8050071041232721,1,0.8050071041232721,0.5574125973956512,True,True,False
03,198,573,77,0.03403570502996445,6.464396785007471,0.8947554957193427,0.5578908961011958,0.7263231959102692,1,0.7263231959102692,0.5574125973956512,True,True,False
03,199,573,77,0.03291771188378334,5.960983884648005,0.8577360637663847,0.5083377008116514,0.683036882289018,1,0.683036882289018,0.5574125973956512,True,True,False
03,200,573,77,0.0337412990629673,5.489882466981702,0.885007008710255,0.46196507004646814,0.6734860393783615,1,0.6734860393783615,0.5574125973956512,True,True,False
03,201,573,77,0.03185255080461502,5.0510925320085605,0.8224660281459486,0.41877300380564575,0.6206195159757972,1,0.6206195159757972,0.5574125973956512,True,True,False
03,202,573,77,0.03233758360147476,4.644614079728582,0.8385266262628832,0.37876150208918447,0.6086440641760338,1,0.6086440641760338,0.5574125973956512,True,True,False
03,203,573,77,0.030731013044714928,4.270447110141765,0.7853292255393172,0.3419305648970841,0.5636298952182006,1,0.5636298952182006,0.5574125973956512,True,True,False
03,204,573,77,0.03263942152261734,4.023829718486205,0.8485212030818272,0.3176549061648988,0.583088054623363,1,0.583088054623363,0.5574125973956512,True,True,False
03,205,573,77,0.033094629645347595,3.809523809523808,0.863594234773845,0.2965598119570746,0.5800770233654597,1,0.5800770233654597,0.5574125973956512,True,True,False
03,206,573,77,0.030745459720492363,3.6275293832545725,0.785807589590757,0.2786452822736113,0.5322264359321842,1,0.5322264359321842,0.5574125973956512,False,False,False
03,207,573,77,0.03152240440249443,3.4778464396785,0.8115340896903641,0.26391131711450905,0.5377227034024366,1,0.5377227034024366,0.5574125973956512,False,False,False
03,208,573,77,0.033699169754981995,3.3604749787955885,0.8836120063745836,0.2523579164797677,0.5679849614271757,1,0.5679849614271757,0.5574125973956512,True,False,False
03,209,573,77,0.03294792398810387,3.27541500060584,0.858736458933269,0.24398508036938746,0.5513607696513282,1,0.5513607696513282,0.5574125973956512,False,False,False
03,210,573,77,0.03412824496626854,3.222666505109253,0.8978197147502396,0.23879280878336812,0.5683062617668039,1,0.5683062617668039,0.5574125973956512,True,False,False
03,211,573,77,0.03188946843147278,3.2022294923058285,0.8236884592315002,0.23678110172170985,0.530234780476605,1,0.530234780476605,0.5574125973956512,False,False,False
03,212,573,77,0.03313647583127022,3.249848539924876,0.8649798622596171,0.24146845868948685,0.553224160474552,1,0.553224160474552,0.5574125973956512,False,False,False
03,213,573,77,0.031180281192064285,3.297467587543924,0.8002055704133821,0.24615581565726385,0.523180693035323,1,0.523180693035323,0.5574125973956512,False,False,False
03,214,573,77,0.030088772997260094,3.3450866351629713,0.7640631186625159,0.25084317262504086,0.5074531456437783,1,0.5074531456437783,0.5574125973956512,False,False,False
03,215,573,77,0.028806250542402267,3.392705682782019,0.7215957270618352,0.25553052959281786,0.4885631283273265,1,0.4885631283273265,0.5574125973956512,False,False,False
03,216,573,77,0.02735038474202156,3.392705682782019,0.6733885219336726,0.25553052959281786,0.46445952576324523,1,0.46445952576324523,0.5574125973956512,False,False,False
03,217,573,77,0.029462411999702454,3.392705682782019,0.7433228051764474,0.25553052959281786,0.49942666738463265,1,0.49942666738463265,0.5574125973956512,False,False,False
03,218,573,77,0.028731422498822212,3.392705682782019,0.7191179912394403,0.25553052959281786,0.4873242604161291,1,0.4873242604161291,0.5574125973956512,False,False,False
03,219,573,77,0.02971050515770912,3.392705682782019,0.7515377641072731,0.25553052959281786,0.5035341468500455,1,0.5035341468500455,0.5574125973956512,False,False,False
03,220,573,77,0.029343564063310623,3.392705682782019,0.7393874652246459,0.25553052959281786,0.4974589974087319,1,0.4974589974087319,0.5574125973956512,False,False,False
03,221,573,77,0.028909754008054733,3.392705682782019,0.7250229748197531,0.25553052959281786,0.49027675220628547,1,0.49027675220628547,0.5574125973956512,False,False,False
03,222,573,77,0.02852003462612629,3.392705682782019,0.7121184322567419,0.25553052959281786,0.48382448092477987,1,0.48382448092477987,0.5574125973956512,False,False,False
03,223,573,77,0.03201579302549362,3.392705682782019,0.8278713692326158,0.25553052959281786,0.5417009494127168,1,0.5417009494127168,0.5574125973956512,False,False,False
03,224,573,80,0.030775155872106552,1.658063734399614,0.7867909003272329,0.08478192310249798,0.43578641171486543,1,0.43578641171486543,0.5574125973956512,False,False,False
03,225,573,80,0.03113473579287529,1.5475180742356325,0.7986974531124786,0.07390041672352785,0.43629893491800326,1,0.43629893491800326,0.5574125973956512,False,False,False
03,226,573,80,0.03354225680232048,1.4692838967648139,0.8784162425244806,0.06619947486891879,0.47230785869669967,1,0.47230785869669967,0.5574125973956512,False,False,False
03,227,573,80,0.032617535442113876,1.4233612019871569,0.8477965025139548,0.06167909753867069,0.45473780002631276,1,0.45473780002631276,0.5574125973956512,False,False,False
03,228,573,82,0.029803570359945297,1.3333333333333346,0.754619375951799,0.05281724963266992,0.4037183127922344,1,0.4037183127922344,0.5574125973956512,False,False,False
03,229,573,82,0.02814939245581627,1.127549577931258,0.6998455818823391,0.03256102931814578,0.36620330560024245,1,0.36620330560024245,0.5574125973956512,False,False,False
03,230,573,82,0.02881503663957119,0.9574700109051264,0.7218866557919335,0.015819332803040608,0.368852994297487,1,0.368852994297487,0.5574125973956512,False,False,False
03,231,573,82,0.02684425748884678,0.8520134092653177,0.6566294358225971,0.00543876533665731,0.33103410057962723,1,0.33103410057962723,0.5574125973956512,False,False,False
03,232,573,82,0.027272501960396767,0.8111797730118345,0.670809636414996,0.0014193269189961453,0.3361144816669961,1,0.3361144816669961,0.5574125973956512,False,False,False
03,233,573,82,0.025450482964515686,0.8349691021446742,0.6104782216246497,0.0037610175500568427,0.3071196195873533,1,0.3071196195873533,0.5574125973956512,False,False,False
03,234,573,82,0.026564791798591614,0.9199886909810573,0.6473756571756288,0.012129877954781744,0.3297527675652053,1,0.3297527675652053,0.5574125973956512,False,False,False
03,235,573,82,0.025954699143767357,1.0373197625106019,0.627174027498905,0.02367930288386759,0.3254266651913863,1,0.3254266651913863,0.5574125973956512,False,False,False
03,236,573,82,0.025251153856515884,1.1869623167333092,0.6038779572356879,0.03840929233731449,0.3211436247865012,1,0.3211436247865012,0.5574125973956512,False,False,False
03,237,573,82,0.02613161876797676,1.368916353649178,0.6330322601830095,0.05631984631512233,0.3446760532490659,1,0.3446760532490659,0.5574125973956512,False,False,False
03,238,573,82,0.02688124217092991,1.5831818732582095,0.6578540872673354,0.07741096481729123,0.36763252604231333,1,0.36763252604231333,0.5574125973956512,False,False,False
03,239,573,82,0.02655835822224617,1.8212771113534476,0.6471626260469964,0.10084774965617632,0.3740051878515863,1,0.3740051878515863,0.5574125973956512,False,False,False
03,240,573,82,0.026796411722898483,2.0593723494486857,0.6550451478662619,0.12428453449506141,0.38966484118066164,1,0.38966484118066164,0.5574125973956512,False,False,False
03,241,573,82,0.030364882200956345,2.297467587543924,0.7732057559968623,0.1477213193339465,0.4604635376654044,1,0.4604635376654044,0.5574125973956512,False,False,False
03,242,573,82,0.029900265857577324,2.535562825639162,0.7578211955756254,0.1711581041728316,0.4644896498742285,1,0.4644896498742285,0.5574125973956512,False,False,False
03,243,573,82,0.03031608834862709,2.7736580637343997,0.7715900746286932,0.19459488901171665,0.4830924818202049,1,0.4830924818202049,0.5574125973956512,False,False,False
03,244,573,82,0.030436698347330093,3.011753301829638,0.775583760685789,0.21803167385060176,0.4968077172681954,1,0.4968077172681954,0.5574125973956512,False,False,False
03,245,573,82,0.02831624262034893,3.106991397067733,0.7053703906285782,0.22740638778615577,0.46638838920736697,1,0.46638838920736697,0.5574125973956512,False,False,False
03,246,573,82,0.027936914935708046,3.2022294923058285,0.6928099420628573,0.23678110172170985,0.46479552189228357,1,0.46479552189228357,0.5574125973956512,False,False,False
03,247,573,82,0.026599545031785965,3.297467587543924,0.6485264200007662,0.24615581565726385,0.44734111782901503,1,0.44734111782901503,0.5574125973956512,False,False,False
03,248,573,82,0.026603227481245995,3.392705682782019,0.648648354726101,0.25553052959281786,0.45208944215945945,1,0.45208944215945945,0.5574125973956512,False,False,False
03,249,573,82,0.026139939203858376,3.392705682782019,0.6333077697520891,0.25553052959281786,0.4444191496724535,1,0.4444191496724535,0.5574125973956512,False,False,False
03,250,573,82,0.02632818929851055,3.392705682782019,0.6395411814620973,0.25553052959281786,0.44753585552745756,1,0.44753585552745756,0.5574125973956512,False,False,False
03,251,573,82,0.02770574577152729,3.392705682782019,0.6851553771200902,0.25553052959281786,0.47034295335645404,1,0.47034295335645404,0.5574125973956512,False,False,False
03,252,573,85,0.0277046337723732,1.658063734399614,0.6851185561635779,0.08478192310249798,0.3849502396330379,1,0.3849502396330379,0.5574125973956512,False,False,False
03,253,573,85,0.026951760053634644,1.5475180742356325,0.6601891033353424,0.07390041672352785,0.36704476002943515,1,0.36704476002943515,0.5574125973956512,False,False,False
03,254,573,85,0.02669844776391983,1.4692838967648139,0.6518013264478207,0.06619947486891879,0.35900040065836974,1,0.35900040065836974,0.5574125973956512,False,False,False
03,255,573,85,0.026123380288481712,1.4233612019871569,0.6327594643862691,0.06167909753867069,0.3472192809624699,1,0.3472192809624699,0.5574125973956512,False,False,False
03,256,573,85,0.024840064346790314,1.4097499899026624,0.5902657985352128,0.060339284732783625,0.3253025416339982,1,0.3253025416339982,0.5574125973956512,False,False,False
03,257,573,85,0.026553528383374214,1.4284502605113294,0.6470026985089119,0.0621800364512575,0.3545913674800847,1,0.3545913674800847,0.5574125973956512,False,False,False
03,258,573,85,0.02623268961906433,1.4794620138131593,0.6363789582437664,0.06720135269409244,0.35179015546892944,1,0.35179015546892944,0.5574125973956512,False,False,False
03,259,573,85,0.02643553353846073,1.5627852498081505,0.6430956064600963,0.07540323346128831,0.3592494199606923,1,0.3592494199606923,0.5574125973956512,False,False,False
03,260,573,86,0.025804078206419945,0.9930934205743378,0.6221866073524849,0.019325905191148626,0.32075625627181675,1,0.32075625627181675,0.5574125973956512,False,False,False
03,261,573,86,0.024784088134765625,1.030493961791672,0.5884122920274935,0.023007408628096384,0.3057098503277949,1,0.3057098503277949,0.5574125973956512,False,False,False
03,262,573,86,0.026456771418452263,1.1325174683953316,0.643798843555831,0.03305004111376627,0.3384244423347986,1,0.3384244423347986,0.5574125973956512,False,False,False
03,263,573,86,0.024637283757328987,1.2974675875439237,0.5835512473247815,0.049286823010629116,0.3164190351677053,1,0.3164190351677053,0.5574125973956512,False,False,False
03,264,573,86,0.025726698338985443,1.4879437780201141,0.6196243745277084,0.06803625088173718,0.34383031270472275,1,0.34383031270472275,0.5574125973956512,False,False,False
03,265,573,86,0.02637760154902935,1.6784199684963046,0.641177339476099,0.08678567875284525,0.36398150911447213,1,0.36398150911447213,0.5574125973956512,False,False,False
03,266,573,86,0.027881881222128868,1.868896158972495,0.6909876439370395,0.10553510662395332,0.39826137528049643,1,0.39826137528049643,0.5574125973956512,False,False,False
03,267,573,86,0.02775586023926735,2.0593723494486857,0.686814787228908,0.12428453449506141,0.4055496608619847,1,0.4055496608619847,0.5574125973956512,False,False,False
03,268,573,86,0.02831394039094448,2.249848539924876,0.7052941582965024,0.14303396236616947,0.42416406033133597,1,0.42416406033133597,0.5574125973956512,False,False,False
03,269,573,86,0.028247950598597527,2.4403247304010667,0.7031090781502399,0.16178339023727756,0.4324462341937587,1,0.4324462341937587,0.5574125973956512,False,False,False
03,270,573,86,0.029044855386018753,2.630800920877257,0.7294965051677466,0.1805328181083856,0.4550146616380661,1,0.4550146616380661,0.5574125973956512,False,False,False
03,271,573,86,0.02873205952346325,2.8212771113534476,0.7191390846517137,0.19928224597949368,0.4592106653156037,1,0.4592106653156037,0.5574125973956512,False,False,False
03,272,573,86,0.029065780341625214,3.011753301829638,0.7301893805872767,0.21803167385060176,0.4741105272189392,1,0.4741105272189392,0.5574125973956512,False,False,False
03,273,573,86,0.029568590223789215,3.0593723494486857,0.746838620595256,0.22271903081837877,0.48477882570681735,1,0.48477882570681735,0.5574125973956512,False,False,False
03,274,573,86,0.029145576059818268,3.106991397067733,0.7328316080194176,0.22740638778615577,0.48011899790278667,1,0.48011899790278667,0.5574125973956512,False,False,False
03,275,573,86,0.028040409088134766,3.1546104446867806,0.6962368814375548,0.23209374475393277,0.46416531309574377,1,0.46416531309574377,0.5574125973956512,False,False,False
03,276,573,88,0.028023555874824524,1.7651762995274463,0.6956788311619709,0.09532549450075467,0.3955021628313628,1,0.3955021628313628,0.5574125973956512,False,False,False
03,277,573,88,0.030307317152619362,1.7498687346015602,0.7712996393117476,0.0938187020573386,0.4325591706845431,1,0.4325591706845431,0.5574125973956512,False,False,False
03,278,573,105,0.02909548580646515,14.60729431721798,0.7311729997069728,1.3594329132967213,1.045302956501847,1,1.045302956501847,0.5574125973956512,True,False,False
03,279,573,105,0.028246361762285233,13.68722484753019,0.7030564679728446,1.268866338465542,0.9859614032191933,1,0.9859614032191933,0.5574125973956512,True,False,False
03,280,573,105,0.02951044589281082,12.799466860535563,0.7449133224738342,1.1814803281587238,0.963196825316279,1,0.963196825316279,0.5574125973956512,True,True,True
03,281,573,105,0.029930204153060913,11.991639403853144,0.7588125242758309,1.1019622393440434,0.9303873818099371,1,0.9303873818099371,0.5574125973956512,True,True,False
03,282,573,105,0.030136458575725555,11.216123429863888,0.7656421024274607,1.025624715053724,0.8956334087405924,1,0.8956334087405924,0.5574125973956512,True,True,False
03,283,573,105,0.03106086142361164,10.472918938567792,0.7962512957318498,0.9524677552877656,0.8743595255098078,1,0.8743595255098078,0.5574125973956512,True,True,False
03,284,573,105,0.03018633835017681,9.76202592996486,0.7672937412791251,0.8824913600461682,0.8248925506626467,1,0.8248925506626467,0.5574125973956512,True,True,False
03,285,573,105,0.030827688053250313,9.08344440405509,0.7885303667200589,0.8156955293289319,0.8021129480244954,1,0.8021129480244954,0.5574125973956512,True,True,False
03,286,573,105,0.031172269955277443,8.437174360838483,0.7999402991672189,0.7520802631360566,0.7760102811516377,1,0.7760102811516377,0.5574125973956512,True,True,False
03,287,573,105,0.02957100048661232,7.823215800315035,0.7469184301726881,0.691645561467542,0.7192819958201151,1,0.7192819958201151,0.5574125973956512,True,True,False
03,288,573,105,0.03127243369817734,7.241568722484753,0.8032569607023116,0.6343914243233888,0.7188241925128502,1,0.7188241925128502,0.5574125973956512,True,True,False
03,289,573,105,0.032453812658786774,6.69223312734763,0.8423752488531164,0.5803178517035963,0.7113465502783564,1,0.7113465502783564,0.5574125973956512,True,True,False
03,290,573,105,0.035880278795957565,6.175209014903671,0.9558337529927842,0.529424843608165,0.7426292983004745,1,0.7426292983004745,0.5574125973956512,True,True,False
03,291,573,105,0.04584716632962227,5.690496385152872,1.2858612814222978,0.4817124000370944,0.8837868407296962,1,0.8837868407296962,0.5574125973956512,True,True,False
03,292,573,105,0.04584750905632973,5.238095238095236,1.2858726299248076,0.43718052099038507,0.8615265754575963,1,0.8615265754575963,0.5574125973956512,True,True,False
03,293,573,105,0.040500394999980927,4.818005573730763,1.108816871014418,0.39582920646803665,0.7523230387412273,1,0.7523230387412273,0.5574125973956512,True,True,False
03,294,573,105,0.03697150573134422,4.430227392059452,0.9919668915703953,0.3576584564700493,0.6748126740202223,1,0.6748126740202223,0.5574125973956512,True,True,False
03,295,573,105,0.03676295652985573,4.074760693081303,0.9850613277932659,0.3226682709964229,0.6538647993948444,1,0.6538647993948444,0.5574125973956512,True,True,False
03,296,573,105,0.036088984459638596,3.7516054767963163,0.9627444976080157,0.2908586500471576,0.6268015738275867,1,0.6268015738275867,0.5574125973956512,True,True,False
03,297,573,105,0.03538107872009277,3.555999838442586,0.9393040423210207,0.27160430755780723,0.605454174939414,1,0.605454174939414,0.5574125973956512,True,True,False
03,298,573,105,0.034506723284721375,3.392705682782019,0.9103520387662627,0.25553052959281786,0.5829412841795403,1,0.5829412841795403,0.5574125973956512,True,True,False
03,299,573,105,0.0343320406973362,3.392705682782019,0.9045678797316914,0.25553052959281786,0.5800492046622546,1,0.5800492046622546,0.5574125973956512,True,True,False
03,300,573,105,0.04595698416233063,3.392705682782019,1.2894976130036275,0.25553052959281786,0.7725140712982227,1,0.7725140712982227,0.5574125973956512,True,True,False
03,301,573,105,0.04846493899822235,3.392705682782019,1.372542007064113,0.25553052959281786,0.8140362683284654,1,0.8140362683284654,0.5574125973956512,True,True,False
03,302,573,105,0.05873194336891174,3.392705682782019,1.7125071230934463,0.25553052959281786,0.9840188263431321,1,0.9840188263431321,0.5574125973956512,True,True,False
03,303,573,107,0.0414208248257637,1.955652490003637,1.1392945080369965,0.11407492237186276,0.6266847152044296,1,0.6266847152044296,0.5574125973956512,True,True,False
03,304,573,107,0.01473480835556984,1.892725877458703,0.2556565589239993,0.10788077296066964,0.18176866594233448,0,0.18176866594233448,0.5574125973956512,False,False,False
03,305,573,107,0.010837795212864876,1.862110747606932,0.12661711592836233,0.10486718807383762,0.11574215200109997,0,0.11574215200109997,0.5574125973956512,False,False,False
03,306,573,108,0.010487429797649384,1.3740458015267187,0.11501567750135187,0.05682476093336476,0.08592021921735832,0,0.08592021921735832,0.5574125973956512,False,False,False
03,307,573,109,0.00924073439091444,1.2125287774142757,0.07373460531111738,0.04092591401721533,0.057330259664166355,0,0.057330259664166355,0.5574125973956512,False,False,False
03,308,573,109,0.008486845530569553,1.0543640696312466,0.048771538711861434,0.025357050670468187,0.03706429469116481,0,0.03706429469116481,0.5574125973956512,False,False,False
03,309,573,109,0.008157960139214993,0.9335999030655531,0.037881355344315214,0.013469690760668939,0.025675523052492075,0,0.025675523052492075,0.5574125973956512,False,False,False
03,310,573,109,0.007904349826276302,0.9080738317379546,0.029483710193741654,0.010957044786423713,0.020220377490082684,0,0.020220377490082684,0.5574125973956512,False,False,False
03,311,573,109,0.008128158748149872,0.9471707257966806,0.03689455987744925,0.014805527860900503,0.025850043869174878,0,0.025850043869174878,0.5574125973956512,False,False,False
03,312,573,109,0.007464210037142038,1.0474978795589485,0.014909627133123552,0.024681180709041354,0.019795403921082453,0,0.019795403921082453,0.5574125973956512,False,False,False
03,313,573,110,0.006877020467072725,0.6121814289753222,0.0,0.0,0.0,0,0.0,0.5574125973956512,False,False,False
03,314,573,111,0.0077450391836464405,0.6786219152631374,0.024208553083554123,0.0,0.012104276541777061,0,0.012104276541777061,0.5574125973956512,False,False,False
03,315,573,111,0.0073102624155581,0.5051092532008568,0.009812052500386803,0.0,0.0049060262501934015,0,0.0049060262501934015,0.5574125973956512,False,False,False
03,316,573,111,0.00771672697737813,0.45744981622844233,0.023271068093625526,0.0,0.011635534046812763,0,0.011635534046812763,0.5574125973956512,False,False,False
03,317,573,112,0.0070534623228013515,0.6514802698008796,0.0013087860968360907,0.0,0.0006543930484180454,0,0.0006543930484180454,0.5574125973956512,False,False,False
03,318,573,114,0.006971994414925575,2.1787228886465524,0.0,0.13603274470691976,0.06801637235345988,0,0.06801637235345988,0.5574125973956512,False,False,False
03,319,573,114,0.006974656600505114,1.7824629427682854,0.0,0.09702709652128755,0.048513548260643774,0,0.048513548260643774,0.5574125973956512,False,False,False
03,320,573,114,0.0065750544890761375,1.418514479583181,0.0,0.061202012860016385,0.030601006430008192,0,0.030601006430008192,0.5574125973956512,False,False,False
03,321,573,114,0.0068400464951992035,1.0868774990912382,0.0,0.02855749372310617,0.014278746861553084,0,0.014278746861553084,0.5574125973956512,False,False,False
03,322,573,117,0.007393521256744862,3.321580031503695,0.012568952233022715,0.2485293119335682,0.13054913208329547,0,0.13054913208329547,0.5574125973956512,False,False,False
03,323,573,117,0.007201995234936476,2.7824629427682854,0.006227066725248994,0.19546159284460493,0.10084432978492697,0,0.10084432978492697,0.5574125973956512,False,False,False
03,324,573,117,0.007981041446328163,2.3708954319641333,0.03202315349853278,0.15494915221555675,0.09348615285704476,0,0.09348615285704476,0.5574125973956512,False,False,False
03,325,573,118,0.007061358075588942,2.7518478129165143,0.0015702333910668357,0.19244800795777287,0.09700912067441984,0,0.09700912067441984,0.5574125973956512,False,False,False
03,326,573,119,0.006716656032949686,3.1787228886465524,0.0,0.2344672410302371,0.11723362051511856,0,0.11723362051511856,0.5574125973956512,False,False,False
03,327,573,119,0.006982115563005209,2.68722484753019,0.0,0.18608687890905087,0.09304343945452544,0,0.09304343945452544,0.5574125973956512,False,False,False
03,328,573,121,0.0070014456287026405,4.0834847934084575,0.0,0.3235270234180005,0.16176351170900025,0,0.16176351170900025,0.5574125973956512,False,False,False
03,329,573,121,0.007228606380522251,3.5443677046730473,0.007108225519976783,0.2704593043290372,0.138783764924507,0,0.138783764924507,0.5574125973956512,False,False,False
03,330,573,121,0.007804065477102995,3.0375620986308,0.026163055095945062,0.22057214976443495,0.12336760243019002,0,0.12336760243019002,0.5574125973956512,False,False,False
03,331,573,121,0.007851364091038704,2.5630679752817143,0.027729225538083508,0.1738655597241937,0.10079739263113861,0,0.10079739263113861,0.5574125973956512,False,False,False
03,332,573,121,0.007373685482889414,2.1242780403085737,0.01191214223111501,0.13067349348337143,0.07129281785724322,0,0.07129281785724322,0.5574125973956512,False,False,False
03,333,573,121,0.007016418036073446,1.7501110707217558,8.216099948741006e-05,0.093842556291271,0.046962358645379204,0,0.046962358645379204,0.5574125973956512,False,False,False
03,334,573,121,0.007370693609118462,1.496667878347266,0.011813074121570746,0.06889500330331447,0.04035403871244261,0,0.04035403871244261,0.5574125973956512,False,False,False
03,335,573,121,0.007993826642632484,1.3826891231471368,0.03244650198345843,0.057675561943631055,0.045061031963544745,0,0.045061031963544745,0.5574125973956512,False,False,False
03,336,573,121,0.007080337032675743,1.333333333333332,0.002198672136700386,0.052817249632669656,0.02750796088468502,0,0.02750796088468502,0.5574125973956512,False,False,False
03,337,573,121,0.007515961769968271,1.341815097540287,0.016623251012082507,0.05365214782031441,0.03513769941619846,0,0.03513769941619846,0.5574125973956512,False,False,False
03,338,573,121,0.007371537387371063,1.4302273920594522,0.01184101364133638,0.06235496750009723,0.037097990570716805,0,0.037097990570716805,0.5574125973956512,False,False,False
03,339,573,122,0.007122493814677,1.0730643402399123,0.0035945842028718635,0.027197802388941924,0.015396193295906893,0,0.015396193295906893,0.5574125973956512,False,False,False
03,340,573,122,0.007663898169994354,1.2107920352195156,0.021521779695230635,0.040754958674030665,0.03113836918463065,0,0.03113836918463065,0.5574125973956512,False,False,False
03,341,573,125,0.006903801579028368,1.6055575750232238,0.0,0.07961350575041118,0.03980675287520559,0,0.03980675287520559,0.5574125973956512,False,False,False
03,342,573,125,0.006914693862199783,1.18546791065875,0.0,0.03826219122806276,0.01913109561403138,0,0.01913109561403138,0.5574125973956512,False,False,False
03,343,573,125,0.0071228668093681335,0.9728583545377435,0.003606934950847732,0.0173340766577674,0.010470505804307566,0,0.010470505804307566,0.5574125973956512,False,False,False
03,344,573,125,0.0065001919865608215,0.8350498808514079,0.0,0.0037689689613678154,0.0018844844806839077,0,0.0018844844806839077,0.5574125973956512,False,False,False
03,345,573,125,0.006201541982591152,0.7941758552445579,0.0,0.0,0.0,0,0.0,0.5574125973956512,False,False,False
03,346,573,125,0.006027457304298878,0.8876772082878959,0.0,0.008949313430420814,0.004474656715210407,0,0.004474656715210407,0.5574125973956512,False,False,False
03,347,573,126,0.006405313964933157,0.7925198917565329,0.0,0.0,0.0,0,0.0,0.5574125973956512,False,False,False
03,348,573,126,0.006028507370501757,0.7924795024031661,0.0,0.0,0.0,0,0.0,0.5574125973956512,False,False,False
03,349,573,126,0.006427369080483913,0.7822609960014539,0.0,0.0,0.0,0,0.0,0.5574125973956512,False,False,False
03,350,573,126,0.00572105310857296,0.8349691021446742,0.0,0.0037610175500568427,0.0018805087750284214,0,0.0018805087750284214,0.5574125973956512,False,False,False
03,351,573,126,0.005603556986898184,0.9267741023466217,0.0,0.012797796504897593,0.006398898252448796,0,0.006398898252448796,0.5574125973956512,False,False,False
03,352,573,126,0.006027461029589176,1.0832020679348922,0.0,0.028195704508460213,0.014097852254230107,0,0.014097852254230107,0.5574125973956512,False,False,False
03,353,573,126,0.00639460701495409,1.2974675875439237,0.0,0.049286823010629116,0.024643411505314558,0,0.024643411505314558,0.5574125973956512,False,False,False
03,354,573,126,0.00592004181817174,1.5355628256391618,0.0,0.0727236078495142,0.0363618039247571,0,0.0363618039247571,0.5574125973956512,False,False,False
03,355,573,126,0.006051539443433285,1.7736580637344,0.0,0.0961603926883993,0.04808019634419965,0,0.04808019634419965,0.5574125973956512,False,False,False
03,356,573,126,0.006211954168975353,2.011753301829638,0.0,0.11959717752728437,0.059798588763642184,0,0.059798588763642184,0.5574125973956512,False,False,False
03,357,573,127,0.0062348078936338425,1.3910093299406285,0.0,0.05849455730865426,0.02924727865432713,0,0.02924727865432713,0.5574125973956512,False,False,False
03,358,573,127,0.005940265022218227,1.6137970031099804,0.0,0.08042454970412326,0.04021227485206163,0,0.04021227485206163,0.5574125973956512,False,False,False
03,359,573,128,0.005917012691497803,1.1937477280988749,0.0,0.039077210887430464,0.019538605443715232,0,0.019538605443715232,0.5574125973956512,False,False,False
03,360,573,129,0.006672941613942385,1.0118340805363717,0.0,0.021170632615277993,0.010585316307638997,0,0.010585316307638997,0.5574125973956512,False,False,False
03,361,573,129,0.00649992935359478,1.0713275980451578,0.0,0.02702684704575781,0.013513423522878905,0,0.013513423522878905,0.5574125973956512,False,False,False
03,362,573,129,0.006764819845557213,1.0424088210347757,0.0,0.024180241796454525,0.012090120898227263,0,0.012090120898227263,0.5574125973956512,False,False,False
03,363,573,131,0.006493784952908754,1.1173714608829126,0.0,0.03155915149297212,0.01577957574648606,0,0.01577957574648606,0.5574125973956512,False,False,False
03,364,573,131,0.006759462412446737,0.937073387455069,0.0,0.01381160144703784,0.00690580072351892,0,0.00690580072351892,0.5574125973956512,False,False,False
03,365,573,131,0.006994837429374456,0.8112201623652013,0.0,0.0014233026246516318,0.0007116513123258159,0,0.0007116513123258159,0.5574125973956512,False,False,False
03,366,573,131,0.006694222800433636,0.7210711256512774,0.0,0.0,0.0,0,0.0,0.5574125973956512,False,False,False
03,367,573,131,0.006668829824775457,0.6955450543236791,0.0,0.0,0.0,0,0.0,0.5574125973956512,False,False,False
03,368,573,132,0.006040459964424372,0.7415485278080712,0.0,0.0,0.0,0,0.0,0.5574125973956512,False,False,False
03,369,573,132,0.00595695897936821,0.5918655842319984,0.0,0.0,0.0,0,0.0,0.5574125973956512,False,False,False
03,370,573,133,0.005866972263902426,0.9321054969909913,0.0,0.013322589651416946,0.006661294825708473,0,0.006661294825708473,0.5574125973956512,False,False,False
03,371,573,133,0.006296496372669935,0.7007956702613176,0.0,0.0,0.0,0,0.0,0.5574125973956512,False,False,False
03,372,573,133,0.007133453153073788,0.5732057029766942,0.003957474157443731,0.0,0.0019787370787218653,0,0.0019787370787218653,0.5574125973956512,False,False,False
03,373,573,133,0.006054295692592859,0.5731653136233287,0.0,0.0,0.0,0,0.0,0.5574125973956512,False,False,False
03,374,573,134,0.006296747829765081,0.6633547396906148,0.0,0.0,0.0,0,0.0,0.5574125973956512,False,False,False
03,375,573,134,0.006194128189235926,0.5272426188456708,0.0,0.0,0.0,0,0.0,0.5574125973956512,False,False,False
03,376,573,134,0.006333243101835251,0.5492952057837547,0.0,0.0,0.0,0,0.0,0.5574125973956512,False,False,False
03,377,573,137,0.0060992795042693615,2.2263419362656003,0.0,0.1407201016746968,0.0703600508373484,0,0.0703600508373484,0.5574125973956512,False,False,False
03,378,573,137,0.006650045979768038,1.7824629427682868,0.0,0.09702709652128769,0.04851354826064384,0,0.04851354826064384,0.5574125973956512,False,False,False
03,379,573,137,0.006103236228227615,1.3708954319641333,0.0,0.05651465589223936,0.02825732794611968,0,0.02825732794611968,0.5574125973956512,False,False,False
03,380,573,137,0.006646236404776573,1.0392584514721905,0.0,0.023870136755329143,0.011935068377664572,0,0.011935068377664572,0.5574125973956512,False,False,False
03,381,573,138,0.006533246953040361,1.4525223151177342,0.0,0.06454955702190635,0.03227477851095317,0,0.03227477851095317,0.5574125973956512,False,False,False
03,382,573,138,0.006547336466610432,1.1225816874671846,0.0,0.03207201752252529,0.016036008761262644,0,0.016036008761262644,0.5574125973956512,False,False,False
03,383,573,139,0.007015362847596407,1.5154489276626666,4.722118061934752e-05,0.07074370643309931,0.03539546380685933,0,0.03539546380685933,0.5574125973956512,False,False,False
03,384,573,139,0.007036508526653051,1.2042085706207826,0.0007474052824722687,0.040106918652191986,0.020427161967332127,0,0.020427161967332127,0.5574125973956512,False,False,False
03,385,573,139,0.006796755362302065,0.9899026616583843,0.0,0.019011824444367605,0.009505912222183803,0,0.009505912222183803,0.5574125973956512,False,False,False
03,386,573,139,0.006683562882244587,0.8708348479340838,0.0,0.007291444172097517,0.0036457220860487585,0,0.0036457220860487585,0.5574125973956512,False,False,False
03,387,573,139,0.0073098656721413136,0.8129972939133226,0.009798915375198988,0.0015982336734912306,0.0056985745243451095,0,0.0056985745243451095,0.5574125973956512,False,False,False
03,388,573,139,0.007464032154530287,0.7976493396340697,0.01490373701361446,8.746552441966277e-05,0.007495601269017061,0,0.007495601269017061,0.5574125973956512,False,False,False
03,389,573,141,0.0076368339359760284,1.1889010056948979,0.020625618056831784,0.03860012620877605,0.02961287213280392,0,0.02961287213280392,0.5574125973956512,False,False,False
03,390,573,141,0.00755354855209589,0.872531200775477,0.017867839432017814,0.007458423809626679,0.012663131620822245,0,0.012663131620822245,0.5574125973956512,False,False,False
03,391,573,141,0.0071131507866084576,0.7330263742477469,0.0032852141561954262,0.0,0.0016426070780977131,0,0.0016426070780977131,0.5574125973956512,False,False,False
03,392,573,142,0.007570662070065737,0.9558948261238337,0.018434509018611003,0.015664280282477905,0.017049394650544454,0,0.017049394650544454,0.5574125973956512,False,False,False
03,393,573,142,0.007125004660338163,0.6786219152631374,0.0036777243190839522,0.0,0.0018388621595419761,0,0.0018388621595419761,0.5574125973956512,False,False,False
03,394,573,142,0.007271476089954376,0.5629064178682525,0.00852774432166768,0.0,0.00426387216083384,0,0.00426387216083384,0.5574125973956512,False,False,False
03,395,573,142,0.00666457274928689,0.6478856173512659,0.0,0.0,0.0,0,0.0,0.5574125973956512,False,False,False
03,396,573,142,0.006354717072099447,0.821317500706813,0.0,0.002417229038514294,0.001208614519257147,0,0.001208614519257147,0.5574125973956512,False,False,False
03,397,573,142,0.006302287802100182,1.0593723494486855,0.0,0.02585003817174402,0.01292501908587201,0,0.01292501908587201,0.5574125973956512,False,False,False
03,398,573,142,0.005928338505327702,1.2974675875439237,0.0,0.049286823010629116,0.024643411505314558,0,0.024643411505314558,0.5574125973956512,False,False,False
03,399,573,142,0.006232813466340303,1.5355628256391618,0.0,0.0727236078495142,0.0363618039247571,0,0.0363618039247571,0.5574125973956512,False,False,False
03,400,573,144,0.0069125257432460785,0.5254654872975474,0.0,0.0,0.0,0,0.0,0.5574125973956512,False,False,False
03,401,573,145,0.005964573472738266,0.7722040470132077,0.0,0.0,0.0,0,0.0,0.5574125973956512,False,False,False
03,402,573,145,0.006618681363761425,0.5901692313906066,0.0,0.0,0.0,0,0.0,0.5574125973956512,False,False,False
03,403,573,145,0.006354143843054771,0.5390766993820418,0.0,0.0,0.0,0,0.0,0.5574125973956512,False,False,False
03,404,573,145,0.006881353911012411,0.58156629912355,0.0,0.0,0.0,0,0.0,0.5574125973956512,False,False,False
03,405,573,145,0.007184616755694151,0.6886788642513837,0.005651623636036243,0.0,0.0028258118180181217,0,0.0028258118180181217,0.5574125973956512,False,False,False
03,406,573,145,0.006499933544546366,0.8604143947655403,0.0,0.006265712112991215,0.0031328560564956075,0,0.0031328560564956075,0.5574125973956512,False,False,False
03,407,573,145,0.0067919478751719,1.0865947736176744,0.0,0.028529663783518143,0.014264831891759071,0,0.014264831891759071,0.5574125973956512,False,False,False
03,408,573,145,0.007062781136482954,1.3450866351629713,0.0016173543471395624,0.05397417997840614,0.02779576716277285,0,0.02779576716277285,0.5574125973956512,False,False,False
03,409,573,148,0.007000228390097618,1.2263419362656,0.0,0.042285605351379416,0.021142802675689708,0,0.021142802675689708,0.5574125973956512,False,False,False
03,410,573,148,0.006463849917054176,0.9405872611979489,0.0,0.014157487839061955,0.007078743919530978,0,0.007078743919530978,0.5574125973956512,False,False,False
03,411,573,148,0.006566536147147417,0.7517670342097806,0.0,0.0,0.0,0,0.0,0.5574125973956512,False,False,False
03,412,573,148,0.006308881100267172,0.6666666666666653,0.0,0.0,0.0,0,0.0,0.5574125973956512,False,False,False
03,413,573,148,0.007244722917675972,0.6445333010218506,0.00764188268282923,0.0,0.003820941341414615,0,0.003820941341414615,0.5574125973956512,False,False,False
03,414,573,148,0.007398861460387707,0.6870229007633587,0.012745779171583588,0.0,0.006372889585791794,0,0.006372889585791794,0.5574125973956512,False,False,False
03,415,573,148,0.007550882175564766,0.7941354658911897,0.017779549316025527,0.0,0.008889774658012764,0,0.008889774658012764,0.5574125973956512,False,False,False
03,416,573,148,0.007026664912700653,0.9658709964053462,0.0004214596377008769,0.01664627957937424,0.008533869608537558,0,0.008533869608537558,0.5574125973956512,False,False,False
03,417,573,149,0.007825622335076332,0.6751484308736229,0.026876854316977377,0.0,0.013438427158488689,0,0.013438427158488689,0.5574125973956512,False,False,False
03,418,573,149,0.007484623696655035,0.7703461367583527,0.015585572313855293,0.0,0.0077927861569276466,0,0.0077927861569276466,0.5574125973956512,False,False,False
03,419,573,149,0.007376986555755138,0.9624782907225654,0.0120214486635756,0.016312320304316452,0.014166884483946027,0,0.014166884483946027,0.5574125973956512,False,False,False
03,420,573,149,0.007967101410031319,1.249848539924876,0.031561565494281095,0.04459946604285209,0.038080515768566595,0,0.038080515768566595,0.5574125973956512,False,False,False
03,421,573,149,0.007106533274054527,1.4879437780201141,0.0030660924589606354,0.06803625088173718,0.03555117167034891,0,0.03555117167034891,0.5574125973956512,False,False,False
03,422,573,152,0.007532136049121618,1.2246051940708442,0.01715882015090126,0.04211465000819517,0.029636735079548213,0,0.029636735079548213,0.5574125973956512,False,False,False
03,423,573,152,0.006792468950152397,0.994991720182561,0.0,0.019512763356954826,0.009756381678477413,0,0.009756381678477413,0.5574125973956512,False,False,False
03,424,573,152,0.006374846212565899,0.8300012116806007,0.0,0.003272005754436353,0.0016360028772181765,0,0.0016360028772181765,0.5574125973956512,False,False,False
03,425,573,152,0.0068610599264502525,0.7296336685649659,0.0,0.0,0.0,0,0.0,0.5574125973956512,False,False,False
03,426,573,152,0.0072859423235058784,0.6989781493598308,0.009006755977870342,0.0,0.004503377988935171,0,0.004503377988935171,0.5574125973956512,False,False,False
03,427,573,152,0.006363305263221264,0.7652570782341787,0.0,0.0,0.0,0,0.0,0.5574125973956512,False,False,False
03,428,573,152,0.0064803678542375565,0.9284704551880122,0.0,0.012964776142426492,0.006482388071213246,0,0.006482388071213246,0.5574125973956512,False,False,False
03,429,573,152,0.006801479961723089,1.1818328688557695,0.0,0.037904377719072166,0.018952188859536083,0,0.018952188859536083,0.5574125973956512,False,False,False
03,430,573,154,0.006720009259879589,0.7942566339512889,0.0,0.0,0.0,0,0.0,0.5574125973956512,False,False,False
03,431,573,154,0.006589481141418219,0.6411809846924351,0.0,0.0,0.0,0,0.0,0.5574125973956512,False,False,False
03,432,573,154,0.006408176384866238,0.5612100650268566,0.0,0.0,0.0,0,0.0,0.5574125973956512,False,False,False
03,433,573,154,0.006182586774230003,0.5781735934407664,0.0,0.0,0.0,0,0.0,0.5574125973956512,False,False,False
03,434,573,155,0.006682812701910734,0.6191283977543514,0.0,0.0,0.0,0,0.0,0.5574125973956512,False,False,False
03,435,573,155,0.006706649903208017,0.5289389716870646,0.0,0.0,0.0,0,0.0,0.5574125973956512,False,False,False
03,436,573,155,0.006115572061389685,0.567995476392421,0.0,0.0,0.0,0,0.0,0.5574125973956512,False,False,False
03,437,573,156,0.00654631620272994,0.5833838200250395,0.0,0.0,0.0,0,0.0,0.5574125973956512,False,False,False
03,438,573,157,0.0070371320471167564,0.9899026616583869,0.0007680515390761239,0.019011824444367866,0.009889937991721994,0,0.009889937991721994,0.5574125973956512,False,False,False
03,439,573,157,0.0067106811329722404,0.7194555515166233,0.0,0.0,0.0,0,0.0,0.5574125973956512,False,False,False
03,440,573,157,0.007155247498303652,0.5510319479785112,0.00467913715059551,0.0,0.002339568575297755,0,0.002339568575297755,0.5574125973956512,False,False,False
03,441,573,157,0.006870998535305262,0.5424694050648227,0.0,0.0,0.0,0,0.0,0.5574125973956512,False,False,False
03,442,573,157,0.006879014894366264,0.6631527929237853,0.0,0.0,0.0,0,0.0,0.5574125973956512,False,False,False
03,443,573,158,0.00669439323246479,0.41496021648693554,0.0,0.0,0.0,0,0.0,0.5574125973956512,False,False,False
03,444,573,158,0.006132881622761488,0.40130861504907295,0.0,0.0,0.0,0,0.0,0.5574125973956512,False,False,False
03,445,573,160,0.006441892124712467,1.4644371743608382,0.0,0.0657223901902645,0.03286119509513225,0,0.03286119509513225,0.5574125973956512,False,False,False
03,446,573,160,0.006843122653663158,1.11579627610162,0.0,0.03140409897240943,0.015702049486204715,0,0.015702049486204715,0.5574125973956512,False,False,False
03,447,573,160,0.006593589670956135,0.804555919059736,0.0,0.0007673111915021119,0.00038365559575105596,0,0.00038365559575105596,0.5574125973956512,False,False,False
03,448,573,160,0.0062563978135585785,0.5681166444525202,0.0,0.0,0.0,0,0.0,0.5574125973956512,False,False,False
03,449,573,160,0.006504339165985584,0.4472716991800929,0.0,0.0,0.0,0,0.0,0.5574125973956512,False,False,False
03,450,573,161,0.00719962315633893,0.62086513994911,0.006148521519020437,0.0,0.0030742607595102187,0,0.0030742607595102187,0.5574125973956512,False,False,False
03,451,573,161,0.005998348817229271,0.4575709842885428,0.0,0.0,0.0,0,0.0,0.5574125973956512,False,False,False
03,452,573,163,0.006334384437650442,1.750151460075124,0.0,0.09384653199692662,0.04692326599846331,0,0.04692326599846331,0.5574125973956512,False,False,False
03,453,573,163,0.006068283226341009,1.3538915141968582,0.0,0.054840883811294525,0.027420441905647262,0,0.027420441905647262,0.5574125973956512,False,False,False
03,454,573,163,0.006401424761861563,0.9950321095359265,0.0,0.019516739062610183,0.009758369531305091,0,0.009758369531305091,0.5574125973956512,False,False,False
03,455,573,163,0.005898054223507643,0.7484147178803653,0.0,0.0,0.0,0,0.0,0.5574125973956512,False,False,False
03,456,573,164,0.006156995892524719,1.119188981784401,0.0,0.03173805824746723,0.015869029123733613,0,0.015869029123733613,0.5574125973956512,False,False,False
03,457,573,164,0.006375657860189676,0.7960337654994156,0.0,0.0,0.0,0,0.0,0.5574125973956512,False,False,False
03,458,573,164,0.006108347792178392,0.6174320449129609,0.0,0.0,0.0,0,0.0,0.5574125973956512,False,False,False
03,459,573,164,0.005423743277788162,0.5867765257078231,0.0,0.0,0.0,0,0.0,0.5574125973956512,False,False,False
03,460,573,164,0.005357914604246616,0.653055454582171,0.0,0.0,0.0,0,0.0,0.5574125973956512,False,False,False
03,461,573,164,0.005217599216848612,0.8213578900601785,0.0,0.0024212047441696492,0.0012106023720848246,0,0.0012106023720848246,0.5574125973956512,False,False,False
03,462,573,165,0.005363238509744406,0.5595137121854689,0.0,0.0,0.0,0,0.0,0.5574125973956512,False,False,False
03,463,573,165,0.005762616638094187,0.6155741346581058,0.0,0.0,0.0,0,0.0,0.5574125973956512,False,False,False
03,464,573,165,0.005642952863126993,0.8417141241568719,0.0,0.004424960394517204,0.002212480197258602,0,0.002212480197258602,0.5574125973956512,False,False,False
03,465,573,167,0.0052845594473183155,0.8011228240235896,0.0,0.0004293762107889584,0.0002146881053944792,0,0.0002146881053944792,0.5574125973956512,False,False,False
03,466,573,167,0.005133386701345444,0.6089098913526405,0.0,0.0,0.0,0,0.0,0.5574125973956512,False,False,False
03,467,573,167,0.005544968880712986,0.5136314067611771,0.0,0.0,0.0,0,0.0,0.5574125973956512,False,False,False
03,468,573,167,0.005633970256894827,0.5220727816147639,0.0,0.0,0.0,0,0.0,0.5574125973956512,False,False,False
03,469,573,167,0.0057885958813130856,0.6597600872410018,0.0,0.0,0.0,0,0.0,0.5574125973956512,False,False,False
03,470,573,167,0.005880438722670078,0.9165152065915427,0.0,0.011787967268412974,0.005893983634206487,0,0.005893983634206487,0.5574125973956512,False,False,False
03,471,573,168,0.0063942354172468185,0.5339472515045051,0.0,0.0,0.0,0,0.0,0.5574125973956512,False,False,False
03,472,573,168,0.0061973887495696545,0.6665454986065689,0.0,0.0,0.0,0,0.0,0.5574125973956512,False,False,False
03,473,573,168,0.006032156758010387,0.8212771113534475,0.0,0.002413253332858939,0.0012066266664294695,0,0.0012066266664294695,0.5574125973956512,False,False,False
03,474,573,171,0.0060949004255235195,1.7977705076941715,0.0,0.09853388896470362,0.04926694448235181,0,0.04926694448235181,0.5574125973956512,False,False,False
03,475,573,171,0.006592560559511185,1.4491296094349533,0.0,0.06421559774684854,0.03210779887342427,0,0.03210779887342427,0.5574125973956512,False,False,False
03,476,573,171,0.006039195228368044,1.1328001938688952,0.0,0.03307787105335427,0.016538935526677134,0,0.016538935526677134,0.5574125973956512,False,False,False
03,477,573,171,0.006595702841877937,0.9031867199806121,0.0,0.010475984402113935,0.005237992201056967,0,0.005237992201056967,0.5574125973956512,False,False,False
03,478,573,171,0.005902597215026617,0.7381962114786544,0.0,0.0,0.0,0,0.0,0.5574125973956512,False,False,False
03,479,573,171,0.006269397679716349,0.6378286683630198,0.0,0.0,0.0,0,0.0,0.5574125973956512,False,False,False
03,480,573,171,0.006058685015887022,0.6173512662062273,0.0,0.0,0.0,0,0.0,0.5574125973956512,False,False,False
03,481,573,171,0.00616582203656435,0.7261197948220832,0.0,0.0,0.0,0,0.0,0.5574125973956512,False,False,False
03,482,573,171,0.00578100373968482,0.9641342542105904,0.0,0.016475324236189998,0.008237662118094999,0,0.008237662118094999,0.5574125973956512,False,False,False
03,483,573,172,0.005910458974540234,0.6275293832545753,0.0,0.0,0.0,0,0.0,0.5574125973956512,False,False,False
03,484,573,173,0.006020103581249714,0.7143261036390784,0.0,0.0,0.0,0,0.0,0.5574125973956512,False,False,False
03,485,573,173,0.006321070250123739,0.6054364069631233,0.0,0.0,0.0,0,0.0,0.5574125973956512,False,False,False
03,486,573,173,0.006225110497325659,0.5917848055252607,0.0,0.0,0.0,0,0.0,0.5574125973956512,False,False,False
03,487,573,173,0.006221044808626175,0.7056827820186589,0.0,0.0,0.0,0,0.0,0.5574125973956512,False,False,False
03,488,573,173,0.006410639267414808,0.9165152065915427,0.0,0.011787967268412974,0.005893983634206487,0,0.005893983634206487,0.5574125973956512,False,False,False
03,489,573,173,0.006633545272052288,1.2022294923058285,0.0,0.039912109075075086,0.019956054537537543,0,0.019956054537537543,0.5574125973956512,False,False,False
03,490,573,173,0.006812462117522955,1.4879437780201141,0.0,0.06803625088173718,0.03401812544086859,0,0.03401812544086859,0.5574125973956512,False,False,False
03,491,573,175,0.006728425621986389,0.6955854436770472,0.0,0.0,0.0,0,0.0,0.5574125973956512,False,False,False
03,492,573,175,0.007418851833790541,0.668322630154693,0.013407708334949456,0.0,0.006703854167474728,0,0.006703854167474728,0.5574125973956512,False,False,False
03,493,573,175,0.00681640487164259,0.7652166888808105,0.0,0.0,0.0,0,0.0,0.5574125973956512,False,False,False
03,494,573,175,0.007309918757528067,0.9590451956864163,0.009800673159555105,0.015974385323603037,0.012887529241579071,0,0.012887529241579071,0.5574125973956512,False,False,False
03,495,573,175,0.00670284777879715,1.088291126459065,0.0,0.028696643421047042,0.014348321710523521,0,0.014348321710523521,0.5574125973956512,False,False,False
03,496,573,175,0.0072135645896196365,1.249848539924876,0.006610155780755179,0.04459946604285209,0.02560481091180363,0,0.02560481091180363,0.5574125973956512,False,False,False
03,497,573,177,0.007218699436634779,0.6411809846924351,0.006780182869306867,0.0,0.0033900914346534335,0,0.0033900914346534335,0.5574125973956512,False,False,False
03,498,573,177,0.006926621310412884,0.5033725110060981,0.0,0.0,0.0,0,0.0,0.5574125973956512,False,False,False
03,499,573,177,0.007367789279669523,0.4863282038854547,0.011716904814297971,0.0,0.005858452407148986,0,0.005858452407148986,0.5574125973956512,False,False,False
03,500,573,178,0.007369037251919508,0.6157356920715704,0.011758228165827719,0.0,0.005879114082913859,0,0.005879114082913859,0.5574125973956512,False,False,False
03,501,573,179,0.008885755203664303,1.1787228886465524,0.061980393836735,0.037598248383602394,0.0497893211101687,0,0.0497893211101687,0.5574125973956512,False,False,False
03,502,573,179,0.008848600089550018,0.8402601074356797,0.0607500989790639,0.004281834990920972,0.032515966984992435,0,0.032515966984992435,0.5574125973956512,False,False,False
03,503,573,179,0.008225172758102417,0.5782947615008655,0.040106926207412484,0.0,0.020053463103706242,0,0.020053463103706242,0.5574125973956512,False,False,False
03,504,573,179,0.008357045240700245,0.5238095238095225,0.04447354009290326,0.0,0.02223677004645163,0,0.02223677004645163,0.5574125973956512,False,False,False
03,505,573,179,0.007510868366807699,0.5390766993820418,0.016454596228861473,0.0,0.008227298114430737,0,0.008227298114430737,0.5574125973956512,False,False,False
03,506,573,179,0.007769742049276829,0.6478856173512659,0.025026524156427844,0.0,0.012513262078213922,0,0.012513262078213922,0.5574125973956512,False,False,False
03,507,573,180,0.008059630170464516,0.5068459953956127,0.03462541446531353,0.0,0.017312707232656765,0,0.017312707232656765,0.5574125973956512,False,False,False
03,508,573,181,0.007677652407437563,0.8368674017528961,0.021977215454235914,0.0039478757158629115,0.012962545585049412,0,0.012962545585049412,0.5574125973956512,False,False,False
03,509,573,181,0.007546474225819111,0.5782947615008682,0.017633591537823814,0.0,0.008816795768911907,0,0.008816795768911907,0.5574125973956512,False,False,False
03,510,573,181,0.0072702039033174515,0.4778868290318653,0.008485619173764967,0.0,0.004242809586882484,0,0.004242809586882484,0.5574125973956512,False,False,False
03,511,573,181,0.007139934692531824,0.5373399571872832,0.004172093459661102,0.0,0.002086046729830551,0,0.002086046729830551,0.5574125973956512,False,False,False
03,512,573,181,0.007511367090046406,0.7073791348600493,0.016471110150312353,0.0,0.008235555075156177,0,0.008235555075156177,0.5574125973956512,False,False,False
03,513,573,181,0.007266879081726074,0.9386485722363576,0.008375526364092431,0.013966653967600138,0.011171090165846284,0,0.011171090165846284,0.5574125973956512,False,False,False
03,514,573,181,0.007405657786875963,1.2022294923058285,0.012970821826649508,0.039912109075075086,0.026441465450862296,0,0.026441465450862296,0.5574125973956512,False,False,False
03,515,573,181,0.007636910770088434,1.4879437780201141,0.020628162218399845,0.06803625088173718,0.04433220655006851,0,0.04433220655006851,0.5574125973956512,False,False,False
03,516,573,183,0.007034302689135075,0.5577769699907102,0.0006743647167273383,0.0,0.00033718235836366914,0,0.00033718235836366914,0.5574125973956512,False,False,False
03,517,573,184,0.007088742218911648,0.7568964820873229,0.002476987993085438,0.0,0.001238493996542719,0,0.001238493996542719,0.5574125973956512,False,False,False
03,518,573,184,0.006732296664267778,0.5765580193061123,0.0,0.0,0.0,0,0.0,0.5574125973956512,False,False,False
03,519,573,184,0.006887129042297602,0.523769134456157,0.0,0.0,0.0,0,0.0,0.5574125973956512,False,False,False
03,520,573,184,0.0068259770050644875,0.6240558988650607,0.0,0.0,0.0,0,0.0,0.5574125973956512,False,False,False
03,521,573,185,0.00681903725489974,0.5782543721475027,0.0,0.0,0.0,0,0.0,0.5574125973956512,False,False,False
03,522,573,185,0.007099222391843796,0.47445373399571894,0.002824011630969205,0.0,0.0014120058154846024,0,0.0014120058154846024,0.5574125973956512,False,False,False
03,523,573,186,0.007049035280942917,0.7620259299648596,0.0011621961330326174,0.0,0.0005810980665163087,0,0.0005810980665163087,0.5574125973956512,False,False,False
03,524,573,186,0.00723852775990963,0.5391978674421409,0.007436746164638275,0.0,0.0037183730823191377,0,0.0037183730823191377,0.5574125973956512,False,False,False
03,525,573,186,0.0070180767215788364,0.46088291126459,0.00013708405103552953,0.0,6.854202551776476e-05,0,6.854202551776476e-05,0.5574125973956512,False,False,False
03,526,573,186,0.006824565585702658,0.5594733228321006,0.0,0.0,0.0,0,0.0,0.5574125973956512,False,False,False
03,527,573,186,0.006810758728533983,0.7516054767963161,0.0,0.0,0.0,0,0.0,0.5574125973956512,False,False,False
03,528,573,187,0.00640800129622221,0.47106102831293534,0.0,0.0,0.0,0,0.0,0.5574125973956512,False,False,False
03,529,573,187,0.007103022187948227,0.5152469808958366,0.0029498319848806744,0.0,0.0014749159924403372,0,0.0014749159924403372,0.5574125973956512,False,False,False
03,530,573,187,0.00648830272257328,0.6512783230340469,0.0,0.0,0.0,0,0.0,0.5574125973956512,False,False,False
03,531,573,187,0.006918639410287142,0.8502362777171922,0.0,0.005263834287817307,0.0026319171439086533,0,0.0026319171439086533,0.5574125973956512,False,False,False
03,532,573,189,0.007103677373379469,0.8589603780443481,0.002971526744433792,0.006122586709394983,0.004547056726914387,0,0.004547056726914387,0.5574125973956512,False,False,False
03,533,573,189,0.007824800908565521,0.5952986792681462,0.02684965491694063,0.0,0.013424827458470316,0,0.013424827458470316,0.5574125973956512,False,False,False
03,534,573,189,0.0072288308292627335,0.47445373399571894,0.00711565755558773,0.0,0.003557828777793865,0,0.003557828777793865,0.5574125973956512,False,False,False
03,535,573,190,0.007152989506721497,0.6735732460923289,0.0046043696388165,0.0,0.00230218481940825,0,0.00230218481940825,0.5574125973956512,False,False,False
03,536,573,190,0.006983994040638208,0.4013893937558066,0.0,0.0,0.0,0,0.0,0.5574125973956512,False,False,False
03,537,573,190,0.006387672387063503,0.39109010864736216,0.0,0.0,0.0,0,0.0,0.5574125973956512,False,False,False
03,538,573,190,0.0063527836464345455,0.5049880851407577,0.0,0.0,0.0,0,0.0,0.5574125973956512,False,False,False
03,539,573,191,0.006440567318350077,0.40821519447473387,0.0,0.0,0.0,0,0.0,0.5574125973956512,False,False,False
03,540,573,191,0.006996273994445801,0.36390807383173884,0.0,0.0,0.0,0,0.0,0.5574125973956512,False,False,False
03,541,573,191,0.007174920290708542,0.4998990266165863,0.0053305504461467175,0.0,0.0026652752230733588,0,0.0026652752230733588,0.5574125973956512,False,False,False
03,542,573,193,0.007336213253438473,1.2263419362656,0.01067134692479027,0.042285605351379416,0.026478476138084843,0,0.026478476138084843,0.5574125973956512,False,False,False
03,543,573,193,0.0067772711627185345,0.8777010380063819,0.0,0.007967314133524337,0.0039836570667621685,0,0.0039836570667621685,0.5574125973956512,False,False,False
03,544,573,193,0.007607452105730772,0.62086513994911,0.019652715254043548,0.0,0.009826357627021774,0,0.009826357627021774,0.5574125973956512,False,False,False
03,545,573,193,0.00751377921551466,0.4643563956541045,0.016550981404388505,0.0,0.008275490702194252,0,0.008275490702194252,0.5574125973956512,False,False,False
03,546,573,193,0.006783595774322748,0.4472716991800929,0.0,0.0,0.0,0,0.0,0.5574125973956512,False,False,False
03,547,573,194,0.007212691009044647,0.5817278565370172,0.006581229434684355,0.0,0.0032906147173421777,0,0.0032906147173421777,0.5574125973956512,False,False,False
03,548,573,194,0.006463483441621065,0.41669695868169415,0.0,0.0,0.0,0,0.0,0.5574125973956512,False,False,False
03,549,573,195,0.006040652748197317,0.7416293065148009,0.0,0.0,0.0,0,0.0,0.5574125973956512,False,False,False
03,550,573,195,0.006596224382519722,0.4813603134213798,0.0,0.0,0.0,0,0.0,0.5574125973956512,False,False,False
03,551,573,195,0.006879555061459541,0.3894341451593345,0.0,0.0,0.0,0,0.0,0.5574125973956512,False,False,False
03,552,573,195,0.007398887071758509,0.4896805202148728,0.01274662722543961,0.0,0.006373313612719805,0,0.006373313612719805,0.5574125973956512,False,False,False
03,553,573,195,0.008365029469132423,0.7260390161153523,0.04473791702772753,0.0,0.022368958513863765,0,0.022368958513863765,0.5574125973956512,False,False,False
03,554,573,196,0.008456430397927761,0.3571226624661717,0.047764420790773005,0.0,0.023882210395386502,0,0.023882210395386502,0.5574125973956512,False,False,False
03,555,573,196,0.009015866555273533,0.46928389676481397,0.06628869245525357,0.0,0.033144346227626784,0,0.033144346227626784,0.5574125973956512,False,False,False
03,556,573,196,0.008385301567614079,0.6784199684963047,0.04540917478350963,0.0,0.022704587391754814,0,0.022704587391754814,0.5574125973956512,False,False,False
03,557,573,196,0.009648784063756466,0.9641342542105904,0.08724610772846329,0.016475324236189998,0.051860715982326645,0,0.051860715982326645,0.5574125973956512,False,False,False
03,558,573,196,0.009112927131354809,1.249848539924876,0.06950260070131865,0.04459946604285209,0.05705103337208537,0,0.05705103337208537,0.5574125973956512,False,False,False
03,559,573,196,0.0117640420794487,1.5355628256391618,0.1572873691103849,0.0727236078495142,0.11500548847994956,0,0.11500548847994956,0.5574125973956512,False,False,False
03,560,573,196,0.012158196419477463,1.7736580637344,0.1703387637629369,0.0961603926883993,0.1332495782256681,0,0.1332495782256681,0.5574125973956512,False,False,False
03,561,573,196,0.012911844998598099,2.011753301829638,0.1952938740751073,0.11959717752728437,0.15744552580119583,0,0.15744552580119583,0.5574125973956512,False,False,False
03,562,573,196,0.011852254159748554,2.249848539924876,0.16020828245877528,0.14303396236616947,0.1516211224124724,0,0.1516211224124724,0.5574125973956512,False,False,False
03,563,573,196,0.010256413370370865,2.392705682782019,0.10736617004339896,0.1570960332695005,0.13223110165644975,0,0.13223110165644975,0.5574125973956512,False,False,False
03,564,573,196,0.011017689481377602,2.535562825639162,0.13257384621305338,0.1711581041728316,0.15186597519294248,0,0.15186597519294248,0.5574125973956512,False,False,False
03,565,573,196,0.011027630418539047,2.678419968496305,0.13290301446247765,0.18522017507616265,0.15906159476932014,0,0.15906159476932014,0.5574125973956512,False,False,False
03,566,573,196,0.01108044944703579,2.8212771113534476,0.13465197905849116,0.19928224597949368,0.16696711251899243,0,0.16696711251899243,0.5574125973956512,False,False,False
03,567,573,196,0.0112068522721529,2.9641342542105904,0.1388374794786579,0.21334431688282476,0.17609089818074133,0,0.17609089818074133,0.5574125973956512,False,False,False
03,568,573,196,0.0095764035359025,3.0593723494486857,0.08484941501638202,0.22271903081837877,0.1537842229173804,0,0.1537842229173804,0.5574125973956512,False,False,False
03,569,573,196,0.01043582521378994,3.1546104446867806,0.11330692607727477,0.23209374475393277,0.17270033541560376,0,0.17270033541560376,0.5574125973956512,False,False,False
03,570,573,196,0.010037079453468323,3.2022294923058285,0.10010349849707975,0.23678110172170985,0.16844230010939482,0,0.16844230010939482,0.5574125973956512,False,False,False
03,571,573,196,0.009925340302288532,3.249848539924876,0.09640354745738754,0.24146845868948685,0.1689360030734372,0,0.1689360030734372,0.5574125973956512,False,False,False
03,572,573,196,0.009422375820577145,3.297467587543924,0.07974918828795008,0.24615581565726385,0.16295250197260697,0,0.16295250197260697,0.5574125973956512,False,False,False
04,35,578,11,0.027073318138718605,0.3554263096247833,0.664214182804272,0.0,0.332107091402136,1,0.332107091402136,0.5574125973956512,False,False,False
04,36,578,11,0.027415920048952103,0.4454945676319722,0.6755585529787811,0.0,0.33777927648939055,1,0.33777927648939055,0.5574125973956512,False,False,False
04,37,578,12,0.027542980387806892,0.40825558382810134,0.679765825254306,0.0,0.339882912627153,1,0.339882912627153,0.5574125973956512,False,False,False
04,38,578,12,0.027339497581124306,0.3265479219677682,0.6730280219490586,0.0,0.3365140109745293,1,0.3365140109745293,0.5574125973956512,False,False,False
04,39,578,13,0.0270304623991251,0.6157760814249352,0.6627951265774117,0.0,0.33139756328870584,1,0.33139756328870584,0.5574125973956512,False,False,False
04,40,578,13,0.02730148285627365,0.35720344117290603,0.6717692633201473,0.0,0.33588463166007365,1,0.33588463166007365,0.5574125973956512,False,False,False
04,41,578,13,0.028084009885787964,0.30267781412819617,0.6976806083220448,0.0,0.3488403041610224,1,0.3488403041610224,0.5574125973956512,False,False,False
04,42,578,14,0.028910407796502113,0.47800799709196506,0.7250446233218232,0.0,0.3625223116609116,1,0.3625223116609116,0.5574125973956512,False,False,False
04,43,578,14,0.029347917065024376,0.2619249565814453,0.7395316035418474,0.0,0.3697658017709237,1,0.3697658017709237,0.5574125973956512,False,False,False
04,44,578,14,0.028511395677924156,0.31964134254210597,0.7118323759815255,0.0,0.35591618799076274,1,0.35591618799076274,0.5574125973956512,False,False,False
04,45,578,14,0.029261965304613113,0.5831818732582101,0.7366855348010412,0.0,0.3683427674005206,1,0.3683427674005206,0.5574125973956512,False,False,False
04,46,578,14,0.02812868356704712,0.8688961589724958,0.6991598609535217,0.007100610300636028,0.35313023562707885,1,0.35313023562707885,0.5574125973956512,False,False,False
04,47,578,14,0.028477851301431656,1.1546104446867815,0.7107216412983923,0.035224752107298134,0.37297319670284523,1,0.37297319670284523,0.5574125973956512,False,False,False
04,48,578,14,0.028317004442214966,1.4403247304010673,0.7053956163760046,0.06334889391396024,0.3843722551449824,1,0.3843722551449824,0.5574125973956512,False,False,False
04,49,578,15,0.02922922559082508,0.8195807585120557,0.7356014444281481,0.0022462736953299087,0.368923859061739,1,0.368923859061739,0.5574125973956512,False,False,False
04,50,578,15,0.02840344049036503,1.042368431681409,0.7082577210442701,0.02417626609079905,0.36621699356753457,1,0.36621699356753457,0.5574125973956512,False,False,False
04,51,578,15,0.030580291524529457,1.249848539924876,0.780338474854117,0.04459946604285209,0.4124689704484845,1,0.4124689704484845,0.5574125973956512,False,False,False
04,52,578,15,0.029760492965579033,1.4879437780201141,0.7531929802042937,0.06803625088173718,0.4106146155430154,1,0.4106146155430154,0.5574125973956512,False,False,False
04,53,578,18,0.03150901570916176,1.1311038410275043,0.8110907579727583,0.03291089141582532,0.42200082469429184,1,0.42200082469429184,0.5574125973956512,False,False,False
04,54,578,18,0.03027079440653324,0.845349165959853,0.7700902836747396,0.004782773903507855,0.38743652878912377,1,0.38743652878912377,0.5574125973956512,False,False,False
04,55,578,18,0.03153920918703079,0.6667070560200328,0.8120905363732019,0.0,0.40604526818660097,1,0.40604526818660097,0.5574125973956512,False,False,False
04,56,578,18,0.03059265948832035,0.6173108768528611,0.78074800777077,0.0,0.390374003885385,1,0.390374003885385,0.5574125973956512,False,False,False
04,57,578,18,0.03009786084294319,0.6785007472030377,0.7643640390089541,0.0,0.38218201950447706,1,0.38218201950447706,0.5574125973956512,False,False,False
04,58,578,18,0.02942575141787529,0.7499091239549264,0.7421088854677781,0.0,0.37105444273388904,1,0.37105444273388904,0.5574125973956512,False,False,False
04,59,578,18,0.030354246497154236,0.8859404660931393,0.7728535823591983,0.008778358087236494,0.3908159702232174,1,0.3908159702232174,0.5574125973956512,False,False,False
04,60,578,18,0.03288948908448219,1.0389757259986274,0.8568015392553716,0.023842306815741187,0.4403219230355564,1,0.4403219230355564,0.5574125973956512,False,False,False
04,61,578,23,0.031799398362636566,3.512056221979886,0.8207060234306458,0.2672787398046763,0.5439923816176611,1,0.5439923816176611,0.5574125973956512,False,False,False
04,62,578,23,0.03206220269203186,3.0681772284825723,0.8294081044963698,0.22358573465126716,0.5264969195738185,1,0.5264969195738185,0.5574125973956512,False,False,False
04,63,578,24,0.029627742245793343,3.5596752695989333,0.7487972857811219,0.2719660967724533,0.5103816912767876,1,0.5103816912767876,0.5574125973956512,False,False,False
04,64,578,24,0.030960213392972946,3.1174926289430105,0.7929185982692977,0.2284400712565731,0.5106793347629354,1,0.5106793347629354,0.5574125973956512,False,False,False
04,65,578,24,0.030638180673122406,2.739932953673412,0.7822553232753007,0.19127517478941486,0.48676524903235774,1,0.48676524903235774,0.5574125973956512,False,False,False
04,66,578,24,0.030200617387890816,2.4252998909487467,0.7677665544325982,0.16030442773344972,0.464035491083024,1,0.464035491083024,0.5574125973956512,False,False,False
04,67,578,24,0.03021625056862831,2.1429783109172433,0.7682842065063135,0.13251424520184557,0.45039922585407954,1,0.45039922585407954,0.5574125973956512,False,False,False
04,68,578,24,0.03241054713726044,1.8929682135789012,0.8409426237645597,0.10790462719460231,0.47442362547958106,1,0.47442362547958106,0.5574125973956512,False,False,False
04,69,578,24,0.02952820621430874,1.675269598933722,0.7455014092750822,0.08647557371172013,0.41598849149340117,1,0.41598849149340117,0.5574125973956512,False,False,False
04,70,578,25,0.029404954984784126,1.7262813522355505,0.7414202657366891,0.09149688995455493,0.416458577845622,1,0.416458577845622,0.5574125973956512,False,False,False
04,71,578,25,0.029924489557743073,1.5102790904317631,0.758623300331811,0.07023481610920179,0.4144290582205064,1,0.4144290582205064,0.5574125973956512,False,False,False
04,72,578,25,0.028422608971595764,1.3588997940142984,0.7088924353884383,0.05533387131257049,0.3821131533505044,1,0.3821131533505044,0.5574125973956512,False,False,False
04,73,578,25,0.029257992282509804,1.2704471101417678,0.7365539785192308,0.04662707592713232,0.39159052722318155,1,0.39159052722318155,0.5574125973956512,False,False,False
04,74,578,25,0.030306663364171982,1.3571630518195412,0.7712779908096775,0.05516291596938611,0.41322045338953184,1,0.41322045338953184,0.5574125973956512,False,False,False
04,75,578,25,0.029937397688627243,1.4761904761904763,0.7590507194752456,0.06687932053600086,0.41296502000562324,1,0.41296502000562324,0.5574125973956512,False,False,False
04,76,578,27,0.02982989139854908,1.2296134738882818,0.7554909286092122,0.04260763750947087,0.3990492830593415,1,0.3990492830593415,0.5574125973956512,False,False,False
04,77,578,27,0.030176077038049698,1.1003271537622679,0.76695396464692,0.029881403706371525,0.39841768417664575,1,0.39841768417664575,0.5574125973956512,False,False,False
04,78,578,27,0.03148505464196205,1.0679752817157397,0.8102973496233872,0.026696863476355116,0.41849710654987116,1,0.41849710654987116,0.5574125973956512,False,False,False
04,79,578,27,0.030991826206445694,1.127468799224523,0.7939653742725259,0.032553077906834656,0.4132592260896803,1,0.4132592260896803,0.5574125973956512,False,False,False
04,80,578,27,0.031572215259075165,1.251585282119632,0.8131834465061977,0.04477042138603635,0.428976933946117,1,0.428976933946117,0.5574125973956512,False,False,False
04,81,578,27,0.0317874439060688,1.4403247304010667,0.8203101827289773,0.06334889391396017,0.4418295383214687,1,0.4418295383214687,0.5574125973956512,False,False,False
04,82,578,27,0.03163541480898857,1.6308009208772571,0.8152761350396369,0.08209832178506825,0.4486872284123526,1,0.4486872284123526,0.5574125973956512,False,False,False
04,83,578,29,0.032936904579401016,0.7040268185306353,0.8583715799069257,0.0,0.42918578995346285,1,0.42918578995346285,0.5574125973956512,False,False,False
04,84,578,29,0.0314631462097168,0.6376671109495538,0.8095719089357859,0.0,0.40478595446789295,1,0.40478595446789295,0.5574125973956512,False,False,False
04,85,578,37,0.03234517574310303,7.226341936265599,0.8387780202641298,0.6328925832912835,0.7358353017777066,1,0.7358353017777066,0.5574125973956512,True,False,False
04,86,578,37,0.031013036146759987,6.639605799911142,0.7946676862185994,0.5751375072345433,0.6849025967265714,1,0.6849025967265714,0.5574125973956512,True,False,False
04,87,578,37,0.03174952417612076,6.085181146249848,0.8190545696089137,0.5205629957021641,0.6698087826555389,1,0.6698087826555389,0.5574125973956512,True,True,True
04,88,578,37,0.03130581974983215,5.563067975281715,0.8043624528706984,0.4691690486941459,0.6367657507824221,1,0.6367657507824221,0.5574125973956512,True,True,False
04,89,578,37,0.0325714573264122,5.073266287006744,0.846270745692846,0.4209556662104886,0.6336132059516673,1,0.6336132059516673,0.5574125973956512,True,True,False
04,90,578,37,0.032554078847169876,4.6157760814249365,0.8456953026036332,0.37592284825119243,0.6108090754274128,1,0.6108090754274128,0.5574125973956512,True,True,False
04,91,578,37,0.03381224349141121,4.238216406155338,0.887356148729755,0.3387579517840343,0.6130570502568946,1,0.6130570502568946,0.5574125973956512,True,True,False
04,92,578,37,0.031125910580158234,3.8929682135789005,0.7984052291728548,0.304773619841237,0.551589424507046,1,0.551589424507046,0.5574125973956512,False,False,False
04,93,578,37,0.030272889882326126,3.580031503695626,0.7701596698993232,0.2739698524228008,0.522064761161062,1,0.522064761161062,0.5574125973956512,False,False,False
04,94,578,37,0.031007664278149605,3.2994062765055143,0.7944898107770892,0.24634664952872562,0.5204182301529074,1,0.5204182301529074,0.5574125973956512,False,False,False
04,95,578,37,0.03215011954307556,3.051092532008564,0.8323192420966744,0.22190401115901137,0.5271116266278428,1,0.5271116266278428,0.5574125973956512,False,False,False
04,96,578,37,0.03173711895942688,2.8350902702047756,0.8186438031593791,0.20064193731365815,0.5096428702365187,1,0.5096428702365187,0.5574125973956512,False,False,False
04,97,578,37,0.03214970976114273,2.7466375863322448,0.8323056732349781,0.19193514192821995,0.512120407581599,1,0.512120407581599,0.5574125973956512,False,False,False
04,98,578,37,0.0330270417034626,2.6904963851528754,0.8613562360669668,0.1864089110671427,0.5238825735670547,1,0.5238825735670547,0.5574125973956512,False,False,False
04,99,578,37,0.03181527927517891,2.6666666666666674,0.8212318784980228,0.18406324473042637,0.5026475616142246,1,0.5026475616142246,0.5574125973956512,False,False,False
04,100,578,37,0.03390078991651535,2.675148430873622,0.8902881330357566,0.1848981429180711,0.5375931379769139,1,0.5375931379769139,0.5574125973956512,False,False,False
04,101,578,37,0.03272802010178566,2.7159416777737397,0.851454914333863,0.1889136056300769,0.5201842599819699,1,0.5201842599819699,0.5574125973956512,False,False,False
04,102,578,37,0.03384660184383392,2.789046407367019,0.8884938361063486,0.19610963286644367,0.5423017344863961,1,0.5423017344863961,0.5574125973956512,False,False,False
04,103,578,37,0.03215571865439415,2.8944626196534595,0.8325046420887616,0.20648622462717134,0.5194954333579664,1,0.5194954333579664,0.5574125973956512,False,False,False
04,104,578,37,0.033112768083810806,3.1274284098711584,0.8641948419338401,0.2294180948478141,0.5468064683908271,1,0.5468064683908271,0.5574125973956512,False,False,False
04,105,578,37,0.03354146331548691,3.3927056827820197,0.878389968274105,0.25553052959281797,0.5669602489334615,1,0.5669602489334615,0.5574125973956512,True,False,False
04,106,578,40,0.03277286887168884,1.658063734399612,0.8529399645698829,0.08478192310249778,0.4688609438361903,1,0.4688609438361903,0.5574125973956512,False,False,False
04,107,578,40,0.03230923041701317,1.5475180742356318,0.8375877843867849,0.07390041672352778,0.45574410055515635,1,0.45574410055515635,0.5574125973956512,False,False,False
04,108,578,40,0.033155765384435654,1.4692838967648132,0.8656185855856501,0.06619947486891872,0.4659090302272844,1,0.4659090302272844,0.5574125973956512,False,False,False
04,109,578,40,0.03365379944443703,1.4233612019871562,0.882109686678223,0.061679097538670624,0.4718943921084468,1,0.4718943921084468,0.5574125973956512,False,False,False
04,110,578,40,0.032614100724458694,1.4097499899026618,0.8476827707822819,0.06033928473278356,0.45401102775753277,1,0.45401102775753277,0.5574125973956512,False,False,False
04,111,578,40,0.03267708793282509,1.42845026051133,0.8497684281782968,0.06218003645125756,0.4559742323147772,1,0.4559742323147772,0.5574125973956512,False,False,False
04,112,578,40,0.030285201966762543,1.47946201381316,0.770567352516654,0.06720135269409251,0.41888435260537327,1,0.41888435260537327,0.5574125973956512,False,False,False
04,113,578,40,0.030969595536589622,1.5627852498081514,0.7932292635254997,0.0754032334612884,0.43431624849339406,1,0.43431624849339406,0.5574125973956512,False,False,False
04,114,578,40,0.03051605448126793,1.6784199684963053,0.7782114324299284,0.08678567875284532,0.43249855559138684,1,0.43249855559138684,0.5574125973956512,False,False,False
04,115,578,42,0.029902420938014984,0.82648733793772,0.7578925554528194,0.002926119362412161,0.3804093374076158,1,0.3804093374076158,0.5574125973956512,False,False,False
04,116,578,42,0.031235817819833755,0.7533422189910753,0.8020445212331,0.0,0.40102226061655,1,0.40102226061655,0.5574125973956512,False,False,False
04,117,578,42,0.03190656006336212,0.7448200654307536,0.8242544041175255,0.0,0.41212720205876274,1,0.41212720205876274,0.5574125973956512,False,False,False
04,118,578,42,0.031551774591207504,0.8009208772567562,0.8125066070141268,0.00040949768251159193,0.4064580523483192,1,0.4064580523483192,0.5574125973956512,False,False,False
04,119,578,42,0.0318131148815155,0.921644654469083,0.8211602102376085,0.012292881886655354,0.41672654606213194,1,0.41672654606213194,0.5574125973956512,False,False,False
04,120,578,42,0.0319853313267231,1.1069913970677339,0.8268627093954255,0.03053739513952111,0.4287000522674733,1,0.4287000522674733,0.5574125973956512,False,False,False
04,121,578,42,0.03254460543394089,1.345086635162972,0.8453816151918716,0.0539741799784062,0.4496778975851389,1,0.4496778975851389,0.5574125973956512,False,False,False
04,122,578,42,0.0323948971927166,1.5831818732582101,0.8404244166010478,0.07741096481729129,0.45891769070916955,1,0.45891769070916955,0.5574125973956512,False,False,False
04,123,578,52,0.03240964561700821,7.702532412456075,0.8409127722688278,0.6797661529690537,0.7603394626189408,1,0.7603394626189408,0.5574125973956512,True,False,False
04,124,578,52,0.03150584548711777,7.020558180863524,0.810985784324544,0.6126363629767595,0.7118110736506518,1,0.7118110736506518,0.5574125973956512,True,False,False
04,125,578,52,0.03191858530044556,6.370895431964135,0.8246525885316689,0.5486871375088264,0.6866698630202477,1,0.6866698630202477,0.5574125973956512,True,True,True
04,126,578,52,0.030957233160734177,5.753544165757906,0.7928199156387788,0.48791847656525394,0.6403691961020164,1,0.6403691961020164,0.5574125973956512,True,True,False
04,127,578,52,0.030960042029619217,5.311361525101982,0.7929129240180429,0.4443924510493737,0.6186526875337083,1,0.6186526875337083,0.5574125973956512,True,True,False
04,128,578,52,0.03092813491821289,4.901490367139222,0.791856403105051,0.40404699005785455,0.5979516965814528,1,0.5979516965814528,0.5574125973956512,True,True,False
04,129,578,52,0.031133180484175682,4.523930691869624,0.7986459531146766,0.3668820935906964,0.5827640233526865,1,0.5827640233526865,0.5574125973956512,True,True,False
04,130,578,52,0.029779676347970963,4.178682499293187,0.7538281879616144,0.3328977616478991,0.5433629748047568,1,0.5433629748047568,0.5574125973956512,False,False,False
04,131,578,52,0.029433568939566612,3.8657457894099116,0.7423677423429578,0.30209399422946287,0.5222308682862103,1,0.5222308682862103,0.5574125973956512,False,False,False
04,132,578,52,0.029203839600086212,3.5851205622198004,0.7347608534460601,0.2744707913353877,0.5046158223907239,1,0.5046158223907239,0.5574125973956512,False,False,False
04,133,578,52,0.028867362067103386,3.33680681772285,0.7236192760772673,0.25002815296567354,0.48682371452147044,1,0.48682371452147044,0.5574125973956512,False,False,False
04,134,578,52,0.02937144786119461,3.120804555919061,0.7403107645864374,0.22876607912032024,0.4845384218533788,1,0.4845384218533788,0.5574125973956512,False,False,False
04,135,578,52,0.029540391638875008,2.937113776808435,0.745904897880616,0.210684569799328,0.478294733839972,1,0.478294733839972,0.5574125973956512,False,False,False
04,136,578,52,0.029422849416732788,2.8809725756290656,0.7420127932563104,0.20515833893825075,0.4735855660972806,1,0.4735855660972806,0.5574125973956512,False,False,False
04,137,578,52,0.030257245525717735,2.8571428571428577,0.7696416477657436,0.20281267260153438,0.486227160183639,1,0.486227160183639,0.5574125973956512,False,False,False
04,138,578,52,0.03042929247021675,2.865624621349813,0.7753385343489498,0.20364757078917917,0.4894930525690645,1,0.4894930525690645,0.5574125973956512,False,False,False
04,139,578,52,0.02961062267422676,2.9064178682499304,0.7482304157454356,0.207663033501185,0.4779467246233103,1,0.4779467246233103,0.5574125973956512,False,False,False
04,140,578,52,0.031169652938842773,2.9795225978432094,0.7998536434822945,0.21485906073755173,0.5073563521099231,1,0.5073563521099231,0.5574125973956512,False,False,False
04,141,578,52,0.03132707625627518,3.08493881012965,0.8050663067328738,0.22523565249827945,0.5151509796155767,1,0.5151509796155767,0.5574125973956512,False,False,False
04,142,578,52,0.03304590657353401,3.2226665051092533,0.8619808971181508,0.23879280878336812,0.5503868529507595,1,0.5503868529507595,0.5574125973956512,False,False,False
04,143,578,52,0.033921051770448685,3.3927056827820197,0.8909590515699963,0.25553052959281797,0.5732447905814071,1,0.5732447905814071,0.5574125973956512,True,False,False
04,144,578,52,0.03211233392357826,3.3927056827820197,0.8310680696949841,0.25553052959281797,0.543299299643901,1,0.543299299643901,0.5574125973956512,False,False,False
04,145,578,52,0.0327439121901989,3.3927056827820197,0.8519811394611045,0.25553052959281797,0.5537558345269613,1,0.5537558345269613,0.5574125973956512,False,False,False
04,146,578,52,0.03363136202096939,3.3927056827820197,0.8813667298237046,0.25553052959281797,0.5684486297082613,1,0.5684486297082613,0.5574125973956512,True,False,False
04,147,578,53,0.033535752445459366,2.533866472797771,0.8782008676833734,0.17099112453530263,0.524595996109338,1,0.524595996109338,0.5574125973956512,False,False,False
04,148,578,53,0.03223370388150215,2.5185589078718857,0.8350869198228623,0.16948433209188665,0.5022856259573745,1,0.5022856259573745,0.5574125973956512,False,False,False
04,149,578,53,0.03254798427224159,2.5355628256391625,0.8454934966242224,0.17115810417283164,0.508325800398527,1,0.508325800398527,0.5574125973956512,False,False,False
04,150,578,53,0.03272676095366478,2.58318187325821,0.8514132209224688,0.17584546114060864,0.5136293410315388,1,0.5136293410315388,0.5574125973956512,False,False,False
04,151,578,53,0.03219221159815788,2.630800920877258,0.8337130108994644,0.1805328181083857,0.507122914503925,1,0.507122914503925,0.5574125973956512,False,False,False
04,152,578,53,0.031044280156493187,2.6784199684963053,0.7957022502463008,0.1852201750761627,0.49046121266123177,1,0.49046121266123177,0.5574125973956512,False,False,False
04,153,578,56,0.03294437751173973,1.3553859202714151,0.8586190266029515,0.054987984920546046,0.4568035057617488,1,0.4568035057617488,0.5574125973956512,False,False,False
04,154,578,56,0.03328592702746391,1.1972212124883874,0.8699285494735586,0.03941912157379904,0.4546738355236788,1,0.4546738355236788,0.5574125973956512,False,False,False
04,155,578,56,0.032381460070610046,1.0713679873985211,0.8399794812906962,0.02703082275141296,0.4335051520210546,1,0.4335051520210546,0.5574125973956512,False,False,False
04,156,578,56,0.03227939084172249,0.9829153035259904,0.8365997245487155,0.018324027365974785,0.42746187595734514,1,0.42746187595734514,0.5574125973956512,False,False,False
04,157,578,56,0.03374665975570679,0.9590855850397839,0.8851845140919006,0.0159783610292586,0.4505814375605796,1,0.4505814375605796,0.5574125973956512,False,False,False
04,158,578,56,0.03366684168577194,0.9998788319399016,0.8825415465400308,0.01999382374126441,0.45126768514064763,1,0.45126768514064763,0.5574125973956512,False,False,False
04,159,578,56,0.03322985768318176,1.098509632860779,0.8680719591336356,0.02970249695187637,0.44888722804275594,1,0.44888722804275594,0.5574125973956512,False,False,False
04,160,578,56,0.03170280531048775,1.2294519164748179,0.8175075960222433,0.04259173468684926,0.4300496653545463,1,0.4300496653545463,0.5574125973956512,False,False,False
04,161,578,56,0.0329175740480423,1.3927056827820197,0.8577314996947232,0.05866153694618322,0.4581965183204532,1,0.4581965183204532,0.5574125973956512,False,False,False
04,162,578,56,0.032365597784519196,1.5831818732582101,0.8394542429897599,0.07741096481729129,0.4584326039035256,1,0.4584326039035256,0.5574125973956512,False,False,False
04,163,578,58,0.03144921362400055,0.6479260067046335,0.8091105676381105,0.0,0.40455528381905526,1,0.40455528381905526,0.5574125973956512,False,False,False
04,164,578,58,0.0320594348013401,0.6325780524253818,0.8293164530032755,0.0,0.41465822650163775,1,0.41465822650163775,0.5574125973956512,False,False,False
04,165,578,58,0.032581716775894165,0.7039864291772705,0.846610460648407,0.0,0.4233052303242035,1,0.4233052303242035,0.5574125973956512,False,False,False
04,166,578,58,0.03217437490820885,0.840017771315482,0.8331223953558093,0.00425798075698837,0.41869018805639885,1,0.41869018805639885,0.5574125973956512,False,False,False
04,167,578,58,0.03156952187418938,1.040672078840018,0.8130942620788663,0.024009286453270086,0.41855177426606816,1,0.41855177426606816,0.5574125973956512,False,False,False
04,168,578,58,0.03234091401100159,1.2498485399248769,0.8386369041024879,0.04459946604285218,0.44161818507267003,1,0.44161818507267003,0.5574125973956512,False,False,False
04,169,578,58,0.03123553656041622,1.4879437780201148,0.8020352080598447,0.06803625088173725,0.435035729470791,1,0.435035729470791,0.5574125973956512,False,False,False
04,170,578,58,0.031824953854084015,1.726039016115353,0.8215522269873444,0.09147303572062233,0.4565126313539834,1,0.4565126313539834,0.5574125973956512,False,False,False
04,171,578,58,0.031412143260240555,1.964134254210591,0.8078830790677448,0.11490982055950744,0.46139644981362615,1,0.46139644981362615,0.5574125973956512,False,False,False
04,172,578,58,0.03071451187133789,2.202229492305829,0.7847828321494634,0.1383466053983925,0.46156471877392796,1,0.46156471877392796,0.5574125973956512,False,False,False
04,173,578,58,0.030479734763503075,2.440324730401067,0.7770087995471245,0.16178339023727759,0.4693960948922011,1,0.4693960948922011,0.5574125973956512,False,False,False
04,174,578,58,0.030559757724404335,2.5355628256391625,0.7796585515298425,0.17115810417283164,0.4754083278513371,1,0.4754083278513371,0.5574125973956512,False,False,False
04,175,578,58,0.031028123572468758,2.630800920877258,0.7951672670356008,0.1805328181083857,0.48785004257199327,1,0.48785004257199327,0.5574125973956512,False,False,False
04,176,578,71,0.030741995200514793,9.654913364837027,0.785692871032779,0.8719477886479114,0.8288203298403451,1,0.8288203298403451,0.5574125973956512,True,False,False
04,177,578,71,0.03142319992184639,8.972939133244475,0.8082491916269695,0.8048179986556172,0.8065335951412933,1,0.8065335951412933,0.5574125973956512,True,False,False
04,178,578,71,0.03002171404659748,8.323276384345087,0.7618426361225547,0.7408687731876841,0.7513557046551194,1,0.7513557046551194,0.5574125973956512,True,True,True
04,179,578,71,0.0297253280878067,7.705925118138858,0.752028586840816,0.6801001122441117,0.7160643495424639,1,0.7160643495424639,0.5574125973956512,True,True,False
04,180,578,71,0.030105777084827423,7.120885334625792,0.7646261647462697,0.6225120158249005,0.6935690902855851,1,0.6935690902855851,0.5574125973956512,True,True,False
04,181,578,71,0.030760034918785095,6.568157033805887,0.7862902093306381,0.56810448393005,0.677197346630344,1,0.677197346630344,0.5574125973956512,True,True,False
04,182,578,71,0.030932020395994186,6.047740215679146,0.7919850605845898,0.5168775165595607,0.6544312885720753,1,0.6544312885720753,0.5574125973956512,True,True,False
04,183,578,71,0.03115559183061123,5.559634880245565,0.799388046496178,0.4688311137134324,0.6341095801048052,1,0.6341095801048052,0.5574125973956512,True,True,False
04,184,578,71,0.03073497861623764,5.199079122743243,0.7854605351145513,0.4333399893272192,0.6094002622208852,1,0.6094002622208852,0.5574125973956512,True,True,False
04,185,578,71,0.031447671353816986,4.870834847934082,0.809059499376817,0.40102942946536685,0.6050444644210919,1,0.6050444644210919,0.5574125973956512,True,True,False
04,186,578,71,0.031818900257349014,4.574902055818084,0.8213517778941032,0.37189943412787557,0.5966256060109894,1,0.5966256060109894,0.5574125973956512,True,True,False
04,187,578,71,0.032710034400224686,4.311280746395248,0.8508593646586821,0.3459500033147453,0.5984046839867136,1,0.5984046839867136,0.5574125973956512,True,True,False
04,188,578,71,0.03322359174489975,4.079970919665574,0.8678644789029698,0.32318113702597606,0.595522807964473,1,0.595522807964473,0.5574125973956512,True,True,False
04,189,578,71,0.03211859613656998,3.8809725756290625,0.8312754265723619,0.3035928352615678,0.5674341309169648,1,0.5674341309169648,0.5574125973956512,True,True,False
04,190,578,71,0.03363645821809769,3.714285714285713,0.8815354771218917,0.2871850980215206,0.5843602875717062,1,0.5843602875717062,0.5574125973956512,True,True,False
04,191,578,71,0.03330647945404053,3.579910335635525,0.8706090895642739,0.2739579253058343,0.5722835074350541,1,0.5722835074350541,0.5574125973956512,True,True,False
04,192,578,71,0.03287031501531601,3.4778464396785,0.8561666398812713,0.26391131711450905,0.5600389784978902,1,0.5600389784978902,0.5574125973956512,True,True,False
04,193,578,71,0.03563550114631653,3.408094026414636,0.9477285784884107,0.2570452734475447,0.6023869259679777,1,0.6023869259679777,0.5574125973956512,True,True,False
04,194,578,71,0.03566092625260353,3.3706530958439354,0.9485704646800242,0.25335979430494143,0.6009651294924828,1,0.6009651294924828,0.5574125973956512,True,True,False
04,195,578,71,0.03618931025266647,3.3655236479663957,0.966066525011143,0.2528548796866991,0.609460702348921,1,0.609460702348921,0.5574125973956512,True,True,False
04,196,578,71,0.03577813878655434,3.392705682782019,0.9524516525383286,0.25553052959281786,0.6039910910655732,1,0.6039910910655732,0.5574125973956512,True,True,False
04,197,578,71,0.03414469212293625,3.392705682782019,0.8983643195174152,0.25553052959281786,0.5769474245551165,1,0.5769474245551165,0.5574125973956512,True,True,False
04,198,578,71,0.03482817858457565,3.392705682782019,0.9209961940005967,0.25553052959281786,0.5882633617967072,1,0.5882633617967072,0.5574125973956512,True,True,False
04,199,578,71,0.03540370985865593,3.392705682782019,0.9400534135465229,0.25553052959281786,0.5977919715696705,1,0.5977919715696705,0.5574125973956512,True,True,False
04,200,578,71,0.03599077835679054,3.392705682782019,0.959492658225845,0.25553052959281786,0.6075115939093314,1,0.6075115939093314,0.5574125973956512,True,True,False
04,201,578,74,0.035713568329811096,1.658063734399614,0.9503135699948506,0.08478192310249798,0.5175477465486743,1,0.5175477465486743,0.5574125973956512,False,False,False
04,202,578,74,0.03346297889947891,1.5475180742356325,0.8757911611993924,0.07390041672352785,0.4748457889614601,1,0.4748457889614601,0.5574125973956512,False,False,False
04,203,578,74,0.03413745015859604,1.4692838967648139,0.8981245207252545,0.06619947486891879,0.48216199779708663,1,0.48216199779708663,0.5574125973956512,False,False,False
04,204,578,74,0.033282432705163956,1.4233612019871569,0.8698128440892753,0.06167909753867069,0.465745970813973,1,0.465745970813973,0.5574125973956512,False,False,False
04,205,578,74,0.03274700418114662,1.4097499899026624,0.8520835226902678,0.060339284732783625,0.4562114037115257,1,0.4562114037115257,0.5574125973956512,False,False,False
04,206,578,74,0.032623451203107834,1.4284502605113294,0.8479923875355346,0.0621800364512575,0.45508621199339605,1,0.45508621199339605,0.5574125973956512,False,False,False
04,207,578,74,0.033492572605609894,1.4794620138131593,0.8767710797204441,0.06720135269409244,0.47198621620726827,1,0.47198621620726827,0.5574125973956512,False,False,False
04,208,578,74,0.032526228576898575,1.5627852498081505,0.8447731134214351,0.07540323346128831,0.4600881734413617,1,0.4600881734413617,0.5574125973956512,False,False,False
04,209,578,74,0.03317948430776596,1.6784199684963046,0.8664039759712916,0.08678567875284525,0.47659482736206843,1,0.47659482736206843,0.5574125973956512,False,False,False
04,210,578,74,0.03431379795074463,1.8212771113534476,0.9039638186796282,0.10084774965617632,0.5024057841679023,1,0.5024057841679023,0.5574125973956512,False,False,False
04,211,578,74,0.03307214379310608,1.9641342542105904,0.8628496743265807,0.11490982055950737,0.488879747443044,1,0.488879747443044,0.5574125973956512,False,False,False
04,212,578,74,0.03312864899635315,2.106991397067733,0.8647206970012171,0.1289718914628384,0.49684629423202775,1,0.49684629423202775,0.5574125973956512,False,False,False
04,213,578,74,0.03317460045218468,2.249848539924876,0.8662422598105288,0.14303396236616947,0.5046381110883491,1,0.5046381110883491,0.5574125973956512,False,False,False
04,214,578,74,0.033859655261039734,2.392705682782019,0.8889260660280209,0.1570960332695005,0.5230110496487608,1,0.5230110496487608,0.5574125973956512,False,False,False
04,215,578,74,0.03394651040434837,2.535562825639162,0.8918020479412032,0.1711581041728316,0.5314800760570174,1,0.5314800760570174,0.5574125973956512,False,False,False
04,216,578,74,0.03485424071550369,2.678419968496305,0.9218591736044837,0.18522017507616265,0.5535396743403231,1,0.5535396743403231,0.5574125973956512,False,False,False
04,217,578,76,0.03504978120326996,1.3842239185750653,0.9283339876993983,0.05782663875853853,0.49308031322896845,1,0.49308031322896845,0.5574125973956512,False,False,False
04,218,578,76,0.03754667192697525,1.4641544488872744,1.0110120224940828,0.06569456025067648,0.5383532913723796,1,0.5383532913723796,0.5574125973956512,False,False,False
04,219,578,76,0.03614707663655281,1.5763964618926463,0.9646680687834034,0.0767430462671755,0.5207055575252895,1,0.5207055575252895,0.5574125973956512,False,False,False
04,220,578,76,0.03553827479481697,1.7209499575911795,0.944509181021023,0.09097209680803545,0.5177406389145293,1,0.5177406389145293,0.5574125973956512,False,False,False
04,221,578,76,0.03556826710700989,1.8978149359828758,0.9455022983439065,0.10838171187325647,0.5269420051085815,1,0.5269420051085815,0.5574125973956512,False,False,False
04,222,578,76,0.035730451345443726,1.9641342542105904,0.9508726070967397,0.11490982055950737,0.5328912138281235,1,0.5328912138281235,0.5574125973956512,False,False,False
04,223,578,76,0.03434629365801811,2.0593723494486857,0.9050398294121476,0.12428453449506141,0.5146621819536045,1,0.5146621819536045,0.5574125973956512,False,False,False
04,224,578,76,0.035051338374614716,2.1546104446867806,0.9283855493738444,0.1336592484306154,0.5310223989022299,1,0.5310223989022299,0.5574125973956512,False,False,False
04,225,578,76,0.03458249196410179,2.249848539924876,0.912860921293915,0.14303396236616947,0.5279474418300423,1,0.5279474418300423,0.5574125973956512,False,False,False
04,226,578,76,0.03409916162490845,2.3450866351629713,0.8968566956296643,0.1524086763017235,0.5246326859656939,1,0.5246326859656939,0.5574125973956512,False,False,False
04,227,578,76,0.034070514142513275,2.4403247304010667,0.8959081088438022,0.16178339023727756,0.5288457495405399,1,0.5288457495405399,0.5574125973956512,False,False,False
04,228,578,76,0.03363431245088577,2.535562825639162,0.8814644256279182,0.1711581041728316,0.5263112649003748,1,0.5263112649003748,0.5574125973956512,False,False,False
04,229,578,76,0.03431594371795654,2.630800920877257,0.9040348701736017,0.1805328181083856,0.5422838441409936,1,0.5422838441409936,0.5574125973956512,False,False,False
04,230,578,77,0.03331755846738815,1.8671998061311048,0.8709759422432275,0.10536812698642445,0.48817203461482594,1,0.48817203461482594,0.5574125973956512,False,False,False
04,231,578,77,0.03484183922410011,1.9471303364433137,0.9214485305082373,0.11323604847856238,0.5173422894933998,1,0.5173422894933998,0.5574125973956512,False,False,False
04,232,578,77,0.03457338362932205,2.0593723494486857,0.912559322504392,0.12428453449506141,0.5184219284997267,1,0.5184219284997267,0.5574125973956512,False,False,False
04,233,578,77,0.03550193831324577,2.2022294923058285,0.9433059930484226,0.13834660539839247,0.5408262992234075,1,0.5408262992234075,0.5574125973956512,False,False,False
04,234,578,76,0.03465815633535385,3.297467587543924,0.9153663499294992,0.24615581565726385,0.5807610827933816,1,0.5807610827933816,0.5574125973956512,True,False,False
04,235,578,76,0.03529913350939751,3.392705682782019,0.9365906400416182,0.25553052959281786,0.596060584817218,1,0.596060584817218,0.5574125973956512,True,False,False
04,236,578,76,0.03384702280163765,3.487943778020114,0.8885077750279093,0.26490524352837197,0.5767065092781407,1,0.5767065092781407,0.5574125973956512,True,True,True
04,237,578,76,0.03682269528508186,3.5831818732582095,0.9870394211220153,0.27427995746392597,0.6306596892929706,1,0.6306596892929706,0.5574125973956512,True,True,False
04,238,578,76,0.036130499094724655,3.5831818732582095,0.9641191466511426,0.27427995746392597,0.6191995520575343,1,0.6191995520575343,0.5574125973956512,True,True,False
04,239,578,76,0.03691307082772255,3.5831818732582095,0.9900319718924979,0.27427995746392597,0.632155964678212,1,0.632155964678212,0.5574125973956512,True,True,False
04,240,578,76,0.03664262220263481,3.5831818732582095,0.9810767698794931,0.27427995746392597,0.6276783636717096,1,0.6276783636717096,0.5574125973956512,True,True,False
04,241,578,76,0.037640444934368134,3.5831818732582095,1.014117071463357,0.27427995746392597,0.6441985144636415,1,0.6441985144636415,0.5574125973956512,True,True,False
04,242,578,76,0.03889893740415573,3.5831818732582095,1.0557887726788358,0.27427995746392597,0.6650343650713808,1,0.6650343650713808,0.5574125973956512,True,True,False
04,243,578,76,0.03654024749994278,3.5831818732582095,0.9776868981678842,0.27427995746392597,0.6259834278159051,1,0.6259834278159051,0.5574125973956512,True,True,False
04,244,578,83,0.03757146745920181,3.083484793408457,1.0118330619799993,0.2250925270946831,0.6184627945373412,1,0.6184627945373412,0.5574125973956512,True,True,False
04,245,578,86,0.03700167313218117,5.607294317217981,0.9929658064978218,0.473522446386865,0.7332441264423435,1,0.7332441264423435,0.5574125973956512,True,True,False
04,246,578,86,0.0359712578356266,5.163415323720666,0.9588462869959469,0.42982944123345573,0.6943378641147013,1,0.6943378641147013,0.5574125973956512,True,True,False
04,247,578,89,0.03980575501918793,7.5120562219798845,1.0858156767865197,0.6610167250979456,0.8734162009422326,1,0.8734162009422326,0.5574125973956512,True,True,False
04,248,578,89,0.04008188843727112,6.925320085625428,1.0949591159172392,0.6032616490412054,0.8491103824792223,1,0.8491103824792223,0.5574125973956512,True,True,False
04,249,578,89,0.04004193842411041,6.370895431964135,1.0936362752551345,0.5486871375088264,0.8211617063819805,1,0.8211617063819805,0.5574125973956512,True,True,False
04,250,578,89,0.0410161130130291,5.848782260996,1.1258935301658317,0.4972931905008079,0.8115933603333199,1,0.8115933603333199,0.5574125973956512,True,True,False
04,251,578,89,0.040208641439676285,5.406599620340077,1.099156211546492,0.4537671649849277,0.7764616882657098,1,0.7764616882657098,0.5574125973956512,True,True,False
04,252,578,89,0.04283706098794937,4.996728462377315,1.1861894808858353,0.4134217039934084,0.7998055924396219,1,0.7998055924396219,0.5574125973956512,True,True,False
04,253,578,89,0.04276973009109497,4.619168787107717,1.1839599935558394,0.3762568075262502,0.7801084005410448,1,0.7801084005410448,0.5574125973956512,True,True,False
04,254,578,89,0.04037240520119667,4.279009653055452,1.1045788220934998,0.3427734144960397,0.7236761182947697,1,0.7236761182947697,0.5574125973956512,True,True,False
04,255,578,89,0.04133348539471626,3.9558544367704656,1.136402490196355,0.3109637935467744,0.7236831418715647,1,0.7236831418715647,0.5574125973956512,True,True,False
04,256,578,89,0.04408084228634834,3.692233127347629,1.2273740599664158,0.2850143627336441,0.75619421135003,1,0.75619421135003,0.5574125973956512,True,True,False
04,257,578,89,0.04248938336968422,3.4609233006179556,1.174677041856224,0.2622454964448748,0.7184612691505494,1,0.7184612691505494,0.5574125973956512,True,True,False
04,258,578,89,0.044545236974954605,3.2619249565814434,1.2427512808670076,0.2426571946804666,0.7427042377737371,1,0.7427042377737371,0.5574125973956512,True,True,False
04,259,578,89,0.0427919365465641,3.095238095238094,1.1846953025064926,0.2262494574404193,0.7054723799734559,1,0.7054723799734559,0.5574125973956512,True,True,False
04,260,578,89,0.044006384909152985,2.960862716587906,1.2249085977961918,0.213022284724733,0.7189654412604624,1,0.7189654412604624,0.5574125973956512,True,True,False
04,261,578,89,0.0425223782658577,2.8587988206308808,1.1757695819293554,0.20297567653340776,0.6893726292313815,1,0.6893726292313815,0.5574125973956512,True,True,False
04,262,578,89,0.04295032471418381,2.7992245244153637,1.1899399142587024,0.19711151069161725,0.6935257124751598,1,0.6935257124751598,0.5574125973956512,True,True,False
04,263,578,89,0.041432809084653854,2.794095076537824,1.1396913355649703,0.1966065960733749,0.6681489658191726,1,0.6681489658191726,0.5574125973956512,True,True,False
04,264,578,89,0.04300041124224663,2.8212771113534476,1.191598399217859,0.19928224597949368,0.6954403225986763,1,0.6954403225986763,0.5574125973956512,True,True,False
04,265,578,89,0.04315098375082016,3.106991397067733,1.1965842157715332,0.22740638778615577,0.7119953017788445,1,0.7119953017788445,0.5574125973956512,True,True,False
04,266,578,89,0.04479477182030678,3.249848539924876,1.2510139775203468,0.24146845868948685,0.7462412181049168,1,0.7462412181049168,0.5574125973956512,True,True,False
04,267,578,92,0.04335768148303032,1.658063734399614,1.2034284729644527,0.08478192310249798,0.6441051980334753,1,0.6441051980334753,0.5574125973956512,True,True,False
04,268,578,92,0.04287935793399811,1.5475180742356325,1.1875900341194734,0.07390041672352785,0.6307452254215006,1,0.6307452254215006,0.5574125973956512,True,True,False
04,269,578,92,0.04103677347302437,1.4692838967648139,1.1265776475019034,0.06619947486891879,0.5963885611854111,1,0.5963885611854111,0.5574125973956512,True,True,False
04,270,578,92,0.04193061962723732,1.4233612019871569,1.1561750354602542,0.06167909753867069,0.6089270664994625,1,0.6089270664994625,0.5574125973956512,True,True,False
04,271,578,89,0.044498927891254425,3.9641342542105904,1.2412178761420336,0.31177881320614215,0.7764983446740878,1,0.7764983446740878,0.5574125973956512,True,True,False
04,272,578,89,0.04402230307459831,3.9641342542105904,1.2254356863964502,0.31177881320614215,0.7686072498012961,1,0.7686072498012961,0.5574125973956512,True,True,False
04,273,578,89,0.04253232479095459,3.9641342542105904,1.176098935208712,0.31177881320614215,0.743938874207427,1,0.743938874207427,0.5574125973956512,True,True,False
04,274,578,89,0.04108826816082001,3.9641342542105904,1.12828276000398,0.31177881320614215,0.720030786605061,1,0.720030786605061,0.5574125973956512,True,True,False
04,275,578,89,0.04090321436524391,3.9641342542105904,1.1221551854152032,0.31177881320614215,0.7169669993106726,1,0.7169669993106726,0.5574125973956512,True,True,False
04,276,578,89,0.04232574626803398,3.9641342542105904,1.169258625321013,0.31177881320614215,0.7405187192635776,1,0.7405187192635776,0.5574125973956512,True,True,False
04,277,578,95,0.04260503128170967,1.9201098590411578,1.1785064213335061,0.11057630139506558,0.6445413613642859,1,0.6445413613642859,0.5574125973956512,True,True,False
04,278,578,95,0.04139154776930809,1.7364190799305304,1.1383250745454376,0.09249479207407323,0.6154099333097555,1,0.6154099333097555,0.5574125973956512,True,True,False
04,279,578,95,0.04103318601846695,1.6173512662062286,1.1264588582854163,0.080774411801803,0.6036166350436096,1,0.6036166350436096,0.5574125973956512,True,True,False
04,280,578,95,0.04063888639211655,1.557817359344077,1.1134026528546266,0.07491422166566782,0.5941584372601472,1,0.5941584372601472,0.5574125973956512,True,True,False
04,281,578,95,0.04083818569779396,1.5305949351750883,1.120001930417283,0.07223459605389372,0.5961182632355884,1,0.5961182632355884,0.5574125973956512,True,True,False
04,282,578,95,0.0426890067756176,1.535683993699261,1.1812870511549496,0.07273553496648054,0.627011293060715,1,0.627011293060715,0.5574125973956512,True,True,False
04,283,578,95,0.040993474423885345,1.5730845349165965,1.1251439122337532,0.07641703840342844,0.6007804753185908,1,0.6007804753185908,0.5574125973956512,True,True,False
04,284,578,95,0.04135139659047127,1.6427965588270932,1.136995572805773,0.08327910636473723,0.6101373395852552,1,0.6101373395852552,0.5574125973956512,True,True,False
04,285,578,107,0.039830926805734634,10.893008602932266,1.086649174954539,0.993819069810114,1.0402341223823266,1,1.0402341223823266,0.5574125973956512,True,True,False
04,286,578,107,0.04150009900331497,10.068177228482572,1.1419194660087966,0.9126272089144888,1.0272733374616427,1,1.0272733374616427,0.5574125973956512,True,True,False
04,287,578,107,0.040862828493118286,9.27565733672604,1.1208179124183855,0.8346159125432245,0.977716912480805,1,0.977716912480805,0.5574125973956512,True,True,False
04,288,578,107,0.040309805423021317,8.65830607051981,1.1025059934394525,0.773847251599652,0.9381766225195523,1,0.9381766225195523,0.5574125973956512,True,True,False
04,289,578,107,0.04200635105371475,8.073266287006746,1.158682684455025,0.7162591551804409,0.937470919817733,1,0.937470919817733,0.5574125973956512,True,True,False
04,290,578,107,0.0411316379904747,7.52053798618684,1.129718838984605,0.6618516232855903,0.8957852311350976,1,0.8957852311350976,0.5574125973956512,True,True,False
04,291,578,89,0.040842365473508835,10.82127711135345,1.1201403328065858,0.9867582165660329,1.0534492746863093,1,1.0534492746863093,0.5574125973956512,True,True,False
04,292,578,89,0.0419674851000309,10.82127711135345,1.1573957395997718,0.9867582165660329,1.0720769780829023,1,1.0720769780829023,0.5574125973956512,True,True,False
04,293,578,89,0.041591331362724304,10.82127711135345,1.1449403880355533,0.9867582165660329,1.0658493023007931,1,1.0658493023007931,0.5574125973956512,True,True,False
04,294,578,107,0.04961121082305908,7.581727856537016,1.4104978138274065,0.6678748173535991,1.0391863155905028,1,1.0391863155905028,0.5574125973956512,True,True,False
04,295,578,107,0.05797456204891205,6.950765378246293,1.687428412786551,0.6057663436041396,1.1465973781953454,1,1.1465973781953454,0.5574125973956512,True,True,False
04,296,578,107,0.054395392537117004,6.3521143826487325,1.5689135340123883,0.5468384343790413,1.0578759841957148,1,1.0578759841957148,0.5574125973956512,True,True,False
04,297,578,107,0.05089307203888893,5.785774869744334,1.4529433102194407,0.491091089678304,0.9720171999488724,1,0.9720171999488724,0.5574125973956512,True,True,False
04,298,578,107,0.05016341060400009,5.5374611252473835,1.4287824717296584,0.46664845130858973,0.9477154615191241,1,0.9477154615191241,0.5574125973956512,True,True,False
04,299,578,105,0.04911210760474205,5.511935053919785,1.3939713103411349,0.4641358053343445,0.9290535578377397,1,0.9290535578377397,0.5574125973956512,True,True,False
04,300,578,105,0.049473125487565994,5.423482370047255,1.405925477495606,0.4554290099489064,0.9306772437222562,1,0.9306772437222562,0.5574125973956512,True,True,False
04,301,578,105,0.04653673246502876,5.367341168867886,1.3086944684717379,0.4499027790878291,0.8792986237797835,1,0.8792986237797835,0.5574125973956512,True,True,False
04,302,578,105,0.0486556813120842,5.343511450381679,1.3788579421238927,0.44755711275111293,0.9132075274375028,1,0.9132075274375028,0.5574125973956512,True,True,False
04,303,578,107,0.06459096074104309,4.838402197180823,1.9065132273881857,0.39783693782403967,1.1521750826061128,1,1.1521750826061128,0.5574125973956512,True,True,False
04,304,578,107,0.05600481480360031,4.654711418070197,1.6222053616780319,0.37975542850304744,1.0009803950905396,0,1.0009803950905396,0.5574125973956512,True,True,False
04,305,578,107,0.02010483108460903,4.506724827335515,0.43347087887985825,0.3651884429814741,0.3993296609306662,0,0.3993296609306662,0.5574125973956512,False,False,False
04,306,578,107,0.01856355369091034,4.316248636859324,0.38243549123767095,0.34643901511036607,0.36443725317401854,0,0.36443725317401854,0.5574125973956512,False,False,False
04,307,578,107,0.015383479185402393,4.158083929076295,0.277135604414467,0.33087015176361895,0.30400287808904297,0,0.30400287808904297,0.5574125973956512,False,False,False
04,308,578,107,0.01533748209476471,4.032230703986429,0.27561253052737544,0.3184818529412329,0.29704719173430416,0,0.29704719173430416,0.5574125973956512,False,False,False
04,309,578,109,0.013404297642409801,3.4948907467991446,0.21160016110371171,0.2655890649011096,0.23859461300241067,0,0.23859461300241067,0.5574125973956512,False,False,False
04,310,578,109,0.012197798117995262,3.2057837554020767,0.17165007089259954,0.23713096381938958,0.20439051735599456,0,0.20439051735599456,0.5574125973956512,False,False,False
04,311,578,109,0.012574025429785252,2.955773658063735,0.18410785868425894,0.21252134581214632,0.19831460224820263,0,0.19831460224820263,0.5574125973956512,False,False,False
04,312,578,109,0.012769196182489395,2.401308615049073,0.19057042996532494,0.15794285857411158,0.17425664426971826,0,0.17425664426971826,0.5574125973956512,False,False,False
04,313,578,109,0.011484770104289055,1.9437780201138983,0.1480400048344004,0.11290606490915994,0.1304730348717802,0,0.1304730348717802,0.5574125973956512,False,False,False
04,314,578,109,0.010900085791945457,1.5831818732582095,0.1286797062594934,0.07741096481729123,0.10304533553839232,0,0.10304533553839232,0.5574125973956512,False,False,False
04,315,578,109,0.010841529816389084,1.6784199684963046,0.1267407775997312,0.08678567875284525,0.10676322817628822,0,0.10676322817628822,0.5574125973956512,False,False,False
04,316,578,109,0.011780433356761932,1.7736580637344,0.1578301235782383,0.0961603926883993,0.1269952581333188,0,0.1269952581333188,0.5574125973956512,False,False,False
04,317,578,110,0.01115650124847889,1.0100569489882476,0.1371702364360428,0.02099570156643812,0.07908296900124046,0,0.07908296900124046,0.5574125973956512,False,False,False
04,318,578,111,0.011349748820066452,0.6394038531443125,0.14356912658210214,0.0,0.07178456329105107,0,0.07178456329105107,0.5574125973956512,False,False,False
04,319,578,111,0.011752704158425331,0.5594329334787366,0.15691194337790496,0.0,0.07845597168895248,0,0.07845597168895248,0.5574125973956512,False,False,False
04,320,578,112,0.011591906659305096,0.6037804434750997,0.15158755288658515,0.0,0.07579377644329258,0,0.07579377644329258,0.5574125973956512,False,False,False
04,321,578,112,0.012073430232703686,0.5118946645664199,0.16753195220608394,0.0,0.08376597610304197,0,0.08376597610304197,0.5574125973956512,False,False,False
04,322,578,112,0.011173154227435589,0.5492548164303885,0.1377216564723886,0.0,0.0688608282361943,0,0.0688608282361943,0.5574125973956512,False,False,False
04,323,578,112,0.010926214046776295,0.7175572519083974,0.12954487538424495,0.0,0.06477243769212247,0,0.06477243769212247,0.5574125973956512,False,False,False
04,324,578,112,0.0107180867344141,0.896118583141484,0.12265328136699845,0.009780235912410075,0.06621675863970426,0,0.06621675863970426,0.5574125973956512,False,False,False
04,325,578,112,0.010578814893960953,1.1069913970677332,0.11804165701292271,0.030537395139521042,0.07428952607622188,0,0.07428952607622188,0.5574125973956512,False,False,False
04,326,578,112,0.010745471343398094,1.3450866351629713,0.12356005138817806,0.05397417997840614,0.0887671156832921,0,0.0887671156832921,0.5574125973956512,False,False,False
04,327,578,114,0.010520732961595058,0.5935619370733876,0.11611842505907742,0.0,0.05805921252953871,0,0.05805921252953871,0.5574125973956512,False,False,False
04,328,578,114,0.01090922299772501,0.5356839936992609,0.12898226103699964,0.0,0.06449113051849982,0,0.06449113051849982,0.5574125973956512,False,False,False
04,329,578,114,0.010828702710568905,0.6087483339391746,0.12631604139031388,0.0,0.06315802069515694,0,0.06315802069515694,0.5574125973956512,False,False,False
04,330,578,114,0.01105507928878069,0.6971606284583386,0.13381191232787784,0.0,0.06690595616393892,0,0.06690595616393892,0.5574125973956512,False,False,False
04,331,578,114,0.011282035149633884,0.8501958883638281,0.14132696470174888,0.0052598585821620825,0.07329341164195548,0,0.07329341164195548,0.5574125973956512,False,False,False
04,332,578,114,0.01134437695145607,1.0593723494486855,0.14339125114059198,0.02585003817174402,0.084620644656168,0,0.084620644656168,0.5574125973956512,False,False,False
04,333,578,114,0.01089922059327364,1.2974675875439237,0.12865105745832092,0.049286823010629116,0.08896894023447502,0,0.08896894023447502,0.5574125973956512,False,False,False
04,334,578,117,0.012043177150189877,1.3215800315036954,0.16653020015302997,0.05166031928693346,0.10909525971998171,0,0.10909525971998171,0.5574125973956512,False,False,False
04,335,578,117,0.010992434807121754,0.9814208974514307,0.13173760343437266,0.01817692625672299,0.07495726484554782,0,0.07495726484554782,0.5574125973956512,False,False,False
04,336,578,117,0.011495091021060944,0.721151904358011,0.14838175511921584,0.0,0.07419087755960792,0,0.07419087755960792,0.5574125973956512,False,False,False
04,337,578,117,0.013933044858276844,0.5901288420372385,0.22910824838042496,0.0,0.11455412419021248,0,0.11455412419021248,0.5574125973956512,False,False,False
04,338,578,119,0.012539051473140717,1.750151460075124,0.1829497871767988,0.09384653199692662,0.13839815958686272,0,0.13839815958686272,0.5574125973956512,False,False,False
04,339,578,119,0.013299812562763691,1.4015105618159045,0.20814040975436668,0.059528240779071415,0.13383432526671904,0,0.13383432526671904,0.5574125973956512,False,False,False
04,340,578,119,0.01198623701930046,1.08857385193263,0.16464477598200217,0.028724473360635196,0.09668462467131868,0,0.09668462467131868,0.5574125973956512,False,False,False
04,341,578,119,0.012788444757461548,0.8878791550547259,0.19120779640518826,0.008969191958697853,0.10008849418194306,0,0.10008849418194306,0.5574125973956512,False,False,False
04,342,578,119,0.01267973706126213,0.7602891877701025,0.18760822410372688,0.0,0.09380411205186344,0,0.09380411205186344,0.5574125973956512,False,False,False
04,343,578,121,0.01203215029090643,1.8930086029322668,0.16616507442011041,0.10790860290025767,0.13703683866018404,0,0.13703683866018404,0.5574125973956512,False,False,False
04,344,578,121,0.01166636310517788,1.500141362736782,0.15405298421848718,0.06923691398968337,0.11164494910408528,0,0.11164494910408528,0.5574125973956512,False,False,False
04,345,578,121,0.012292331084609032,1.1718970879276212,0.17478028393265588,0.03692635412783106,0.10585331903024348,0,0.10585331903024348,0.5574125973956512,False,False,False
04,346,578,121,0.013486182317137718,0.9150611898703492,0.21431155889218187,0.01164484186481661,0.11297820037849923,0,0.11297820037849923,0.5574125973956512,False,False,False
04,347,578,121,0.012164239771664143,0.7551597398925629,0.17053887363463582,0.0,0.08526943681731791,0,0.08526943681731791,0.5574125973956512,False,False,False
04,348,578,121,0.011848852038383484,0.7874308332323589,0.16009563006837366,0.0,0.08004781503418683,0,0.08004781503418683,0.5574125973956512,False,False,False
04,349,578,121,0.012153827585279942,0.9132436689688583,0.17019410119426076,0.011465935110321252,0.09083001815229101,0,0.09083001815229101,0.5574125973956512,False,False,False
04,350,578,121,0.014255627058446407,1.096894058726119,0.23978971798442392,0.02954346872565812,0.13466659335504103,0,0.13466659335504103,0.5574125973956512,False,False,False
04,351,578,121,0.012134885415434837,1.3128559311765409,0.1695668805623477,0.05080156686535592,0.11018422371385181,0,0.11018422371385181,0.5574125973956512,False,False,False
04,352,578,121,0.01225750707089901,1.5611292863201256,0.1736271773950437,0.07524022952941477,0.12443370346222923,0,0.12443370346222923,0.5574125973956512,False,False,False
04,353,578,125,0.012039810419082642,1.988246698170362,0.16641871961886576,0.1172833168358117,0.14185101822733873,0,0.14185101822733873,0.5574125973956512,False,False,False
04,354,578,125,0.012588351033627987,1.4967486570539996,0.184582213753834,0.06890295471462544,0.1267425842342297,0,0.1267425842342297,0.5574125973956512,False,False,False
04,355,578,125,0.011815562844276428,1.1872046528535074,0.15899334508547866,0.03843314657124715,0.09871324582836291,0,0.09871324582836291,0.5574125973956512,False,False,False
04,356,578,125,0.011510969139635563,0.9524617310876847,0.14890751767162677,0.0153263453017645,0.08211693148669563,0,0.08211693148669563,0.5574125973956512,False,False,False
04,357,578,125,0.011543529108166695,0.814653257401349,0.1499856562483667,0.0017612376053649055,0.0758734469268658,0,0.0758734469268658,0.5574125973956512,False,False,False
04,358,578,126,0.011455864645540714,1.00351387374288,0.14708287583333418,0.020351637250254788,0.08371725654179449,0,0.08371725654179449,0.5574125973956512,False,False,False
04,359,578,126,0.011283890344202518,0.8419160709237032,0.14138839463924682,0.0044448389227943735,0.0729166167810206,0,0.0729166167810206,0.5574125973956512,False,False,False
04,360,578,126,0.011836170218884945,0.7772527161840121,0.15967570463719413,0.0,0.07983785231859707,0,0.07983785231859707,0.5574125973956512,False,False,False
04,361,578,126,0.011580530554056168,0.8078274566824177,0.1512108627829017,0.001089343349593571,0.07615010306624763,0,0.07615010306624763,0.5574125973956512,False,False,False
04,362,578,126,0.011044727638363838,0.9030251625671462,0.13346914437843518,0.010460081579492119,0.07196461297896366,0,0.07196461297896366,0.5574125973956512,False,False,False
04,363,578,126,0.011175350286066532,1.0628458338382,0.13779437323575214,0.026191948858112792,0.08199316104693247,0,0.08199316104693247,0.5574125973956512,False,False,False
04,364,578,126,0.011555258184671402,1.1801769053677447,0.15037403407610225,0.037741373787198634,0.09405770393165044,0,0.09405770393165044,0.5574125973956512,False,False,False
04,365,578,126,0.010498316958546638,1.329819459590452,0.11537617748596586,0.05247136324064554,0.0839237703633057,0,0.0839237703633057,0.5574125973956512,False,False,False
04,366,578,126,0.010955894365906715,1.5117734965063208,0.13052766186924608,0.07038191721845338,0.10045478954384973,0,0.10045478954384973,0.5574125973956512,False,False,False
04,367,578,126,0.010656285099685192,1.7260390161153523,0.12060688115493688,0.09147303572062228,0.10603995843777958,0,0.10603995843777958,0.5574125973956512,False,False,False
04,368,578,127,0.010676157660782337,1.1818732582091365,0.12126490927056505,0.03790835342472767,0.07958663134764636,0,0.07958663134764636,0.5574125973956512,False,False,False
04,369,578,127,0.010311420075595379,1.3502160830405108,0.10918757385787767,0.05447909459664844,0.08183333422726305,0,0.08183333422726305,0.5574125973956512,False,False,False
04,370,578,127,0.010174294002354145,1.5831818732582095,0.10464700099777548,0.07741096481729123,0.09102898290753336,0,0.09102898290753336,0.5574125973956512,False,False,False
04,371,578,128,0.010195797309279442,1.1733914940021815,0.10535902701529065,0.03707345523708291,0.07121624112618678,0,0.07121624112618678,0.5574125973956512,False,False,False
04,372,578,129,0.010417270474135876,1.0594531281554194,0.11269253418732914,0.025857989583055015,0.06927526188519208,0,0.06927526188519208,0.5574125973956512,False,False,False
04,373,578,129,0.011427167803049088,1.0713275980451578,0.14613265461640423,0.02702684704575781,0.08657975083108102,0,0.08657975083108102,0.5574125973956512,False,False,False
04,374,578,129,0.01126639824360609,1.045801526717558,0.14080918927474556,0.024514201071512455,0.082661695173129,0,0.082661695173129,0.5574125973956512,False,False,False
04,375,578,129,0.011613682843744755,1.115513550628055,0.15230861453245723,0.03137626903282128,0.09184244178263926,0,0.09184244178263926,0.5574125973956512,False,False,False
04,376,578,131,0.011016437783837318,1.0000000000000013,0.13253239950823548,0.0200057508582308,0.07626907518323314,0,0.07626907518323314,0.5574125973956512,False,False,False
04,377,578,131,0.010854815132915974,0.8418352922169736,0.1271806862635908,0.004436887511483794,0.0658087868875373,0,0.0658087868875373,0.5574125973956512,False,False,False
04,378,578,131,0.010492944158613682,0.7193747728098869,0.11519827120613368,0.0,0.05759913560306684,0,0.05759913560306684,0.5574125973956512,False,False,False
04,379,578,131,0.010243909433484077,0.6139181711700782,0.10695213473172852,0.0,0.05347606736586426,0,0.05347606736586426,0.5574125973956512,False,False,False
04,380,578,131,0.011170887388288975,0.5849590048063321,0.13764659599655024,0.0,0.06882329799827512,0,0.06882329799827512,0.5574125973956512,False,False,False
04,381,578,131,0.010969771072268486,0.680156710691062,0.13098715286759924,0.0,0.06549357643379962,0,0.06549357643379962,0.5574125973956512,False,False,False
04,382,578,132,0.011461378075182438,0.4540974998990269,0.14726543869979394,0.0,0.07363271934989697,0,0.07363271934989697,0.5574125973956512,False,False,False
04,383,578,132,0.010309701785445213,0.41661617997495914,0.10913067715371917,0.0,0.054565338576859586,0,0.054565338576859586,0.5574125973956512,False,False,False
04,384,578,132,0.010970414616167545,0.5339068621511368,0.1310084621481269,0.0,0.06550423107406345,0,0.06550423107406345,0.5574125973956512,False,False,False
04,385,578,133,0.010342130437493324,0.4337412658023349,0.11020446752705186,0.0,0.05510223376352593,0,0.05510223376352593,0.5574125973956512,False,False,False
04,386,578,133,0.01056759711354971,0.38943414515933583,0.11767020942398554,0.0,0.05883510471199277,0,0.05883510471199277,0.5574125973956512,False,False,False
04,387,578,133,0.011164957657456398,0.5305141564683546,0.13745024840013986,0.0,0.06872512420006993,0,0.06872512420006993,0.5574125973956512,False,False,False
04,388,578,133,0.010552513413131237,0.8212771113534475,0.11717075196027227,0.002413253332858939,0.059792002646565603,0,0.059792002646565603,0.5574125973956512,False,False,False
04,389,578,134,0.010783201083540916,0.40130861504907367,0.12480937349054608,0.0,0.06240468674527304,0,0.06240468674527304,0.5574125973956512,False,False,False
04,390,578,134,0.010548217222094536,0.5389959206753115,0.11702849478071502,0.0,0.05851424739035751,0,0.05851424739035751,0.5574125973956512,False,False,False
04,391,578,134,0.010265258140861988,0.8212771113534482,0.10765904158778554,0.0024132533328590044,0.055036147460322274,0,0.055036147460322274,0.5574125973956512,False,False,False
04,392,578,134,0.01092288363724947,1.1069913970677339,0.12943459754464018,0.03053739513952111,0.07998599634208065,0,0.07998599634208065,0.5574125973956512,False,False,False
04,393,578,136,0.010797735303640366,0.6820550102992865,0.12529063634425744,0.0,0.06264531817212872,0,0.06264531817212872,0.5574125973956512,False,False,False
04,394,578,137,0.010621626861393452,1.1889010056948979,0.11945926383864731,0.03860012620877605,0.07902969502371168,0,0.07902969502371168,0.5574125973956512,False,False,False
04,395,578,137,0.01059006154537201,0.8827497071771878,0.11841406058984304,0.00846427734045568,0.06343916896514935,0,0.06343916896514935,0.5574125973956512,False,False,False
04,396,578,138,0.010073729790747166,1.3691990791227429,0.10131707898420672,0.05634767625471046,0.07883237761945859,0,0.07883237761945859,0.5574125973956512,False,False,False
04,397,578,138,0.010813900269567966,1.0698735813239628,0.1258258970998558,0.026883721642161306,0.07635480937100855,0,0.07635480937100855,0.5574125973956512,False,False,False
04,398,578,138,0.01119096390902996,0.8351710489115056,0.13831137770470456,0.003780896078334012,0.07104613689151928,0,0.07104613689151928,0.5574125973956512,False,False,False
04,399,578,139,0.010410679504275322,1.3232763843450859,0.1124742913822724,0.05182729892446236,0.08215079515336737,0,0.08215079515336737,0.5574125973956512,False,False,False
04,400,578,139,0.0108187859877944,1.0120360273032016,0.12598767493726257,0.02119051114355502,0.0735890930404088,0,0.0735890930404088,0.5574125973956512,False,False,False
04,401,578,139,0.010554980486631393,0.7977301183408033,0.11725244267534861,9.541693573063558e-05,0.05867392980553962,0,0.05867392980553962,0.5574125973956512,False,False,False
04,402,578,139,0.011132786981761456,0.6803586574578934,0.13638500024201147,0.0,0.06819250012100574,0,0.06819250012100574,0.5574125973956512,False,False,False
04,403,578,141,0.01098864059895277,1.750151460075124,0.1316119681103934,0.09384653199692662,0.11272925005366002,0,0.11272925005366002,0.5574125973956512,False,False,False
04,404,578,141,0.011209623888134956,1.3538915141968582,0.13892925432504039,0.054840883811294525,0.09688506906816746,0,0.09688506906816746,0.5574125973956512,False,False,False
04,405,578,141,0.011384517885744572,0.9984248152187073,0.1447204136587141,0.01985069833766797,0.08228555599819104,0,0.08228555599819104,0.5574125973956512,False,False,False
04,406,578,141,0.011168789118528366,0.7942970233046542,0.13757711725700061,0.0,0.06878855862850031,0,0.06878855862850031,0.5574125973956512,False,False,False
04,407,578,142,0.010804159566760063,1.119188981784401,0.12550335908966953,0.03173805824746723,0.07862070866856838,0,0.07862070866856838,0.5574125973956512,False,False,False
04,408,578,142,0.011088007129728794,0.8011228240235896,0.13490223204182242,0.0004293762107889584,0.06766580412630568,0,0.06766580412630568,0.5574125973956512,False,False,False
04,409,578,142,0.011449449695646763,0.6207843612423763,0.14687046147114247,0.0,0.07343523073557123,0,0.07343523073557123,0.5574125973956512,False,False,False
04,410,578,142,0.011283914558589458,0.6479260067046314,0.1413891964356198,0.0,0.0706945982178099,0,0.0706945982178099,0.5574125973956512,False,False,False
04,411,578,142,0.01052255742251873,0.7992245244153637,0.11617883733194814,0.0002425180449824961,0.05821067768846532,0,0.05821067768846532,0.5574125973956512,False,False,False
04,412,578,142,0.01090574637055397,1.0321903146330622,0.12886714158083504,0.023174388265625262,0.07602076492323015,0,0.07602076492323015,0.5574125973956512,False,False,False
04,413,578,142,0.010972426272928715,1.2974675875439237,0.13107507292372708,0.049286823010629116,0.0901809479671781,0,0.0901809479671781,0.5574125973956512,False,False,False
04,414,578,142,0.011219964362680912,1.5831818732582095,0.13927165221461857,0.07741096481729123,0.1083413085159549,0,0.1083413085159549,0.5574125973956512,False,False,False
04,415,578,144,0.011003866791725159,0.506765216688879,0.13211614383737838,0.0,0.06605807191868919,0,0.06605807191868919,0.5574125973956512,False,False,False
04,416,578,145,0.011077008210122585,0.753503776404542,0.134538031458564,0.0,0.067269015729282,0,0.067269015729282,0.5574125973956512,False,False,False
04,417,578,145,0.010596786625683308,0.5714689607819382,0.11863674411327312,0.0,0.05931837205663656,0,0.05931837205663656,0.5574125973956512,False,False,False
04,418,578,145,0.011034592054784298,0.5203764287733734,0.13313353091970517,0.0,0.06656676545985259,0,0.06656676545985259,0.5574125973956512,False,False,False
04,419,578,145,0.011547974310815334,0.6223595460236676,0.1501328475594499,0.0,0.07506642377972494,0,0.07506642377972494,0.5574125973956512,False,False,False
04,420,578,145,0.011661093682050705,0.7617835938446641,0.15387850099240113,0.0,0.07693925049620057,0,0.07693925049620057,0.5574125973956512,False,False,False
04,421,578,145,0.011103090830147266,0.9556524900036355,0.1354016895055357,0.01564042604854525,0.07552105777704046,0,0.07552105777704046,0.5574125973956512,False,False,False
04,422,578,145,0.011143417097628117,1.1818328688557695,0.13673698884974322,0.037904377719072166,0.0873206832844077,0,0.0873206832844077,0.5574125973956512,False,False,False
04,423,578,145,0.011102011427283287,1.4403247304010667,0.13536594789029469,0.06334889391396017,0.09935742090212743,0,0.09935742090212743,0.5574125973956512,False,False,False
04,424,578,148,0.011359928175807,1.2263419362656,0.1439061894419679,0.042285605351379416,0.09309589739667365,0,0.09309589739667365,0.5574125973956512,False,False,False
04,425,578,148,0.011467388831079006,0.9405872611979489,0.14746446923022155,0.014157487839061955,0.08081097853464175,0,0.08081097853464175,0.5574125973956512,False,False,False
04,426,578,148,0.011492014862596989,0.7517670342097806,0.1482798961415272,0.0,0.0741399480707636,0,0.0741399480707636,0.5574125973956512,False,False,False
04,427,578,148,0.01172222662717104,0.6666666666666653,0.15590275928924005,0.0,0.07795137964462003,0,0.07795137964462003,0.5574125973956512,False,False,False
04,428,578,148,0.011674761772155762,0.6445333010218506,0.15433108420661798,0.0,0.07716554210330899,0,0.07716554210330899,0.5574125973956512,False,False,False
04,429,578,148,0.011707564815878868,0.6870229007633587,0.15541727158540958,0.0,0.07770863579270479,0,0.07770863579270479,0.5574125973956512,False,False,False
04,430,578,148,0.011741270311176777,0.7941354658911897,0.1565333412982552,0.0,0.0782666706491276,0,0.0782666706491276,0.5574125973956512,False,False,False
04,431,578,149,0.010805398225784302,0.6292661254493312,0.1255443740579789,0.0,0.06277218702898946,0,0.06277218702898946,0.5574125973956512,False,False,False
04,432,578,149,0.011320684105157852,0.659840865947738,0.14260672422796752,0.0,0.07130336211398376,0,0.07130336211398376,0.5574125973956512,False,False,False
04,433,578,149,0.011192540638148785,0.7873500545256279,0.1383635869839134,0.0,0.0691817934919567,0,0.0691817934919567,0.5574125973956512,False,False,False
04,434,578,149,0.011081852950155735,1.010097338341613,0.1346984524098011,0.020999677272093464,0.07784906484094728,0,0.07784906484094728,0.5574125973956512,False,False,False
04,435,578,149,0.011133143678307533,1.2974675875439237,0.1363968113193517,0.049286823010629116,0.0928418171649904,0,0.0928418171649904,0.5574125973956512,False,False,False
04,436,578,152,0.011272930540144444,1.3283654428692597,0.14102548926551395,0.0523282378370493,0.09667686355128162,0,0.09667686355128162,0.5574125973956512,False,False,False
04,437,578,152,0.011103681288659573,1.0664404862878165,0.13542124100170724,0.026545786661448165,0.0809835138315777,0,0.0809835138315777,0.5574125973956512,False,False,False
04,438,578,152,0.010690625756978989,0.8691384950926934,0.12174398260341178,0.007124464534568618,0.0644342235689902,0,0.0644342235689902,0.5574125973956512,False,False,False
04,439,578,152,0.011520647443830967,0.7364594692838958,0.14922798951423658,0.0,0.07461399475711829,0,0.07461399475711829,0.5574125973956512,False,False,False
04,440,578,152,0.011268991976976395,0.673492467385598,0.14089507400161894,0.0,0.07044753700080947,0,0.07044753700080947,0.5574125973956512,False,False,False
04,441,578,152,0.01085477601736784,0.7074599135667857,0.12717939105406523,0.0,0.06358969552703261,0,0.06358969552703261,0.5574125973956512,False,False,False
04,442,578,152,0.010052850469946861,0.8383618078274564,0.10062571464245641,0.004094976825114761,0.05236034573378559,0,0.05236034573378559,0.5574125973956512,False,False,False
04,443,578,154,0.010671589523553848,0.9847732137808448,0.12111364730097295,0.018506909826125302,0.06981027856354913,0,0.06981027856354913,0.5574125973956512,False,False,False
04,444,578,154,0.010855126194655895,0.7313300214063564,0.1271909862631512,0.0,0.0635954931315756,0,0.0635954931315756,0.5574125973956512,False,False,False
04,445,578,154,0.011310853064060211,0.6105658548406628,0.14228119490054364,0.0,0.07114059745027182,0,0.07114059745027182,0.5574125973956512,False,False,False
04,446,578,154,0.011525314301252365,0.562906417868247,0.1493825203459646,0.0,0.0746912601729823,0,0.0746912601729823,0.5574125973956512,False,False,False
04,447,578,155,0.010699628852307796,0.7075810816268822,0.12204209666254467,0.0,0.06102104833127234,0,0.06102104833127234,0.5574125973956512,False,False,False
04,448,578,155,0.010662217624485493,0.5749020558180873,0.12080332126631337,0.0,0.06040166063315668,0,0.06040166063315668,0.5574125973956512,False,False,False
04,449,578,155,0.010253654792904854,0.5493355951371208,0.107274826933525,0.0,0.0536374134667625,0,0.0536374134667625,0.5574125973956512,False,False,False
04,450,578,155,0.010403543710708618,0.6513187123874123,0.11223800815882395,0.0,0.05611900407941198,0,0.05611900407941198,0.5574125973956512,False,False,False
04,451,578,157,0.010438312776386738,1.1395856052344597,0.11338929523543594,0.033745789603470126,0.07356754241945303,0,0.07356754241945303,0.5574125973956512,False,False,False
04,452,578,157,0.011354311369359493,0.8368270123995333,0.14372020352176199,0.003943900010207818,0.0738320517659849,0,0.0738320517659849,0.5574125973956512,False,False,False
04,453,578,157,0.011978857219219208,0.6343955733268707,0.16440041311818002,0.0,0.08220020655909001,0,0.08220020655909001,0.5574125973956512,False,False,False
04,454,578,157,0.010737529955804348,0.5612100650268566,0.12329709301616751,0.0,0.061648546508083754,0,0.061648546508083754,0.5574125973956512,False,False,False
04,455,578,157,0.010749297216534615,0.6172704874994936,0.12368673521510658,0.0,0.06184336760755329,0,0.06184336760755329,0.5574125973956512,False,False,False
04,456,578,158,0.011227089911699295,0.4591865584232023,0.13950759621652462,0.0,0.06975379810826231,0,0.06975379810826231,0.5574125973956512,False,False,False
04,457,578,158,0.012658463791012764,0.41322347429217693,0.18690381515175486,0.0,0.09345190757587743,0,0.09345190757587743,0.5574125973956512,False,False,False
04,458,578,158,0.010985812172293663,0.49650632093380004,0.13151831212636667,0.0,0.06575915606318333,0,0.06575915606318333,0.5574125973956512,False,False,False
04,459,578,160,0.011075577698647976,1.2263419362656,0.13449066379591496,0.042285605351379416,0.08838813457364719,0,0.08838813457364719,0.5574125973956512,False,False,False
04,460,578,160,0.010161074809730053,0.882790096530556,0.10420928185478052,0.008468253046111297,0.056338767450445915,0,0.056338767450445915,0.5574125973956512,False,False,False
04,461,578,160,0.010377297177910805,0.6140393392301773,0.1113689225671737,0.0,0.05568446128358685,0,0.05568446128358685,0.5574125973956512,False,False,False
04,462,578,160,0.010697719641029835,0.45409749989902287,0.12197887810236856,0.0,0.06098943905118428,0,0.06098943905118428,0.5574125973956512,False,False,False
04,463,578,160,0.009946811012923717,0.45571307403368233,0.09711449413363141,0.0,0.048557247066815704,0,0.048557247066815704,0.5574125973956512,False,False,False
04,464,578,161,0.010362328961491585,0.5171048911506944,0.11087328905539302,0.0,0.05543664452769651,0,0.05543664452769651,0.5574125973956512,False,False,False
04,465,578,161,0.01061029639095068,0.4013893937558066,0.11908408481274364,0.0,0.05954204240637182,0,0.05954204240637182,0.5574125973956512,False,False,False
04,466,578,161,0.010644284076988697,0.44723130982672743,0.12020949853716649,0.0,0.060104749268583245,0,0.060104749268583245,0.5574125973956512,False,False,False
04,467,578,163,0.009831263683736324,1.2739609838846477,0.0932884451951294,0.04697296231915644,0.07013070375714292,0,0.07013070375714292,0.5574125973956512,False,False,False
04,468,578,163,0.009434264153242111,0.9304091441496036,0.08014283946875397,0.013155610013888321,0.046649224741321146,0,0.046649224741321146,0.5574125973956512,False,False,False
04,469,578,163,0.010918461717665195,0.661658386849225,0.1292881771916079,0.0,0.06464408859580395,0,0.06464408859580395,0.5574125973956512,False,False,False
04,470,578,163,0.010125620290637016,0.4932347833111156,0.10303529777314921,0.0,0.051517648886574605,0,0.051517648886574605,0.5574125973956512,False,False,False
04,471,578,164,0.010126578621566296,0.7450220121975845,0.10306703040652541,0.0,0.05153351520326271,0,0.05153351520326271,0.5574125973956512,False,False,False
04,472,578,164,0.009767204523086548,0.5494163738438571,0.09116729289044984,0.0,0.04558364644522492,0,0.04558364644522492,0.5574125973956512,False,False,False
04,473,578,164,0.009339064359664917,0.45583424209378415,0.07699054619011907,0.0,0.03849527309505953,0,0.03849527309505953,0.5574125973956512,False,False,False
04,474,578,164,0.009966900572180748,0.49997980532331454,0.09777970757829424,0.0,0.04888985378914712,0,0.04888985378914712,0.5574125973956512,False,False,False
04,475,578,164,0.01019878126680851,0.6733712993254961,0.1054578329990976,0.0,0.0527289164995488,0,0.0527289164995488,0.5574125973956512,False,False,False
04,476,578,165,0.01039030123502016,0.42687507573003947,0.11179951805777807,0.0,0.05589975902888904,0,0.05589975902888904,0.5574125973956512,False,False,False
04,477,578,165,0.01029812078922987,0.49824306312856137,0.10874720261918752,0.0,0.05437360130959376,0,0.05437360130959376,0.5574125973956512,False,False,False
04,478,578,165,0.009318220429122448,0.698856981299729,0.07630035370460618,0.0,0.03815017685230309,0,0.03815017685230309,0.5574125973956512,False,False,False
04,479,578,167,0.01015238743275404,0.8997940142978312,0.10392162198681822,0.010142025127056148,0.05703182355693718,0,0.05703182355693718,0.5574125973956512,False,False,False
04,480,578,167,0.009660826064646244,0.642958116240562,0.08764484723240332,0.0,0.04382242361620166,0,0.04382242361620166,0.5574125973956512,False,False,False
04,481,578,167,0.009370973333716393,0.48305666626277294,0.07804712877975505,0.0,0.03902356438987752,0,0.03902356438987752,0.5574125973956512,False,False,False
04,482,578,167,0.009709339588880539,0.4336604870955985,0.0892512462656392,0.0,0.0446256231328196,0,0.0446256231328196,0.5574125973956512,False,False,False
04,483,578,167,0.00983379129320383,0.5390363100286736,0.09337214040113816,0.0,0.04668607020056908,0,0.04668607020056908,0.5574125973956512,False,False,False
04,484,578,168,0.009257364086806774,0.44900844137485696,0.07428525438941229,0.0,0.037142627194706145,0,0.037142627194706145,0.5574125973956512,False,False,False
04,485,578,168,0.009036218747496605,0.42853103921806446,0.06696260230673086,0.0,0.03348130115336543,0,0.03348130115336543,0.5574125973956512,False,False,False
04,486,578,168,0.00933717843145132,0.5611292863201256,0.07692809858799389,0.0,0.038464049293996945,0,0.038464049293996945,0.5574125973956512,False,False,False
04,487,578,168,0.008903742767870426,0.8212771113534475,0.06257600518856003,0.002413253332858939,0.032494629260709486,0,0.032494629260709486,0.5574125973956512,False,False,False
04,488,578,170,0.009847939945757389,0.8504786138373932,0.09384063618952616,0.0052876885217502355,0.0495641623556382,0,0.0495641623556382,0.5574125973956512,False,False,False
04,489,578,171,0.009655933827161789,1.4644371743608382,0.0874828535267423,0.0657223901902645,0.0766026218585034,0,0.0766026218585034,0.5574125973956512,False,False,False
04,490,578,171,0.010072805918753147,1.11579627610162,0.10128648736874589,0.03140409897240943,0.06634529317057766,0,0.06634529317057766,0.5574125973956512,False,False,False
04,491,578,171,0.010584535077214241,0.8079486247425168,0.11823106598687473,0.0011012704665598993,0.05966616822671732,0,0.05966616822671732,0.5574125973956512,False,False,False
04,492,578,171,0.010211743414402008,0.6429581162405592,0.1058870407652103,0.0,0.05294352038260515,0,0.05294352038260515,0.5574125973956512,False,False,False
04,493,578,171,0.010065927170217037,0.5476796316490985,0.1010587155221797,0.0,0.05052935776108985,0,0.05052935776108985,0.5574125973956512,False,False,False
04,494,578,171,0.009758949279785156,0.5595137121854661,0.09089394200391276,0.0,0.04544697100195638,0,0.04544697100195638,0.5574125973956512,False,False,False
04,495,578,171,0.00995437428355217,0.7005937234944849,0.0973649321468949,0.0,0.04868246607344745,0,0.04868246607344745,0.5574125973956512,False,False,False
04,496,578,171,0.010789666324853897,0.9641342542105904,0.1250234531221278,0.016475324236189998,0.07074938867915889,0,0.07074938867915889,0.5574125973956512,False,False,False
04,497,578,172,0.00965360552072525,0.5713881820752074,0.08740575772164949,0.0,0.043702878860824745,0,0.043702878860824745,0.5574125973956512,False,False,False
04,498,578,172,0.010548905469477177,0.7073791348600521,0.11705128430070044,0.0,0.05852564215035022,0,0.05852564215035022,0.5574125973956512,False,False,False
04,499,578,173,0.010286422446370125,0.5339876408578678,0.1083598424560792,0.0,0.0541799212280396,0,0.0541799212280396,0.5574125973956512,False,False,False
04,500,578,173,0.01042222324758768,0.520336039420008,0.11285653238392257,0.0,0.056428266191961285,0,0.056428266191961285,0.5574125973956512,False,False,False
04,501,578,173,0.010073981247842312,0.6359303687547966,0.10132540533115675,0.0,0.050662702665578374,0,0.050662702665578374,0.5574125973956512,False,False,False
04,502,578,173,0.010331353172659874,0.8688961589724952,0.10984760646443825,0.007100610300635962,0.05847410838253711,0,0.05847410838253711,0.5574125973956512,False,False,False
04,503,578,173,0.010080879554152489,1.1546104446867809,0.10155382478248573,0.035224752107298064,0.0683892884448919,0,0.0683892884448919,0.5574125973956512,False,False,False
04,504,578,173,0.010986761189997196,1.4403247304010667,0.1315497363765225,0.06334889391396017,0.09744931514524134,0,0.09744931514524134,0.5574125973956512,False,False,False
04,505,578,173,0.011075960472226143,1.6784199684963046,0.1345033383462722,0.08678567875284525,0.11064450854955873,0,0.11064450854955873,0.5574125973956512,False,False,False
04,506,578,175,0.011592594906687737,0.663233571630519,0.1516103424065706,0.0,0.0758051712032853,0,0.0758051712032853,0.5574125973956512,False,False,False
04,507,578,175,0.010521049611270428,0.7005937234944876,0.11612891008857004,0.0,0.05806445504428502,0,0.05806445504428502,0.5574125973956512,False,False,False
04,508,578,175,0.011041499674320221,0.8621107476069307,0.13336225875425453,0.006432691750520114,0.06989747525238732,0,0.06989747525238732,0.5574125973956512,False,False,False
04,509,578,175,0.011171313934028149,1.006664243305464,0.13766071994804324,0.02066174229138006,0.07916123111971166,0,0.07916123111971166,0.5574125973956512,False,False,False
04,510,578,175,0.011488600634038448,1.1359101740781123,0.1481668428529391,0.033384000388824046,0.09077542162088158,0,0.09077542162088158,0.5574125973956512,False,False,False
04,511,578,175,0.011191216297447681,1.2974675875439237,0.13831973488997662,0.049286823010629116,0.09380327895030287,0,0.09380327895030287,0.5574125973956512,False,False,False
04,512,578,177,0.010524075478315353,0.6020437012803425,0.11622910379686865,0.0,0.05811455189843433,0,0.05811455189843433,0.5574125973956512,False,False,False
04,513,578,177,0.010323694907128811,0.49654671028716824,0.10959402294232698,0.0,0.05479701147116349,0,0.05479701147116349,0.5574125973956512,False,False,False
04,514,578,179,0.011279677040874958,1.750151460075124,0.14124888207035088,0.09384653199692662,0.11754770703363876,0,0.11754770703363876,0.5574125973956512,False,False,False
04,515,578,179,0.011106790974736214,1.4015105618159058,0.1355242101589892,0.059528240779071546,0.09752622546903036,0,0.09752622546903036,0.5574125973956512,False,False,False
04,516,578,179,0.011316179297864437,1.0851811462498477,0.14245755926427395,0.028390514085577266,0.08542403667492561,0,0.08542403667492561,0.5574125973956512,False,False,False
04,517,578,179,0.010884488001465797,0.8113413304252978,0.12816322604201563,0.0014352297416176975,0.06479922789181666,0,0.06479922789181666,0.5574125973956512,False,False,False
04,518,578,179,0.011423368938267231,0.6599216446544663,0.14600686510081481,0.0,0.07300343255040741,0,0.07300343255040741,0.5574125973956512,False,False,False
04,519,578,179,0.010362156666815281,0.6377478896562861,0.11086758396581615,0.0,0.05543379198290808,0,0.05543379198290808,0.5574125973956512,False,False,False
04,520,578,179,0.010328316129744053,0.6819338422391846,0.1097470426962752,0.0,0.0548735213481376,0,0.0548735213481376,0.5574125973956512,False,False,False
04,521,578,180,0.01058323122560978,0.6667474453733989,0.11818789233602275,0.0,0.05909394616801138,0,0.05909394616801138,0.5574125973956512,False,False,False
04,522,578,181,0.011072879657149315,1.0477402156791453,0.1344013251769734,0.02470503494297388,0.07955318005997364,0,0.07955318005997364,0.5574125973956512,False,False,False
04,523,578,181,0.011173511855304241,0.7994264711821965,0.13773349838805085,0.00026239657325979697,0.06899794748065533,0,0.06899794748065533,0.5574125973956512,False,False,False
04,524,578,181,0.010904969647526741,0.634395573326868,0.1288414224202561,0.0,0.06442071121012805,0,0.06442071121012805,0.5574125973956512,False,False,False
04,525,578,181,0.010526067577302456,0.629225736095963,0.11629506696770607,0.0,0.058147533483853035,0,0.058147533483853035,0.5574125973956512,False,False,False
04,526,578,181,0.010628038085997105,0.7465164182721421,0.11967155484755088,0.0,0.05983577742377544,0,0.05983577742377544,0.5574125973956512,False,False,False
04,527,578,181,0.010853992775082588,0.9454743729552875,0.127153456025232,0.014638548223371342,0.07089600212430168,0,0.07089600212430168,0.5574125973956512,False,False,False
04,528,578,181,0.010783545672893524,1.1767438103315957,0.12482078366969981,0.03740343880648523,0.08111211123809252,0,0.08111211123809252,0.5574125973956512,False,False,False
04,529,578,183,0.011652537621557713,0.724544610040792,0.15359518932784608,0.0,0.07679759466392304,0,0.07679759466392304,0.5574125973956512,False,False,False
04,530,578,184,0.012082235887646675,1.0851407568964822,0.16782352854094496,0.028386538379921902,0.09810503346043342,0,0.09810503346043342,0.5574125973956512,False,False,False
04,531,578,184,0.010534694418311119,0.7670745991356709,0.11658072234473596,0.0,0.05829036117236798,0,0.05829036117236798,0.5574125973956512,False,False,False
04,532,578,184,0.010677368380129337,0.5476392422957304,0.12130499908921331,0.0,0.06065249954460666,0,0.06065249954460666,0.5574125973956512,False,False,False
04,533,578,185,0.010219505988061428,0.8521345773254154,0.10614407817938974,0.005450692453623506,0.055797385316506624,0,0.055797385316506624,0.5574125973956512,False,False,False
04,534,578,185,0.010815899819135666,0.6190880084009859,0.12589210697726952,0.0,0.06294605348863476,0,0.06294605348863476,0.5574125973956512,False,False,False
04,535,578,185,0.010201103053987026,0.5068056060422472,0.10553471293593615,0.0,0.052767356467968075,0,0.052767356467968075,0.5574125973956512,False,False,False
04,536,578,185,0.010707485489547253,0.5271618401389379,0.12230224874724986,0.0,0.06115112437362493,0,0.06115112437362493,0.5574125973956512,False,False,False
04,537,578,185,0.010081905871629715,0.6359707581081621,0.10158780861337065,0.0,0.050793904306685324,0,0.050793904306685324,0.5574125973956512,False,False,False
04,538,578,186,0.010328263975679874,0.4898420776283374,0.10974531575024112,0.0,0.05487265787512056,0,0.05487265787512056,0.5574125973956512,False,False,False
04,539,578,186,0.010436195880174637,0.49997980532331726,0.11331919972944555,0.0,0.05665959986472278,0,0.05665959986472278,0.5574125973956512,False,False,False
04,540,578,186,0.010543343611061573,0.6291853467425975,0.11686711784149474,0.0,0.05843355892074737,0,0.05843355892074737,0.5574125973956512,False,False,False
04,541,578,187,0.010968750342726707,0.4591865584231969,0.13095335406664654,0.0,0.06547667703332327,0,0.06547667703332327,0.5574125973956512,False,False,False
04,542,578,187,0.009920069947838783,0.49654671028716824,0.09622903339297945,0.0,0.04811451669648972,0,0.04811451669648972,0.5574125973956512,False,False,False
04,543,578,187,0.009880639612674713,0.6036592754149992,0.09492340051457165,0.0,0.04746170025728583,0,0.04746170025728583,0.5574125973956512,False,False,False
04,544,578,187,0.010265584103763103,0.8026172300981446,0.10766983500049852,0.0005764773200402835,0.0541231561602694,0,0.0541231561602694,0.5574125973956512,False,False,False
04,545,578,187,0.009877435863018036,1.0338866674744527,0.09481731668676394,0.02334136790315416,0.05907934229495905,0,0.05907934229495905,0.5574125973956512,False,False,False
04,546,578,187,0.010173062793910503,1.2974675875439237,0.10460623273604239,0.049286823010629116,0.07694652787333575,0,0.07694652787333575,0.5574125973956512,False,False,False
04,547,578,189,0.010069964453577995,0.5799103356355276,0.10119239964821063,0.0,0.05059619982410531,0,0.05059619982410531,0.5574125973956512,False,False,False
04,548,578,189,0.009642099030315876,0.5373399571872859,0.08702475025288081,0.0,0.043512375126440406,0,0.043512375126440406,0.5574125973956512,False,False,False
04,549,578,190,0.01005861908197403,0.6139989498768118,0.10081672720915437,0.0,0.050408363604577185,0,0.050408363604577185,0.5574125973956512,False,False,False
04,550,578,190,0.009663434699177742,0.47445373399572166,0.0877312253724293,0.0,0.04386561268621465,0,0.04386561268621465,0.5574125973956512,False,False,False
04,551,578,190,0.010986652225255966,0.45910577971646865,0.13154612829284415,0.0,0.06577306414642207,0,0.06577306414642207,0.5574125973956512,False,False,False
04,552,578,191,0.01061412412673235,0.6140393392301773,0.11921083031631623,0.0,0.059605415158158113,0,0.059605415158158113,0.5574125973956512,False,False,False
04,553,578,191,0.010183732025325298,0.44048628781453114,0.1049595165532997,0.0,0.05247975827664985,0,0.05247975827664985,0.5574125973956512,False,False,False
04,554,578,191,0.00962888915091753,0.40130861504907295,0.08658733949310624,0.0,0.04329366974655312,0,0.04329366974655312,0.5574125973956512,False,False,False
04,555,578,191,0.010128985159099102,0.518599297225252,0.10314671663066935,0.0,0.051573358315334675,0,0.051573358315334675,0.5574125973956512,False,False,False
04,556,578,193,0.009696808643639088,1.2739609838846477,0.08883631664262967,0.04697296231915644,0.06790463948089305,0,0.06790463948089305,0.5574125973956512,False,False,False
04,557,578,193,0.01034342497587204,0.9253200856254296,0.11024733279468346,0.01265467110130136,0.06145100194799241,0,0.06145100194799241,0.5574125973956512,False,False,False
04,558,578,193,0.009194915182888508,0.6174724342663264,0.07221742154353492,0.0,0.03610871077176746,0,0.03610871077176746,0.5574125973956512,False,False,False
04,559,578,193,0.01098847296088934,0.4711418070196663,0.13160641721242675,0.0,0.06580320860621337,0,0.06580320860621337,0.5574125973956512,False,False,False
04,560,578,193,0.010422410443425179,0.48636859323882015,0.11286273088665202,0.0,0.05643136544332601,0,0.05643136544332601,0.5574125973956512,False,False,False
04,561,578,194,0.00982282031327486,0.5783351508542364,0.09300886496754082,0.0,0.04650443248377041,0,0.04650443248377041,0.5574125973956512,False,False,False
04,562,578,194,0.00912457425147295,0.46092330061795816,0.06988826475671495,0.0,0.03494413237835747,0,0.03494413237835747,0.5574125973956512,False,False,False
04,563,578,195,0.01017705723643303,0.7892483541338484,0.10473849829925962,0.0,0.05236924914962981,0,0.05236924914962981,0.5574125973956512,False,False,False
04,564,578,195,0.010384833440184593,0.5255866553576466,0.11161846626909812,0.0,0.05580923313454906,0,0.05580923313454906,0.5574125973956512,False,False,False
04,565,578,195,0.010450520552694798,0.43366048709560123,0.11379352396069857,0.0,0.056896761980349285,0,0.056896761980349285,0.5574125973956512,False,False,False
04,566,578,195,0.010098593309521675,0.5339068621511368,0.10214036966763185,0.0,0.051070184833815924,0,0.051070184833815924,0.5574125973956512,False,False,False
04,567,578,195,0.009996464475989342,0.7736580637343999,0.09875863927304072,0.0,0.04937931963652036,0,0.04937931963652036,0.5574125973956512,False,False,False
04,568,578,195,0.010012081824243069,1.0593723494486855,0.09927576709528127,0.02585003817174402,0.06256290263351265,0,0.06256290263351265,0.5574125973956512,False,False,False
04,569,578,196,0.009965049102902412,0.5100771436649316,0.09771840099408444,0.0,0.04885920049704222,0,0.04885920049704222,0.5574125973956512,False,False,False
04,570,578,196,0.010328058153390884,0.709035098348077,0.10973850048107091,0.0,0.054869250240535454,0,0.054869250240535454,0.5574125973956512,False,False,False
04,571,578,196,0.009983970783650875,0.9641342542105904,0.0983449431829127,0.016475324236189998,0.05741013370955135,0,0.05741013370955135,0.5574125973956512,False,False,False
04,572,578,196,0.01019713282585144,1.249848539924876,0.10540324916909188,0.04459946604285209,0.07500135760597199,0,0.07500135760597199,0.5574125973956512,False,False,False
04,573,578,196,0.010301628150045872,1.4879437780201141,0.10886333973997933,0.06803625088173718,0.08844979531085825,0,0.08844979531085825,0.5574125973956512,False,False,False
04,574,578,196,0.010407446883618832,1.7260390161153523,0.11236725156648154,0.09147303572062228,0.10192014364355191,0,0.10192014364355191,0.5574125973956512,False,False,False
04,575,578,196,0.010013227351009846,1.9641342542105904,0.09931369823138694,0.11490982055950737,0.10711175939544715,0,0.10711175939544715,0.5574125973956512,False,False,False
04,576,578,196,0.010147127322852612,2.2022294923058285,0.10374744714395254,0.13834660539839247,0.1210470262711725,0,0.1210470262711725,0.5574125973956512,False,False,False
04,577,578,196,0.021863039582967758,2.3450866351629713,0.49168937519750894,0.1524086763017235,0.32204902574961625,0,0.32204902574961625,0.5574125973956512,False,False,False
05,35,583,11,0.042691394686698914,0.4148390484268357,1.1813661206126527,0.0,0.5906830603063263,1,0.5906830603063263,0.5574125973956512,True,False,False
05,36,583,12,0.04127807542681694,0.3385031705642376,1.1345677333884343,0.0,0.5672838666942172,1,0.5672838666942172,0.5574125973956512,True,False,False
05,37,583,13,0.041016753762960434,0.8930086029322661,1.1259147469313933,0.009474106576940233,0.5676944267541667,1,0.5676944267541667,0.5574125973956512,True,True,True
05,38,583,13,0.039225805550813675,0.5528494688800029,1.0666121602408494,0.0,0.5333060801204247,1,0.5333060801204247,0.5574125973956512,False,False,False
05,39,583,13,0.04173220321536064,0.30445494567632025,1.149604992626889,0.0,0.5748024963134445,1,0.5748024963134445,0.5574125973956512,True,False,False
05,40,583,13,0.04076899588108063,0.3281634961024277,1.117710889796501,0.0,0.5588554448982505,1,0.5588554448982505,0.5574125973956512,True,False,False
05,41,583,15,0.03962666168808937,1.3691990791227429,1.0798854674587806,0.05634767625471046,0.5681165718567455,1,0.5681165718567455,0.5574125973956512,True,True,True
05,42,583,16,0.039680857211351395,1.9406276505513145,1.081680011094765,0.1125959598680347,0.5971379854813998,1,0.5971379854813998,0.5574125973956512,True,True,False
05,43,583,16,0.03889573737978935,1.5443677046730486,1.055682812204316,0.0735903116824026,0.5646365619433593,1,0.5646365619433593,0.5574125973956512,True,True,False
05,44,583,16,0.038942329585552216,1.2297346419483823,1.0572255917791893,0.042619564626437345,0.5499225782028133,1,0.5499225782028133,0.5574125973956512,False,False,False
05,45,583,16,0.03750549629330635,0.9780281917686499,1.0096485986001775,0.017842966981665202,0.5137457827909213,1,0.5137457827909213,0.5574125973956512,False,False,False
05,46,583,16,0.037326376885175705,0.7637222828062514,1.0037175257994213,0.0,0.5018587628997107,1,0.5018587628997107,0.5574125973956512,False,False,False
05,47,583,20,0.0393674336373806,3.797770507694171,1.071301805549679,0.2954028816113383,0.6833523435805087,1,0.6833523435805087,0.5574125973956512,True,False,False
05,48,583,20,0.038063451647758484,3.30627246657781,1.0281238373326191,0.24702251949015216,0.6375731784113856,1,0.6375731784113856,0.5574125973956512,True,False,False
05,49,583,20,0.03807583451271057,2.84708590815461,1.0285338636624246,0.20182272189332695,0.6151782927778757,1,0.6151782927778757,0.5574125973956512,True,True,True
05,50,583,20,0.038905367255210876,2.420210832424572,1.05600168045418,0.1598034888208627,0.6079025846375214,1,0.6079025846375214,0.5574125973956512,True,True,False
05,51,583,20,0.03681960701942444,2.0732662870067444,0.9869371612461402,0.12565217724053654,0.5562946692433384,1,0.5562946692433384,0.5574125973956512,False,False,False
05,52,583,20,0.03597753867506981,1.7586332242820795,0.9590542606397652,0.09468143018457142,0.5268678454121682,1,0.5268678454121682,0.5574125973956512,False,False,False
05,53,583,20,0.03735356405377388,1.476311644250576,1.0046177580963291,0.06689124765296724,0.5357545028746482,1,0.5357545028746482,0.5574125973956512,False,False,False
05,54,583,21,0.036338888108730316,1.6531766226422715,0.9710194062368815,0.08430086271818821,0.5276601344775349,1,0.5276601344775349,0.5574125973956512,False,False,False
05,55,583,21,0.037140969187021255,1.3725513954521598,0.9975782326482705,0.05667765982411305,0.5271279462361917,1,0.5271279462361917,0.5574125973956512,False,False,False
05,56,583,21,0.03725486621260643,1.1565491336483709,1.0013496360801228,0.03541558597875975,0.5183826110294413,1,0.5183826110294413,0.5574125973956512,False,False,False
05,57,583,21,0.037211958318948746,1.0595742962155184,0.9999288529072283,0.025869916700021332,0.5128993848036248,1,0.5128993848036248,0.5574125973956512,False,False,False
05,58,583,23,0.03752358630299568,1.5766387980128431,1.0102476021674267,0.07676690050110803,0.5435072513342674,1,0.5435072513342674,0.5574125973956512,False,False,False
05,59,583,23,0.03822079300880432,1.2347833111191895,1.0333337868108592,0.043116527833368806,0.538225157322114,1,0.538225157322114,0.5574125973956512,False,False,False
05,60,583,23,0.0385039858520031,0.960943495294641,1.0427109804226198,0.01616124348940938,0.5294361119560146,1,0.5294361119560146,0.5574125973956512,False,False,False
05,61,583,23,0.03569471091032028,0.7840381275495767,0.9496891556502429,0.0,0.47484457782512146,1,0.47484457782512146,0.5574125973956512,False,False,False
05,62,583,23,0.037238407880067825,0.799305303122096,1.0008046612530828,0.00025046945629333777,0.500527565354688,1,0.500527565354688,0.5574125973956512,False,False,False
05,63,583,23,0.03735436126589775,0.9540369158689773,1.004644155699993,0.015481397822327192,0.5100627767611601,1,0.5100627767611601,0.5574125973956512,False,False,False
05,64,583,23,0.03668631985783577,1.1699987883193994,0.9825237039494751,0.036739495962025,0.50963159995575,1,0.50963159995575,0.5574125973956512,False,False,False
05,65,583,23,0.0370890349149704,1.4182721434629828,0.9958585644581923,0.06117815862608373,0.528518361542138,1,0.528518361542138,0.5574125973956512,False,False,False
05,66,583,23,0.0373513363301754,1.698856981299729,1.0045439928300164,0.08879738581450351,0.5466706893222599,1,0.5466706893222599,0.5574125973956512,False,False,False
05,67,583,23,0.038589656352996826,2.011753301829638,1.0455477359901708,0.11959717752728437,0.5825724567587276,1,0.5825724567587276,0.5574125973956512,True,False,False
05,68,583,25,0.03885233774781227,0.7430833232359944,1.054245746397386,0.0,0.527122873198693,1,0.527122873198693,0.5574125973956512,False,False,False
05,69,583,25,0.03824479877948761,0.7974877822206065,1.0341286753996881,7.156270179811055e-05,0.5171001190507432,1,0.5171001190507432,0.5574125973956512,False,False,False
05,70,583,25,0.03761452063918114,0.9097297952259783,1.0132586559311314,0.011120048718297125,0.5121893523247143,1,0.5121893523247143,0.5574125973956512,False,False,False
05,71,583,25,0.03734183683991432,1.0542832909245117,1.0042294419452376,0.02534909925915708,0.5147892706021974,1,0.5147892706021974,0.5574125973956512,False,False,False
05,72,583,25,0.03799997642636299,1.2311482693162077,1.0260220206558568,0.04275871432437809,0.5343903674901175,1,0.5343903674901175,0.5574125973956512,False,False,False
05,73,583,25,0.03712258115410805,1.4403247304010667,0.9969693608179695,0.06334889391396017,0.5301591273659648,1,0.5301591273659648,0.5574125973956512,False,False,False
05,74,583,25,0.03779086843132973,1.6784199684963046,1.0190979538855052,0.08678567875284525,0.5529418163191752,1,0.5529418163191752,0.5574125973956512,False,False,False
05,75,583,25,0.03666682168841362,1.868896158972495,0.9818780728393058,0.10553510662395332,0.5437065897316296,1,0.5437065897316296,0.5574125973956512,False,False,False
05,76,583,27,0.035717472434043884,0.7958318187325815,0.9504428442408303,0.0,0.4752214221204151,1,0.4752214221204151,0.5574125973956512,False,False,False
05,77,583,27,0.0349259227514267,0.833232359949917,0.9242327375750371,0.003590062206872457,0.46391139989095476,1,0.46391139989095476,0.5574125973956512,False,False,False
05,78,583,27,0.035753414034843445,0.9352558665535766,0.951632956764887,0.01363269469254234,0.4826328257287147,1,0.4826328257287147,0.5574125973956512,False,False,False
05,79,583,27,0.03623896464705467,1.006664243305464,0.9677107009888744,0.02066174229138006,0.4941862216401272,1,0.4941862216401272,0.5574125973956512,False,False,False
05,80,583,29,0.036217380315065384,0.9320247182842604,0.9669959920373419,0.013314638240106235,0.49015531513872407,1,0.49015531513872407,0.5574125973956512,False,False,False
05,81,583,29,0.03678405284881592,0.7177188093218634,0.9857598774640509,0.0,0.49287993873202546,1,0.49287993873202546,0.5574125973956512,False,False,False
05,82,583,29,0.03649647906422615,0.5714285714285714,0.9762376203854275,0.0,0.48811881019271375,1,0.48811881019271375,0.5574125973956512,False,False,False
05,83,583,29,0.036887865513563156,0.5220727816147652,0.9891973635448852,0.0,0.4945986817724426,1,0.4945986817724426,0.5574125973956512,False,False,False
05,84,583,29,0.037753280252218246,0.5696514398804473,1.0178533192080867,0.0,0.5089266596040434,1,0.5089266596040434,0.5574125973956512,False,False,False
05,85,583,29,0.037100981920957565,0.7141645462256152,0.9962541584532846,0.0,0.4981270792266423,1,0.4981270792266423,0.5574125973956512,False,False,False
05,86,583,29,0.03780079632997513,0.942041277919141,1.0194266903984208,0.014300613242658187,0.5168636518205395,1,0.5168636518205395,0.5574125973956512,False,False,False
05,87,583,29,0.03822188079357147,1.2022294923058285,1.0333698059709984,0.039912109075075086,0.5366409575230368,1,0.5366409575230368,0.5574125973956512,False,False,False
05,88,583,29,0.03740604966878891,1.4879437780201141,1.0063556825730533,0.06803625088173718,0.5371959667273952,1,0.5371959667273952,0.5574125973956512,False,False,False
05,89,583,29,0.03754376247525215,1.6784199684963046,1.010915683576039,0.08678567875284525,0.548850681164442,1,0.548850681164442,0.5574125973956512,False,False,False
05,90,583,32,0.037199780344963074,1.0307362979118702,0.9995256110082709,0.023031262862029042,0.51127843693515,1,0.51127843693515,0.5574125973956512,False,False,False
05,91,583,32,0.03866150230169296,0.8079082353891514,1.047926727505403,0.001097294760904544,0.5245120111331537,1,0.5245120111331537,0.5574125973956512,False,False,False
05,92,583,32,0.037905171513557434,0.6820146209459197,1.0228828028257655,0.0,0.5114414014128827,1,0.5114414014128827,0.5574125973956512,False,False,False
05,93,583,32,0.03818616643548012,0.6530554545821723,1.0321872179975187,0.0,0.5160936089987593,1,0.5160936089987593,0.5574125973956512,False,False,False
05,94,583,32,0.038624491542577744,0.7210307362979106,1.0467012125876476,0.0,0.5233506062938238,1,0.5233506062938238,0.5574125973956512,False,False,False
05,95,583,32,0.038642846047878265,0.8774587018861824,1.0473089742383552,0.00794345989959155,0.5276262170689734,1,0.5276262170689734,0.5574125973956512,False,False,False
05,96,583,32,0.039795346558094025,1.0985096328607784,1.0854710276994328,0.02970249695187631,0.5575867623256545,1,0.5575867623256545,0.5574125973956512,True,False,False
05,97,583,32,0.039000168442726135,1.277070964093865,1.059140774930983,0.04727909165462622,0.5532099332928045,1,0.5532099332928045,0.5574125973956512,False,False,False
05,98,583,32,0.039475999772548676,1.4879437780201141,1.074896690426191,0.06803625088173718,0.571466470653964,1,0.571466470653964,0.5574125973956512,True,False,False
05,99,583,36,0.0382462739944458,2.0834847934084566,1.034177523301795,0.12665803077136567,0.5804177770365803,1,0.5804177770365803,0.5574125973956512,True,False,False
05,100,583,36,0.038314539939165115,1.6872248475301908,1.036437972307116,0.08765238258573357,0.5620451774464248,1,0.5620451774464248,0.5574125973956512,True,True,True
05,101,583,36,0.0388617143034935,1.4185144795831817,1.054556226623656,0.06120201286001645,0.5578791197418361,1,0.5578791197418361,0.5574125973956512,True,True,False
05,102,583,36,0.038814201951026917,1.1889010056948985,1.0529829787866098,0.03860012620877611,0.545791552497693,1,0.545791552497693,0.5574125973956512,False,False,False
05,103,583,36,0.038839343935251236,1.0239104971929396,1.053815490128324,0.022359368606257774,0.5380874293672909,1,0.5380874293672909,0.5574125973956512,False,False,False
05,104,583,36,0.037811409682035446,0.9235429540773048,1.019778123916356,0.012479740052461424,0.5161289319844087,1,0.5161289319844087,0.5574125973956512,False,False,False
05,105,583,36,0.039422255009412766,0.8877983763479943,1.0731170725380725,0.008961240547387077,0.5410391565427298,1,0.5410391565427298,0.5574125973956512,False,False,False
05,106,583,36,0.03822539374232292,0.9166767640050081,1.0334861281217225,0.011803870091034733,0.5226449991063786,1,0.5226449991063786,0.5574125973956512,False,False,False
05,107,583,36,0.03739801049232483,1.010178117048346,1.006089486177229,0.02100762868340437,0.5135485574303167,1,0.5135485574303167,0.5574125973956512,False,False,False
05,108,583,36,0.0373120941221714,1.1683024354780083,1.00324458929266,0.036572516324496034,0.5199085528085781,1,0.5199085528085781,0.5574125973956512,False,False,False
05,109,583,38,0.03811531513929367,0.9524213417343186,1.0298411618102226,0.01532236959610908,0.5225817657031658,1,0.5225817657031658,0.5574125973956512,False,False,False
05,110,583,38,0.03678350895643234,0.7959125974393159,0.9857418678839812,0.0,0.4928709339419906,1,0.4928709339419906,0.5574125973956512,False,False,False
05,111,583,38,0.03608832135796547,0.7720828789531092,0.9627225407227252,0.0,0.4813612703613626,1,0.4813612703613626,0.5574125973956512,False,False,False
05,112,583,38,0.03581326827406883,0.8128761258532256,0.953614874045569,0.0015863065565250992,0.47760059030104707,1,0.47760059030104707,0.5574125973956512,False,False,False
05,113,583,38,0.036698922514915466,0.9182923381396662,0.9829410081232814,0.011962898317252781,0.49745195322026714,1,0.49745195322026714,0.5574125973956512,False,False,False
05,114,583,38,0.037617627531290054,1.0883315158124323,1.0133615325734473,0.028700619126702586,0.5210310758500749,1,0.5210310758500749,0.5574125973956512,False,False,False
05,115,583,38,0.03704267740249634,1.3196009531887405,0.9943235561404724,0.051465509709816476,0.5228945329251444,1,0.5228945329251444,0.5574125973956512,False,False,False
05,116,583,41,0.03664766252040863,1.3963407245849988,0.9812436668783581,0.05901935045517368,0.5201315086667658,1,0.5201315086667658,0.5574125973956512,False,False,False
05,117,583,41,0.03843224421143532,1.1054969909931736,1.040335442799456,0.03039029403026926,0.5353628684148626,1,0.5353628684148626,0.5574125973956512,False,False,False
05,118,583,41,0.03806346282362938,0.8843652813118466,1.0281242073924834,0.008623305566673792,0.5183737564795786,1,0.5183737564795786,0.5574125973956512,False,False,False
05,119,583,41,0.03954705968499184,0.7601680197100054,1.0772496543976235,0.0,0.5386248271988118,1,0.5386248271988118,0.5574125973956512,False,False,False
05,120,583,41,0.0379105806350708,0.7210307362979126,1.0230619118001572,0.0,0.5115309559000786,1,0.5115309559000786,0.5574125973956512,False,False,False
05,121,583,41,0.040002621710300446,0.7465164182721454,1.0923344046520154,0.0,0.5461672023260077,1,0.5461672023260077,0.5574125973956512,False,False,False
05,122,583,41,0.03973989933729172,0.8366250656327012,1.0836350373586305,0.003924021481930583,0.5437795294202805,1,0.5437795294202805,0.5574125973956512,False,False,False
05,123,583,41,0.039130810648202896,0.9913566783795799,1.0634666513930626,0.019154949847964176,0.5413108006205134,1,0.5413108006205134,0.5574125973956512,False,False,False
05,124,583,49,0.04141578450798988,6.41681812674179,1.1391276110381316,0.5532075148390743,0.846167562938603,1,0.846167562938603,0.5574125973956512,True,False,False
05,125,583,49,0.04198325052857399,5.830081990387334,1.1579177707152164,0.4954524387823341,0.8266851047487752,1,0.8266851047487752,0.5574125973956512,True,False,False
05,126,583,49,0.04028712585568428,5.275657336726039,1.1017550186212044,0.4408779272499549,0.7713164729355797,1,0.7713164729355797,0.5574125973956512,True,True,True
05,127,583,49,0.04188600182533264,4.753544165757906,1.1546976331280998,0.3894839802419366,0.7720908066850182,1,0.7720908066850182,0.5574125973956512,True,True,False
05,128,583,49,0.04099788889288902,4.263742477482935,1.1252900858802093,0.34127059775827934,0.7332803418192443,1,0.7332803418192443,0.5574125973956512,True,True,False
05,129,583,49,0.04073265939950943,3.806252271901127,1.1165077018239005,0.2962377797989832,0.7063727408114419,1,0.7063727408114419,0.5574125973956512,True,True,False
05,130,583,50,0.040574993938207626,3.95080576759966,1.1112870206095915,0.31046683033984307,0.7108769254747173,1,0.7108769254747173,0.5574125973956512,True,True,False
05,131,583,50,0.04100657254457474,3.542630962478291,1.1255776223948835,0.27028834898585286,0.6979329856903682,1,0.6979329856903682,0.5574125973956512,True,True,False
05,132,583,51,0.04146847501397133,3.6667878347267653,1.140872319945704,0.28250966817070994,0.711690994058207,1,0.711690994058207,0.5574125973956512,True,True,False
05,133,583,51,0.04151274263858795,3.1820752049759684,1.1423381270687727,0.23479722459963964,0.6885676758342062,1,0.6885676758342062,0.5574125973956512,True,True,False
05,134,583,51,0.04292476549744606,2.7942970233046576,1.1890935873487156,0.19662647460165228,0.692860030975184,1,0.692860030975184,0.5574125973956512,True,True,False
05,135,583,51,0.04221872612833977,2.501756936871442,1.165714932059083,0.167830438539219,0.666772685299151,1,0.666772685299151,0.5574125973956512,True,True,False
05,136,583,51,0.041291508823633194,2.2704471101417685,1.1350125453454978,0.14506157225044977,0.6400370587979738,1,0.6400370587979738,0.5574125973956512,True,True,False
05,137,583,51,0.04203314334154129,2.214305908962399,1.1595698413033892,0.1395353413893725,0.6495525913463809,1,0.6495525913463809,0.5574125973956512,True,True,False
05,138,583,51,0.042418111115694046,2.190476190476191,1.172317046747367,0.13718967505265617,0.6547533609000116,1,0.6547533609000116,0.5574125973956512,True,True,False
05,139,583,51,0.04280402511358261,2.198957954683146,1.1850955839265345,0.1380245732403009,0.6615600785834177,1,0.6615600785834177,0.5574125973956512,True,True,False
05,140,583,51,0.042161859571933746,2.239751201583264,1.163831944115496,0.14204003595230674,0.6529359900339013,1,0.6529359900339013,0.5574125973956512,True,True,False
05,141,583,52,0.04270893335342407,1.7397310069065797,1.1819468678932559,0.09282079993782025,0.6373838339155381,1,0.6373838339155381,0.5574125973956512,True,True,False
05,142,583,52,0.043850693851709366,1.7346015590290402,1.2197532938246014,0.09231588531957793,0.6560345895720897,1,0.6560345895720897,0.5574125973956512,True,True,False
05,143,583,52,0.043948762118816376,1.794095076537825,1.2230005691351107,0.09817209975005763,0.6605863344425842,1,0.6605863344425842,0.5574125973956512,True,True,False
05,144,583,52,0.043105609714984894,1.9165152065915434,1.1950817727218845,0.11022246359173041,0.6526521181568075,1,0.6526521181568075,0.5574125973956512,True,True,False
05,145,583,52,0.04438083991408348,2.059372349448686,1.2373077002610144,0.12428453449506145,0.6807961173780379,1,0.6807961173780379,0.5574125973956512,True,True,False
05,146,583,52,0.043660081923007965,2.202229492305829,1.2134416761299072,0.1383466053983925,0.6758941407641499,1,0.6758941407641499,0.5574125973956512,True,True,False
05,147,583,52,0.04133446142077446,2.345086635162972,1.13643480875785,0.15240867630172358,0.6444217425297868,1,0.6444217425297868,0.5574125973956512,True,True,False
05,148,583,53,0.041249167174100876,1.629104568035866,1.1336105118724018,0.08193134214753929,0.6077709270099706,1,0.6077709270099706,0.5574125973956512,True,True,False
05,149,583,53,0.04076579213142395,1.7566541459671239,1.1176048059686934,0.09448662060745437,0.6060457132880739,1,0.6060457132880739,0.5574125973956512,True,True,False
05,150,583,53,0.04159761220216751,1.9165152065915434,1.1451483616793718,0.11022246359173041,0.6276854126355511,1,0.6276854126355511,0.5574125973956512,True,True,False
05,151,583,53,0.04132658988237381,2.059372349448686,1.1361741632599922,0.12428453449506145,0.6302293488775268,1,0.6302293488775268,0.5574125973956512,True,True,False
05,152,583,53,0.040615811944007874,2.202229492305829,1.1126386025878348,0.1383466053983925,0.6254926039931137,1,0.6254926039931137,0.5574125973956512,True,True,False
05,153,583,53,0.04248718172311783,2.2974675875439243,1.1746041400629283,0.14772131933394655,0.6611627296984375,1,0.6611627296984375,0.5574125973956512,True,True,False
05,154,583,53,0.04257029667496681,2.3927056827820197,1.1773562752748095,0.15709603326950058,0.667226154272155,1,0.667226154272155,0.5574125973956512,True,True,False
05,155,583,54,0.040755730122327805,1.629104568035866,1.1172716287374043,0.08193134214753929,0.5996014854424718,1,0.5996014854424718,0.5574125973956512,True,True,False
05,156,583,54,0.04114390164613724,1.7090350983480764,1.1301249180091897,0.08979926363967737,0.6099620908244335,1,0.6099620908244335,0.5574125973956512,True,True,False
05,157,583,54,0.041602976620197296,1.8212771113534483,1.1453259904143056,0.10084774965617639,0.623086870035241,1,0.623086870035241,0.5574125973956512,True,True,False
05,158,583,54,0.04128251224756241,1.964134254210591,1.134714647154619,0.11490982055950744,0.6248122338570632,1,0.6248122338570632,0.5574125973956512,True,True,False
05,159,583,54,0.04073953628540039,2.106991397067734,1.1167354119938226,0.1289718914628385,0.6228536517283305,1,0.6228536517283305,0.5574125973956512,True,True,False
05,160,583,54,0.040741268545389175,2.249848539924877,1.1167927712728116,0.14303396236616955,0.6299133668194906,1,0.6299133668194906,0.5574125973956512,True,True,False
05,161,583,54,0.04128304868936539,2.3927056827820197,1.1347324100281124,0.15709603326950058,0.6459142216488065,1,0.6459142216488065,0.5574125973956512,True,True,False
05,162,583,54,0.03994129225611687,2.487943778020115,1.0903036394692267,0.16647074720505464,0.6283871933371407,1,0.6283871933371407,0.5574125973956512,True,True,False
05,163,583,56,0.03972112759947777,1.1461286804798252,1.0830134601396504,0.03438985391965324,0.5587016570296518,1,0.5587016570296518,0.5574125973956512,True,True,False
05,164,583,58,0.04196538031101227,1.212609556121006,1.157326044991968,0.04093386542852597,0.599129955210247,1,0.599129955210247,0.5574125973956512,True,True,False
05,165,583,58,0.04321296140551567,1.032311482693162,1.1986364444264597,0.023186315382591666,0.6109113799045257,1,0.6109113799045257,0.5574125973956512,True,True,False
05,166,583,58,0.04291551932692528,0.9064582576032959,1.188787424487531,0.010798016560205601,0.5997927205238682,1,0.5997927205238682,0.5574125973956512,True,True,False
05,167,583,58,0.042663611471652985,0.8197019265721556,1.1804461517896412,0.0022582008122963133,0.5913521763009687,1,0.5913521763009687,0.5574125973956512,True,True,False
05,168,583,58,0.04265102371573448,0.7975685609273394,1.1800293410289875,7.95141131090178e-05,0.5900544275710482,1,0.5900544275710482,0.5574125973956512,True,True,False
05,169,583,58,0.04352790117263794,0.7958318187325821,1.2090648547598222,0.0,0.6045324273799111,1,0.6045324273799111,0.5574125973956512,True,True,False
05,170,583,58,0.04274594038724899,0.8791550547275735,1.1831722594577232,0.008110439537120515,0.5956413494974219,1,0.5956413494974219,0.5574125973956512,True,True,False
05,171,583,58,0.04343189299106598,0.9947897734157275,1.205885793817659,0.019492884828677448,0.6126893393231683,1,0.6126893393231683,0.5574125973956512,True,True,False
05,172,583,66,0.04358562454581261,6.559675269598935,1.2109762139596831,0.5672695857424055,0.8891228998510443,1,0.8891228998510443,0.5574125973956512,True,True,False
05,173,583,70,0.04504024609923363,9.750151460075122,1.259142219089604,0.8813225025834655,1.0702323608365347,1,1.0702323608365347,0.5574125973956512,True,True,False
05,174,583,70,0.043474230915308,8.972939133244475,1.2072877039374665,0.8048179986556172,1.0060528512965419,1,1.0060528512965419,0.5574125973956512,True,True,False
05,175,583,70,0.043777067214250565,8.228038289106992,1.2173153394376344,0.7314940592521301,0.9744046993448823,1,0.9744046993448823,0.5574125973956512,True,True,False
05,176,583,70,0.043929923325777054,7.563067975281716,1.2223767715569438,0.6660380413407807,0.9442074064488623,1,0.9442074064488623,0.5574125973956512,True,True,False
05,177,583,70,0.04324876144528389,6.9304091441496025,1.199821869525567,0.6037625879537925,0.9017922287396797,1,0.9017922287396797,0.5574125973956512,True,True,False
05,178,583,70,0.043428629636764526,6.330061795710652,1.2057777363372408,0.5446676990911652,0.875222717714203,1,0.875222717714203,0.5574125973956512,True,True,False
05,179,583,70,0.0434911847114563,5.76202592996486,1.2078490847518304,0.48875337475289865,0.8483012297523645,1,0.8483012297523645,0.5574125973956512,True,True,False
05,180,583,70,0.0460423044860363,5.226301546912232,1.2923227733620926,0.43601961493899327,0.8641711941505429,1,0.8641711941505429,0.5574125973956512,True,True,False
05,181,583,70,0.04416325315833092,4.722888646552768,1.2301028814068369,0.38646641964944906,0.8082846505281429,1,0.8082846505281429,0.5574125973956512,True,True,False
05,182,583,70,0.042536504566669464,4.251787228886464,1.1762373375980144,0.34009378888426567,0.75816556324114,1,0.75816556324114,0.5574125973956512,True,True,False
05,183,583,70,0.042386703193187714,3.812997293913323,1.171277055174987,0.2969017226434434,0.7340893889092152,1,0.7340893889092152,0.5574125973956512,True,True,False
05,184,583,70,0.044051337987184525,3.508542348237004,1.2263971019242796,0.26693285341265194,0.7466649776684657,1,0.7466649776684657,0.5574125973956512,True,True,False
05,185,583,70,0.04446180909872055,3.3571630518195392,1.239988783978922,0.2520319086160207,0.7460103462974714,1,0.7460103462974714,0.5574125973956512,True,True,False
05,186,583,70,0.04476790130138397,3.2380952380952372,1.2501242302529316,0.24031152834375039,0.745217879298341,1,0.745217879298341,0.5574125973956512,True,True,False
05,187,583,70,0.044789060950279236,3.151338907064097,1.250824876929615,0.23177171259584117,0.7412982947627281,1,0.7412982947627281,0.5574125973956512,True,True,False
05,188,583,71,0.044347066432237625,2.6190072296942524,1.2361893793506602,0.1793719120569938,0.707780645703827,1,0.707780645703827,0.5574125973956512,True,True,False
05,189,583,71,0.04555702582001686,2.4863282038854546,1.2762540339281403,0.16631171897883637,0.7212828764534883,1,0.7212828764534883,0.5574125973956512,True,True,False
05,190,583,71,0.04527917131781578,2.418272143462983,1.2670536055782962,0.1596126549494011,0.7133331302638486,1,0.7133331302638486,0.5574125973956512,True,True,False
05,191,583,71,0.045051414519548416,2.413142695585443,1.2595120322474733,0.15910774033115876,0.709309886289316,1,0.709309886289316,0.5574125973956512,True,True,False
05,192,583,71,0.044865649193525314,2.4403247304010667,1.2533608971806602,0.16178339023727756,0.7075721437089689,1,0.7075721437089689,0.5574125973956512,True,True,False
05,193,583,71,0.04387884587049484,2.678419968496305,1.2206854746231397,0.18522017507616265,0.7029528248496512,1,0.7029528248496512,0.5574125973956512,True,True,False
05,194,583,71,0.044546499848365784,2.7260390161153523,1.24279309763169,0.18990753204393965,0.7163503148378149,1,0.7163503148378149,0.5574125973956512,True,True,False
05,195,583,71,0.044195856899023056,2.7736580637343997,1.2311824693847124,0.19459488901171665,0.7128886791982145,1,0.7128886791982145,0.5574125973956512,True,True,False
05,196,583,72,0.04525715485215187,1.9624379013692,1.2663245876453386,0.11474284092197846,0.6905337142836585,1,0.6905337142836585,0.5574125973956512,True,True,False
05,197,583,72,0.04702846333384514,1.9947493840623614,1.3249768558007635,0.1179234054463394,0.7214501306235515,1,0.7214501306235515,0.5574125973956512,True,True,False
05,198,583,72,0.046228427439928055,2.0593723494486857,1.298485750344568,0.12428453449506141,0.7113851424198147,1,0.7113851424198147,0.5574125973956512,True,True,False
05,199,583,72,0.04509913921356201,2.1546104446867806,1.2610923112219437,0.1336592484306154,0.6973757798262795,1,0.6973757798262795,0.5574125973956512,True,True,False
05,200,583,72,0.04608073830604553,2.249848539924876,1.2935954092359208,0.14303396236616947,0.7183146858010451,1,0.7183146858010451,0.5574125973956512,True,True,False
05,201,583,72,0.04472510516643524,2.3450866351629713,1.2487071476786817,0.1524086763017235,0.7005579119902026,1,0.7005579119902026,0.5574125973956512,True,True,False
05,202,583,72,0.04482383280992508,2.4403247304010667,1.2519762565211932,0.16178339023727756,0.7068798233792354,1,0.7068798233792354,0.5574125973956512,True,True,False
05,203,583,72,0.044172827154397964,2.535562825639162,1.2304198993573785,0.1711581041728316,0.7007890017651051,1,0.7007890017651051,0.5574125973956512,True,True,False
05,204,583,72,0.04556969925761223,2.630800920877257,1.2766736818144213,0.1805328181083856,0.7286032499614035,1,0.7286032499614035,0.5574125973956512,True,True,False
05,205,583,72,0.04482784494757652,2.7260390161153523,1.252109108012529,0.18990753204393965,0.7210083200282343,1,0.7210083200282343,0.5574125973956512,True,True,False
05,206,583,74,0.043614618480205536,1.3842239185750653,1.2119362726013427,0.05782663875853853,0.6348814556799406,1,0.6348814556799406,0.5574125973956512,True,True,False
05,207,583,74,0.04452923312783241,1.4165354012682267,1.2422213551411216,0.061007203282899464,0.6516142792120105,1,0.6516142792120105,0.5574125973956512,True,True,False
05,208,583,74,0.044544193893671036,1.4811583666545511,1.242716741946326,0.06736833233162148,0.6550425371389738,1,0.6550425371389738,0.5574125973956512,True,True,False
05,209,583,74,0.04541897773742676,1.530473767114989,1.2716829311292213,0.07222266893692737,0.6719528000330743,1,0.6719528000330743,0.5574125973956512,True,True,False
05,210,583,74,0.04483432695269585,1.61210065026859,1.2523237427339076,0.08025757006659436,0.666290656400251,1,0.666290656400251,0.5574125973956512,True,True,False
05,211,583,74,0.04577872157096863,1.7260390161153523,1.2835949114591456,0.09147303572062228,0.687533973589884,1,0.687533973589884,0.5574125973956512,True,True,False
05,212,583,74,0.04459693282842636,1.868896158972495,1.2444630544466444,0.10553510662395332,0.6749990805352989,1,0.6749990805352989,0.5574125973956512,True,True,False
05,213,583,75,0.04614253714680672,1.1801365160143793,1.295641716933016,0.03773739808154329,0.6666895575072797,1,0.6666895575072797,0.5574125973956512,True,True,False
05,214,583,75,0.04667462036013603,1.2804636697766472,1.3132602670792664,0.047613050929684146,0.6804366590044753,1,0.6804366590044753,0.5574125973956512,True,True,False
05,215,583,75,0.04556281492114067,1.4403247304010667,1.2764457249379229,0.06334889391396017,0.6698973094259415,1,0.6698973094259415,0.5574125973956512,True,True,False
05,216,583,76,0.045019060373306274,0.8876368189345304,1.2584407089399035,0.008945337724765459,0.6336930233323345,1,0.6336930233323345,0.5574125973956512,True,True,False
05,217,583,76,0.046247586607933044,0.9284300658346467,1.2991201563055157,0.012960800436771136,0.6560404783711434,1,0.6560404783711434,0.5574125973956512,True,True,False
05,218,583,76,0.044549610465765,1.0593723494486855,1.242896097627294,0.02585003817174402,0.634373067899519,1,0.634373067899519,0.5574125973956512,True,True,False
05,219,583,76,0.04489734023809433,1.249848539924876,1.2544102636029395,0.04459946604285209,0.6495048648228958,1,0.6495048648228958,0.5574125973956512,True,True,False
05,220,583,76,0.04473157972097397,1.4403247304010667,1.2489215356934837,0.06334889391396017,0.656135214803722,1,0.656135214803722,0.5574125973956512,True,True,False
05,221,583,77,0.04468942806124687,0.7719617108930095,1.2475257932380834,0.0,0.6237628966190417,1,0.6237628966190417,0.5574125973956512,True,True,False
05,222,583,77,0.04451115429401398,0.9471303364433138,1.241622721633737,0.014801552155245016,0.628212136894491,1,0.628212136894491,0.5574125973956512,True,True,False
05,223,583,77,0.0437568761408329,1.1546104446867809,1.2166467646158696,0.035224752107298064,0.6259357583615839,1,0.6259357583615839,0.5574125973956512,True,True,False
05,224,583,77,0.045254744589328766,1.392705682782019,1.2662447780679065,0.05866153694618316,0.6624531575070448,1,0.6624531575070448,0.5574125973956512,True,True,False
05,225,583,77,0.04479445889592171,1.6308009208772571,1.2510036158441422,0.08209832178506825,0.6665509688146052,1,0.6665509688146052,0.5574125973956512,True,True,False
05,226,583,77,0.04690834507346153,1.868896158972495,1.3209994523777033,0.10553510662395332,0.7132672795008284,1,0.7132672795008284,0.5574125973956512,True,True,False
05,227,583,77,0.04718272387981415,2.011753301829638,1.3300847921097048,0.11959717752728437,0.7248409848184946,1,0.7248409848184946,0.5574125973956512,True,True,False
05,228,583,77,0.04667225107550621,2.1546104446867806,1.3131818143880039,0.1336592484306154,0.7234205314093096,1,0.7234205314093096,0.5574125973956512,True,True,False
05,229,583,77,0.045580435544252396,2.297467587543924,1.2770291859908653,0.1477213193339465,0.7123752526624059,1,0.7123752526624059,0.5574125973956512,True,True,False
05,230,583,83,0.04570499062538147,3.2739609838846477,1.2811535031801105,0.2438419549657912,0.7624977290729509,1,0.7624977290729509,0.5574125973956512,True,True,False
05,231,583,77,0.04599009081721306,2.868896158972495,1.2905938536754034,0.20396960294727068,0.747281728311337,1,0.747281728311337,0.5574125973956512,True,True,False
05,232,583,77,0.04536077380180359,3.011753301829638,1.269755659355189,0.21803167385060176,0.7438936666028955,1,0.7438936666028955,0.5574125973956512,True,True,False
05,233,583,77,0.04516225680708885,3.1546104446867806,1.2631822859830437,0.23209374475393277,0.7476380153684883,1,0.7476380153684883,0.5574125973956512,True,True,False
05,234,583,77,0.04735132306814194,3.249848539924876,1.3356675152247295,0.24146845868948685,0.7885679869571082,1,0.7885679869571082,0.5574125973956512,True,True,False
05,235,583,77,0.0471394918859005,3.3450866351629713,1.3286532772007413,0.25084317262504086,0.7897482249128911,1,0.7897482249128911,0.5574125973956512,True,True,False
05,236,583,77,0.04885160177946091,3.4403247304010667,1.3853453382541985,0.26021788656059497,0.8227816124073968,1,0.8227816124073968,0.5574125973956512,True,True,False
05,237,583,77,0.048568032681941986,3.487943778020114,1.3759556859603346,0.26490524352837197,0.8204304647443532,1,0.8204304647443532,0.5574125973956512,True,True,False
05,238,583,77,0.0474855937063694,3.535562825639162,1.340113537789466,0.26959260049614897,0.8048530691428075,1,0.8048530691428075,0.5574125973956512,True,True,False
05,239,583,77,0.04902898147702217,3.5831818732582095,1.3912188050693892,0.27427995746392597,0.8327493812666575,1,0.8327493812666575,0.5574125973956512,True,True,False
05,240,583,76,0.04874367639422417,4.5831818732582095,1.3817716701432483,0.3727144537872433,0.8772430619652458,1,0.8772430619652458,0.5574125973956512,True,True,False
05,241,583,85,0.047235600650310516,4.153196817318954,1.3318356686816846,0.3303890913793093,0.8311123800304969,1,0.8311123800304969,0.5574125973956512,True,True,False
05,242,583,85,0.04672257974743843,3.8368674017528974,1.3148483173108902,0.29925136468581515,0.8070498409983526,1,0.8070498409983526,0.5574125973956512,True,True,False
05,243,583,85,0.047354552894830704,3.552849468880002,1.3357744625255543,0.27129420251668196,0.8035343325211182,1,0.8035343325211182,0.5574125973956512,True,True,False
05,244,583,85,0.046997442841529846,3.3011430187002695,1.323949692970351,0.24651760487190977,0.7852336489211303,1,0.7852336489211303,0.5574125973956512,True,True,False
05,245,583,85,0.04552499204874039,3.0817480512136988,1.2751933190033513,0.22492157175149863,0.7500574453774249,1,0.7500574453774249,0.5574125973956512,True,True,False
05,246,583,85,0.04676268622279167,2.8946645664202904,1.316176338811097,0.20650610315544846,0.7613412209832727,1,0.7613412209832727,0.5574125973956512,True,True,False
05,247,583,85,0.04838530719280243,2.7398925643200434,1.3699052071766509,0.19127119908375922,0.780588203130205,1,0.780588203130205,0.5574125973956512,True,True,False
05,248,583,86,0.04789630323648453,2.901449977785855,1.3537131144545498,0.20717402170556432,0.780443568080057,1,0.780443568080057,0.5574125973956512,True,True,False
05,249,583,86,0.04866499826312065,2.7007552809079507,1.379166448697552,0.18741874030362696,0.7832925945005894,1,0.7832925945005894,0.5574125973956512,True,True,False
05,250,583,86,0.04624510556459427,2.5646835494163724,1.2990380030156088,0.17402458795041176,0.7365312954830103,1,0.7365312954830103,0.5574125973956512,True,True,False
05,251,583,86,0.04728783667087555,2.384425865341894,1.3335653284881028,0.1562810136101328,0.7449231710491178,1,0.7449231710491178,0.5574125973956512,True,True,False
05,252,583,86,0.0484808124601841,2.3112807463952483,1.373067615424914,0.1490810106681106,0.7610743130465123,1,0.7610743130465123,0.5574125973956512,True,True,False
05,253,583,86,0.04790811985731125,2.270447110141765,1.354104391084557,0.1450615722504494,0.7495829816675031,1,0.7495829816675031,0.5574125973956512,True,True,False
05,254,583,87,0.047151729464530945,2.0697524132638625,1.3290584927523093,0.12530629084851222,0.7271823918004108,1,0.7271823918004108,0.5574125973956512,True,True,False
05,255,583,87,0.04727524518966675,1.982996082232722,1.3331483943741609,0.11676647510060292,0.724957434737382,1,0.724957434737382,0.5574125973956512,True,True,False
05,256,583,87,0.04743717238306999,1.960862716587906,1.3385101917501117,0.11458778840141565,0.7265489900757637,1,0.7265489900757637,0.5574125973956512,True,True,False
05,257,583,87,0.04721060395240784,2.0016559634880235,1.331007968118208,0.11860325111342145,0.7248056096158147,1,0.7248056096158147,0.5574125973956512,True,True,False
05,258,583,87,0.04608415812253952,2.074760693081303,1.293708647554441,0.1257992783497882,0.7097539629521146,1,0.7097539629521146,0.5574125973956512,True,True,False
05,259,583,87,0.046670131385326385,2.1801769053677447,1.3131116263670475,0.13617587011051602,0.7246437482387817,1,0.7246437482387817,0.5574125973956512,True,True,False
05,260,583,87,0.04527157172560692,2.3179046003473482,1.2668019648704734,0.14973302639560476,0.708267495633039,1,0.708267495633039,0.5574125973956512,True,True,False
05,261,583,87,0.048577047884464264,2.4403247304010667,1.376254200917654,0.16178339023727756,0.7690187955774658,1,0.7690187955774658,0.5574125973956512,True,True,False
05,262,583,87,0.04709454998373985,2.535562825639162,1.3271651431325178,0.1711581041728316,0.7491616236526747,1,0.7491616236526747,0.5574125973956512,True,True,False
05,263,583,87,0.04655105620622635,2.630800920877257,1.3091687618646688,0.1805328181083856,0.7448507899865272,1,0.7448507899865272,0.5574125973956512,True,True,False
05,264,583,87,0.045997437089681625,2.7260390161153523,1.2908371063596322,0.18990753204393965,0.7403723192017859,1,0.7403723192017859,0.5574125973956512,True,True,False
05,265,583,87,0.04617750644683838,2.8212771113534476,1.2967996342488661,0.19928224597949368,0.7480409401141799,1,0.7480409401141799,0.5574125973956512,True,True,False
05,266,583,87,0.04596734419465065,2.916515206591543,1.2898406584979685,0.20865695991504776,0.7492488092065082,1,0.7492488092065082,0.5574125973956512,True,True,False
05,267,583,87,0.047039587050676346,3.011753301829638,1.325345188719175,0.21803167385060176,0.7716884312848884,1,0.7716884312848884,0.5574125973956512,True,True,False
05,268,583,87,0.04688351973891258,3.106991397067733,1.3201774260654817,0.22740638778615577,0.7737919069258188,1,0.7737919069258188,0.5574125973956512,True,True,False
05,269,583,87,0.049612585455179214,3.1546104446867806,1.4105433311907332,0.23209374475393277,0.821318537972333,1,0.821318537972333,0.5574125973956512,True,True,False
05,270,583,87,0.04810910299420357,3.2022294923058285,1.3607594243334566,0.23678110172170985,0.7987702630275832,1,0.7987702630275832,0.5574125973956512,True,True,False
05,271,583,87,0.04884606972336769,3.249848539924876,1.3851621586212979,0.24146845868948685,0.8133153086553924,1,0.8133153086553924,0.5574125973956512,True,True,False
05,272,583,87,0.04891253635287285,3.297467587543924,1.3873630279884435,0.24615581565726385,0.8167594218228537,1,0.8167594218228537,0.5574125973956512,True,True,False
05,273,583,87,0.04756277799606323,3.3450866351629713,1.3426692945666145,0.25084317262504086,0.7967562335958277,1,0.7967562335958277,0.5574125973956512,True,True,False
05,274,583,107,0.04848571866750717,15.654913364837027,1.3732300717054053,1.4625547665878156,1.4178924191466105,1,1.4178924191466105,0.5574125973956512,True,True,False
05,275,583,107,0.04830336198210716,14.734843895149238,1.3671918048972482,1.3719881917566363,1.3695899983269424,1,1.3695899983269424,0.5574125973956512,True,True,False
05,276,583,107,0.04911321401596069,13.847085908154611,1.394007946267715,1.2846021814498183,1.3393050638587667,1,1.3393050638587667,0.5574125973956512,True,True,False
05,277,583,107,0.049515437334775925,12.991639403853142,1.4073265241423967,1.2003967356673606,1.3038616299048786,1,1.3038616299048786,0.5574125973956512,True,True,False
05,278,583,107,0.04962491989135742,12.16850438224484,1.410951753927793,1.1193718544092643,1.2651618041685286,1,1.2651618041685286,0.5574125973956512,True,True,False
05,279,583,107,0.04900042340159416,11.377680843329696,1.390273178762443,1.0415275376755289,1.215900358218986,1,1.215900358218986,0.5574125973956512,True,True,False
05,280,583,108,0.05113552138209343,11.093662910456802,1.4609713889187215,1.0135703755063956,1.2372708822125587,1,1.2372708822125587,0.5574125973956512,True,True,False
05,281,583,108,0.050225742161273956,10.256916676764003,1.4308464189469592,0.9312056814424123,1.1810260501946859,1,1.1810260501946859,0.5574125973956512,True,True,False
05,282,583,108,0.049708571285009384,9.48479340845753,1.4137216520131675,0.855202116427151,1.1344618842201593,1,1.1344618842201593,0.5574125973956512,True,True,False
05,283,583,108,0.04996156319975853,8.775596752695987,1.4220988205179084,0.7853927008230823,1.1037457606704955,1,1.1037457606704955,0.5574125973956512,True,True,False
05,284,583,108,0.05181843414902687,8.09871157962761,1.4835842669955281,0.718763849743375,1.1011740583694516,1,1.1011740583694516,0.5574125973956512,True,True,False
05,285,583,108,0.051257841289043427,7.454137889252392,1.4650216941350773,0.6553155631880285,1.060168628661553,1,1.060168628661553,0.5574125973956512,True,True,False
05,286,583,108,0.052968863397836685,6.841875681570338,1.521677736028395,0.5950478411570432,1.0583627885927192,1,1.0583627885927192,0.5574125973956512,True,True,False
05,287,583,108,0.051831282675266266,6.261924956581443,1.4840097124863523,0.5379606836504186,1.0109851980683855,1,1.0109851980683855,0.5574125973956512,True,True,False
05,288,583,108,0.05218355730175972,5.714285714285713,1.4956743694735388,0.48405409066815525,0.989864230070847,1,0.989864230070847,0.5574125973956512,True,True,False
05,289,583,108,0.05122881755232811,5.198957954683144,1.4640606486671124,0.43332806221025283,0.9486943554386826,1,0.9486943554386826,0.5574125973956512,True,True,False
05,290,583,108,0.05289381742477417,4.7159416777737375,1.5191927840386437,0.3857825982767114,0.9524876911576775,1,0.9524876911576775,0.5574125973956512,True,True,False
05,291,583,108,0.051518723368644714,4.265236883557494,1.4736601249041168,0.34141769886753104,0.9075389118858239,1,0.9075389118858239,0.5574125973956512,True,True,False
05,292,583,108,0.05077698826789856,3.846843572034411,1.4490994984074452,0.3002333639827116,0.8746664311950785,1,0.8746664311950785,0.5574125973956512,True,True,False
05,293,583,108,0.052218303084373474,3.460761743204491,1.4968248855920998,0.26222959362225323,0.8795272396071765,1,0.8795272396071765,0.5574125973956512,True,True,False
05,294,583,108,0.051267124712467194,3.106991397067733,1.4653290905291434,0.22740638778615577,0.8463677391576496,1,0.8463677391576496,0.5574125973956512,True,True,False
05,295,583,108,0.05210207775235176,3.1546104446867806,1.4929763863551548,0.23209374475393277,0.8625350655545438,1,0.8625350655545438,0.5574125973956512,True,True,False
05,296,583,108,0.052334126085042953,3.2022294923058285,1.5006600626739248,0.23678110172170985,0.8687205821978173,1,0.8687205821978173,0.5574125973956512,True,True,False
05,297,583,108,0.05169748514890671,3.249848539924876,1.4795793557892107,0.24146845868948685,0.8605239072393488,1,0.8605239072393488,0.5574125973956512,True,True,False
05,298,583,108,0.050860900431871414,3.297467587543924,1.4518780312229902,0.24615581565726385,0.849016923440127,1,0.849016923440127,0.5574125973956512,True,True,False
05,299,583,108,0.052552446722984314,3.3450866351629713,1.5078891821258678,0.25084317262504086,0.8793661773754543,1,0.8793661773754543,0.5574125973956512,True,True,False
05,300,583,108,0.05482812598347664,3.392705682782019,1.5832423753170062,0.25553052959281786,0.919386452454912,1,0.919386452454912,0.5574125973956512,True,True,False
05,301,583,108,0.05410659685730934,3.392705682782019,1.5593508170552521,0.25553052959281786,0.907440673324035,1,0.907440673324035,0.5574125973956512,True,True,False
05,302,583,108,0.060108620673418045,3.392705682782019,1.7580922073754361,0.25553052959281786,1.0068113684841271,1,1.0068113684841271,0.5574125973956512,True,True,False
05,303,583,108,0.07342443615198135,3.392705682782019,2.1990107646050947,0.25553052959281786,1.2272706470989563,1,1.2272706470989563,0.5574125973956512,True,True,False
05,304,583,107,0.07545275241136551,4.345086635162971,2.2661731761098847,0.3492776689483582,1.3077254225291215,1,1.3077254225291215,0.5574125973956512,True,True,False
05,305,583,107,0.07500243186950684,4.297467587543924,2.2512619839319177,0.3445903119805812,1.2979261479562494,1,1.2979261479562494,0.5574125973956512,True,True,False
05,306,583,107,0.07708046585321426,4.249848539924876,2.3200706684203376,0.3399029550128042,1.329986811716571,1,1.329986811716571,0.5574125973956512,True,True,False
05,307,583,107,0.07923483848571777,4.202229492305828,2.3914071084894966,0.33521559804502715,1.3633113532672618,1,1.3633113532672618,0.5574125973956512,True,True,False
05,308,583,107,0.08059921860694885,4.154610444686781,2.4365850035673082,0.33052824107725015,1.3835566223222793,1,1.3835566223222793,0.5574125973956512,True,True,False
05,309,583,107,0.07872846722602844,4.106991397067733,2.3746399427380473,0.32584088410947315,1.3502404134237602,1,1.3502404134237602,0.5574125973956512,True,True,False
05,310,583,107,0.08785521239042282,4.059372349448686,2.676848344211159,0.32115352714169615,1.4990009356764276,1,1.4990009356764276,0.5574125973956512,True,True,False
05,311,583,107,0.08279979228973389,4.011753301829638,2.5094512711160846,0.31646617017391915,1.4129587206450018,1,1.4129587206450018,0.5574125973956512,True,True,False
05,312,583,107,0.0870881974697113,3.9641342542105904,2.6514506423011115,0.31177881320614215,1.481614727753627,1,1.481614727753627,0.5574125973956512,True,True,False
05,313,583,107,0.08281153440475464,3.916515206591543,2.5098400806803287,0.30709145623836515,1.408465768459347,1,1.408465768459347,0.5574125973956512,True,True,False
05,314,583,108,0.06125031039118767,3.0100569489882476,1.795896289594307,0.21786469421307283,1.0068804919036898,1,1.0068804919036898,0.5574125973956512,True,True,False
05,315,583,108,0.045732591301202774,2.9471303364433137,1.2820674276920028,0.21167054480187972,0.7468689862469412,0,0.7468689862469412,0.5574125973956512,True,True,False
05,316,583,108,0.03377581015229225,2.916515206591543,0.8861497535716626,0.20865695991504776,0.5474033567433552,0,0.5474033567433552,0.5574125973956512,False,False,False
05,317,583,108,0.031382519751787186,2.916515206591543,0.8069021737203879,0.20865695991504776,0.5077795668177179,0,0.5077795668177179,0.5574125973956512,False,False,False
05,318,583,109,0.0328880250453949,2.0865947736176755,0.8567530614131292,0.12696416010683562,0.49185861075998244,0,0.49185861075998244,0.5574125973956512,False,False,False
05,319,583,109,0.031329307705163956,2.042368431681409,0.8051401953524747,0.12261076241411642,0.46387547888329556,0,0.46387547888329556,0.5574125973956512,False,False,False
05,320,583,109,0.029280267655849457,2.0593723494486857,0.7372915695057147,0.12428453449506141,0.43078805200038806,0,0.43078805200038806,0.5574125973956512,False,False,False
05,321,583,109,0.029292350634932518,2.106991397067733,0.7376916658958244,0.1289718914628384,0.43333177867933137,0,0.43333177867933137,0.5574125973956512,False,False,False
05,322,583,109,0.029598165303468704,2.1546104446867806,0.747817922349867,0.1336592484306154,0.4407385853902412,0,0.4407385853902412,0.5574125973956512,False,False,False
05,323,583,109,0.030379613861441612,2.2022294923058285,0.7736935565748455,0.13834660539839247,0.456020080986619,0,0.456020080986619,0.5574125973956512,False,False,False
05,324,583,110,0.02903968282043934,1.3910093299406285,0.7293252291271524,0.05849455730865426,0.3939098932179033,0,0.3939098932179033,0.5574125973956512,False,False,False
05,325,583,110,0.02922176383435726,1.4709398602528376,0.7353543677919866,0.06636247880079221,0.40085842329638943,0,0.40085842329638943,0.5574125973956512,False,False,False
05,326,583,110,0.029184823855757713,1.5831818732582095,0.7341311965867061,0.07741096481729123,0.4057710807019987,0,0.4057710807019987,0.5574125973956512,False,False,False
05,327,583,111,0.029044490307569504,0.9573488428450273,0.729484416545508,0.01580740568607428,0.37264591111579115,0,0.37264591111579115,0.5574125973956512,False,False,False
05,328,583,111,0.029980480670928955,1.023668161072742,0.760477300252683,0.022335514372325182,0.3914064073125041,0,0.3914064073125041,0.5574125973956512,False,False,False
05,329,583,112,0.029779138043522835,0.658063734399614,0.753810363411477,0.0,0.3769051817057385,0,0.3769051817057385,0.5574125973956512,False,False,False
05,330,583,112,0.029693497344851494,0.6478452279979005,0.7509745946702311,0.0,0.37548729733511554,0,0.37548729733511554,0.5574125973956512,False,False,False
05,331,583,112,0.02944072335958481,0.734561169675674,0.742604642332847,0.0,0.3713023211664235,0,0.3713023211664235,0.5574125973956512,False,False,False
05,332,583,112,0.028501830995082855,0.9165152065915427,0.7115156664142043,0.011787967268412974,0.36165181684130865,0,0.36165181684130865,0.5574125973956512,False,False,False
05,333,583,112,0.02731669321656227,1.1546104446867809,0.6722729147956577,0.035224752107298064,0.35374883345147784,0,0.35374883345147784,0.5574125973956512,False,False,False
05,334,583,112,0.02645379863679409,1.392705682782019,0.6437004076318884,0.05866153694618316,0.3511809722890358,0,0.3511809722890358,0.5574125973956512,False,False,False
05,335,583,114,0.026372898370027542,0.574821277111355,0.6410216059498115,0.0,0.32051080297490575,0,0.32051080297490575,0.5574125973956512,False,False,False
05,336,583,114,0.0264886524528265,0.46423522759400676,0.6448545009958058,0.0,0.3224272504979029,0,0.3224272504979029,0.5574125973956512,False,False,False
05,337,583,114,0.026821274310350418,0.48289510884930836,0.6558684077113649,0.0,0.32793420385568245,0,0.32793420385568245,0.5574125973956512,False,False,False
05,338,583,114,0.027991250157356262,0.6257118623530844,0.6946091114471472,0.0,0.3473045557235736,0,0.3473045557235736,0.5574125973956512,False,False,False
05,339,583,114,0.025586357340216637,0.8025768407447804,0.614977347779934,0.0005725016143850593,0.3077749246971595,0,0.3077749246971595,0.5574125973956512,False,False,False
05,340,583,114,0.025392785668373108,1.011753301829638,0.6085677258978057,0.02116268120396702,0.3148652035508864,0,0.3148652035508864,0.5574125973956512,False,False,False
05,341,583,114,0.026714812964200974,1.249848539924876,0.6523432174426571,0.04459946604285209,0.3484713417427546,0,0.3484713417427546,0.5574125973956512,False,False,False
05,342,583,114,0.02601630613207817,1.4879437780201141,0.6292139825016608,0.06803625088173718,0.348625116691699,0,0.348625116691699,0.5574125973956512,False,False,False
05,343,583,114,0.027001699432730675,1.7260390161153523,0.6618427158396172,0.09147303572062228,0.3766578757801197,0,0.3766578757801197,0.5574125973956512,False,False,False
05,344,583,114,0.026688534766435623,1.9641342542105904,0.6514730833480576,0.11490982055950737,0.3831914519537825,0,0.3831914519537825,0.5574125973956512,False,False,False
05,345,583,114,0.02652457356452942,2.1546104446867806,0.6460439350767777,0.1336592484306154,0.38985159175369655,0,0.38985159175369655,0.5574125973956512,False,False,False
05,346,583,114,0.025118665769696236,2.3450866351629713,0.5994909592193306,0.1524086763017235,0.37594981776052705,0,0.37594981776052705,0.5574125973956512,False,False,False
05,347,583,116,0.02521997131407261,1.0985096328607797,0.6028454285372409,0.029702496951876437,0.31627396274455866,0,0.31627396274455866,0.5574125973956512,False,False,False
05,348,583,116,0.024655142799019814,1.1784401631729888,0.5841426029881653,0.03757041844401439,0.3108565107160899,0,0.3108565107160899,0.5574125973956512,False,False,False
05,349,583,116,0.025375861674547195,1.2906821761783607,0.6080073319097471,0.04861890446051341,0.32831311818513026,0,0.32831311818513026,0.5574125973956512,False,False,False
05,350,583,117,0.025338858366012573,0.8978553253362426,0.606782063698568,0.009951191255594592,0.3083666274770813,0,0.3083666274770813,0.5574125973956512,False,False,False
05,351,583,117,0.024982528761029243,0.9165555959449095,0.5949831366572318,0.01179194297406846,0.30338753981565014,0,0.30338753981565014,0.5574125973956512,False,False,False
05,352,583,117,0.024897590279579163,0.9998788319399009,0.5921706200108019,0.019993823741264342,0.3060822218760331,0,0.3060822218760331,0.5574125973956512,False,False,False
05,353,583,121,0.025665471330285072,2.750151460075124,0.6175970015603437,0.192281028320244,0.40493901494029383,0,0.40493901494029383,0.5574125973956512,False,False,False
05,354,583,121,0.025625787675380707,2.3538915141968566,0.6162829806583418,0.15327538013461173,0.38477918039647674,0,0.38477918039647674,0.5574125973956512,False,False,False
05,355,583,121,0.024843627586960793,1.9899430510117524,0.5903837859553268,0.1174502964733406,0.3539170412143337,0,0.3539170412143337,0.5574125973956512,False,False,False
05,356,583,121,0.02386408858001232,1.7535441657579047,0.5579489023096958,0.0941804912719844,0.3260646967908401,0,0.3260646967908401,0.5574125973956512,False,False,False
05,357,583,121,0.02449868433177471,1.5494567631972198,0.5789618882392166,0.07409125059498926,0.3265265694171029,0,0.3265265694171029,0.5574125973956512,False,False,False
05,358,583,121,0.023107407614588737,1.3776808433296965,0.5328933824209726,0.05718257444235509,0.29503797843166385,0,0.29503797843166385,0.5574125973956512,False,False,False
05,359,583,122,0.02340126410126686,1.7127105295044216,0.5426236748200586,0.09016105285432323,0.3163923638371909,0,0.3163923638371909,0.5574125973956512,False,False,False
05,360,583,122,0.02327592484652996,1.4950119148592411,0.5384733917636582,0.06873199937144094,0.30360269556754954,0,0.30360269556754954,0.5574125973956512,False,False,False
05,361,583,122,0.023584501817822456,1.341936265600386,0.5486911146808628,0.05366407493728073,0.3011775948090718,0,0.3011775948090718,0.5574125973956512,False,False,False
05,362,583,125,0.024853577837347984,3.2263419362656003,0.5907132625879715,0.2391545979980142,0.41493393029299286,0,0.41493393029299286,0.5574125973956512,False,False,False
05,363,583,125,0.02407016046345234,2.7348438951492375,0.5647724361502064,0.19077423587682787,0.37777333601351715,0,0.37777333601351715,0.5574125973956512,False,False,False
05,364,583,125,0.02452755719423294,2.275657336726038,0.5799179378990115,0.1455744382800027,0.3627461880895071,0,0.3627461880895071,0.5574125973956512,False,False,False
05,365,583,125,0.023511596024036407,1.8555676723615644,0.5462770291551526,0.10422312375765429,0.32525007645640347,0,0.32525007645640347,0.5574125973956512,False,False,False
05,366,583,125,0.021777411922812462,1.500100973383415,0.4888540381927716,0.06923293828402786,0.27904348823839975,0,0.27904348823839975,0.5574125973956512,False,False,False
05,367,583,125,0.022666357457637787,1.2092572397915897,0.5182891549005633,0.040603881859123454,0.27944651837984336,0,0.27944651837984336,0.5574125973956512,False,False,False
05,368,583,125,0.02328239567577839,1.0833636253483567,0.5386876564251721,0.028211607331081898,0.283449631878127,0,0.283449631878127,0.5574125973956512,False,False,False
05,369,583,125,0.022143486887216568,1.0544044589846107,0.5009756574359043,0.025361026376123398,0.26316834190601385,0,0.26316834190601385,0.5574125973956512,False,False,False
05,370,583,126,0.023380255326628685,0.8911910820307758,0.541928023951545,0.00929519982244493,0.275611611886995,0,0.275611611886995,0.5574125973956512,False,False,False
05,371,583,126,0.02233974263072014,0.8026980088048783,0.5074741553621436,0.0005844287313512672,0.2540292920467474,0,0.2540292920467474,0.5574125973956512,False,False,False
05,372,583,126,0.02281479723751545,0.8434508663516291,0.5232043516967725,0.00459591573770159,0.26390013371723703,0,0.26390013371723703,0.5574125973956512,False,False,False
05,373,583,126,0.021619437262415886,1.011753301829638,0.4836231186555463,0.02116268120396702,0.25239289992975666,0,0.25239289992975666,0.5574125973956512,False,False,False
05,374,583,126,0.022031068801879883,1.249848539924876,0.49725322525944704,0.04459946604285209,0.2709263456511496,0,0.2709263456511496,0.5574125973956512,False,False,False
05,375,583,126,0.02230760082602501,1.4879437780201141,0.5064098631919983,0.06803625088173718,0.28722305703686773,0,0.28722305703686773,0.5574125973956512,False,False,False
05,376,583,126,0.021380813792347908,1.7260390161153523,0.47572172378319416,0.09147303572062228,0.28359737975190824,0,0.28359737975190824,0.5574125973956512,False,False,False
05,377,583,126,0.022730950266122818,1.9641342542105904,0.5204279775637701,0.11490982055950737,0.31766889906163875,0,0.31766889906163875,0.5574125973956512,False,False,False
05,378,583,126,0.024157389998435974,2.2022294923058285,0.5676608150688477,0.13834660539839247,0.3530037102336201,0,0.3530037102336201,0.5574125973956512,False,False,False
05,379,583,127,0.023008935153484344,1.581485520416819,0.5296327232786993,0.07724398517976233,0.3034383542292308,0,0.3034383542292308,0.5574125973956512,False,False,False
05,380,583,127,0.02397109754383564,1.7566541459671232,0.5614922255117616,0.0944866206074543,0.32798942305960793,0,0.32798942305960793,0.5574125973956512,False,False,False
05,381,583,127,0.02408895455300808,1.9641342542105904,0.5653947534889157,0.11490982055950737,0.3401522870242115,0,0.3401522870242115,0.5574125973956512,False,False,False
05,382,583,127,0.024348057806491852,2.2022294923058285,0.5739742830628641,0.13834660539839247,0.3561604442306283,0,0.3561604442306283,0.5574125973956512,False,False,False
05,383,583,127,0.023601042106747627,2.297467587543924,0.5492388032802422,0.1477213193339465,0.34848006130709436,0,0.34848006130709436,0.5574125973956512,False,False,False
05,384,583,129,0.023418156430125237,1.1342542105900901,0.5431830203051679,0.03322099645695077,0.2882020083810593,0,0.2882020083810593,0.5574125973956512,False,False,False
05,385,583,129,0.023810535669326782,1.07472030372794,0.5561756371159171,0.02736080632081574,0.2917682217183664,0,0.2917682217183664,0.5574125973956512,False,False,False
05,386,583,129,0.022719211876392365,1.0798093622521112,0.5200392913528141,0.027861745233402416,0.2739505182931083,0,0.2739505182931083,0.5574125973956512,False,False,False
05,387,583,131,0.023540988564491272,1.0952380952380967,0.5472502865986443,0.02938046479378485,0.28831537569621457,0,0.28831537569621457,0.5574125973956512,False,False,False
05,388,583,131,0.022911537438631058,0.937073387455069,0.5264076515600568,0.01381160144703784,0.2701096265035473,0,0.2701096265035473,0.5574125973956512,False,False,False
05,389,583,131,0.02349616214632988,0.8112201623652013,0.5457659764823534,0.0014233026246516318,0.2735946395535025,0,0.2735946395535025,0.5574125973956512,False,False,False
05,390,583,131,0.02355031669139862,0.7210711256512774,0.5475591632321681,0.0,0.27377958161608407,0,0.27377958161608407,0.5574125973956512,False,False,False
05,391,583,131,0.02355082519352436,0.6547114180701958,0.5475760009560005,0.0,0.2737880004780002,0,0.2737880004780002,0.5574125973956512,False,False,False
05,392,583,131,0.02398776076734066,0.6852861585686014,0.5620439847696498,0.0,0.2810219923848249,0,0.2810219923848249,0.5574125973956512,False,False,False
05,393,583,133,0.023449933156371117,1.1821155943293333,0.5442352238530747,0.03793220765866019,0.29108371575586744,0,0.29108371575586744,0.5574125973956512,False,False,False
05,394,583,133,0.023899327963590622,0.9167979320651065,0.5591157627389366,0.011815797208000996,0.2854657799734688,0,0.2854657799734688,0.5574125973956512,False,False,False
05,395,583,134,0.023351475596427917,1.4644371743608375,0.5409750581239539,0.06572239019026445,0.3033487241571092,0,0.3033487241571092,0.5574125973956512,False,False,False
05,396,583,134,0.02362142689526081,1.122581687467184,0.5499137924729908,0.032072017522525226,0.290992904997758,0,0.290992904997758,0.5574125973956512,False,False,False
05,397,583,134,0.024217218160629272,0.8776606486530131,0.5696418688765126,0.007963338427868654,0.2888026036521906,0,0.2888026036521906,0.5574125973956512,False,False,False
05,398,583,137,0.023457927629351616,3.1787228886465524,0.5444999400094412,0.2344672410302371,0.38948359051983916,0,0.38948359051983916,0.5574125973956512,False,False,False
05,399,583,137,0.02367328852415085,2.6872248475301914,0.5516310552739502,0.186086878909051,0.36885896709150057,0,0.36885896709150057,0.5574125973956512,False,False,False
05,400,583,137,0.02294773794710636,2.275657336726038,0.5276063371376398,0.1455744382800027,0.33659038770882127,0,0.33659038770882127,0.5574125973956512,False,False,False
05,401,583,138,0.02290041372179985,2.656609717678419,0.5260393186416453,0.18307329402221884,0.3545563063319321,0,0.3545563063319321,0.5574125973956512,False,False,False
05,402,583,138,0.022246725857257843,2.1991195120966114,0.5043941471103637,0.1380404760629227,0.3212173115866432,0,0.3212173115866432,0.5574125973956512,False,False,False
05,403,583,139,0.022552501410245895,2.5596752695989333,0.5145191083548807,0.1735316004491359,0.3440253544020083,0,0.3440253544020083,0.5574125973956512,False,False,False
05,404,583,139,0.022040925920009613,2.025647239387696,0.49757961805988793,0.12096482027275945,0.3092722191663237,0,0.3092722191663237,0.5574125973956512,False,False,False
05,405,583,139,0.02209574170410633,1.6837917524940398,0.49939470001834907,0.08731444760501997,0.2933545738116845,0,0.2933545738116845,0.5574125973956512,False,False,False
05,406,583,139,0.024044036865234375,1.4371743608384813,0.563907421217065,0.06303878887283478,0.3134731050449499,0,0.3134731050449499,0.5574125973956512,False,False,False
05,407,583,139,0.02258860506117344,1.2517872288864649,0.5157145867469719,0.044790299914313665,0.2802524433306428,0,0.2802524433306428,0.5574125973956512,False,False,False
05,408,583,139,0.022901756688952446,1.1939496748657037,0.5260837875020229,0.03909708941570738,0.2825904384588651,0,0.2825904384588651,0.5574125973956512,False,False,False
05,409,583,139,0.023070087656378746,1.1684236035381053,0.531657629180301,0.03658444344146215,0.2841210363108816,0,0.2841210363108816,0.5574125973956512,False,False,False
05,410,583,139,0.023450804874300957,1.1836907791106246,0.5442640885225013,0.03808726017922275,0.291175674350862,0,0.291175674350862,0.5574125973956512,False,False,False
05,411,583,139,0.023160608485341072,1.273759037117815,0.5346549907290213,0.046953083790879126,0.29080403725995024,0,0.29080403725995024,0.5574125973956512,False,False,False
05,412,583,141,0.024913441389799118,0.9915182357930438,0.5926954882518738,0.019170852670585794,0.3059331704612298,0,0.3059331704612298,0.5574125973956512,False,False,False
05,413,583,142,0.025651846081018448,1.0936225211034372,0.6171458369089405,0.02922143656756666,0.3231836367382536,0,0.3231836367382536,0.5574125973956512,False,False,False
05,414,583,142,0.024104353040456772,0.8469647400945132,0.5659046343054774,0.0049418021297261095,0.28542321821760175,0,0.28542321821760175,0.5574125973956512,False,False,False
05,415,583,142,0.02474954165518284,0.724463831334061,0.5872683753098483,0.0,0.29363418765492416,0,0.29363418765492416,0.5574125973956512,False,False,False
05,416,583,142,0.024513205513358116,0.7686497839169595,0.5794427193564193,0.0,0.28972135967820967,0,0.28972135967820967,0.5574125973956512,False,False,False
05,417,583,142,0.025457924231886864,0.8774587018861837,0.6107246198177263,0.007943459899591682,0.309334039858659,0,0.309334039858659,0.5574125973956512,False,False,False
05,418,583,142,0.026210973039269447,1.0508905852417307,0.6356598702505047,0.025015139984099283,0.33033750511730203,0,0.33033750511730203,0.5574125973956512,False,False,False
05,419,583,142,0.025529304519295692,1.2294519164748172,0.6130881921719397,0.04259173468684919,0.3278399634293944,0,0.3278399634293944,0.5574125973956512,False,False,False
05,420,583,142,0.024888386949896812,1.4403247304010667,0.5918658757124311,0.06334889391396017,0.3276073848131956,0,0.3276073848131956,0.5574125973956512,False,False,False
05,421,583,142,0.025540493428707123,1.6784199684963046,0.6134586837728937,0.08678567875284525,0.3501221812628695,0,0.3501221812628695,0.5574125973956512,False,False,False
05,422,583,142,0.026118051260709763,1.868896158972495,0.6325830075075727,0.10553510662395332,0.36905905706576303,0,0.36905905706576303,0.5574125973956512,False,False,False
05,423,583,145,0.025621090084314346,0.9677289066602041,0.6161274321619865,0.016829162039525097,0.3164782971007558,0,0.3164782971007558,0.5574125973956512,False,False,False
05,424,583,145,0.0247353445738554,0.7908235389151425,0.5867982759287144,0.0,0.2933991379643572,0,0.2933991379643572,0.5574125973956512,False,False,False
05,425,583,145,0.02503575012087822,0.7040672078840021,0.5967454234083653,0.0,0.29837271170418267,0,0.29837271170418267,0.5574125973956512,False,False,False
05,426,583,145,0.024682827293872833,0.6819338422391846,0.585059302949041,0.0,0.2925296514745205,0,0.2925296514745205,0.5574125973956512,False,False,False
05,427,583,145,0.025368070229887962,0.7244234419806928,0.6077493385075845,0.0,0.30387466925379225,0,0.30387466925379225,0.5574125973956512,False,False,False
05,428,583,145,0.024640284478664398,0.8315360071085265,0.5836506083983851,0.003423082569343558,0.29353684548386433,0,0.29353684548386433,0.5574125973956512,False,False,False
05,429,583,145,0.02339249849319458,1.003271537622683,0.5423334245330451,0.02032778301632226,0.28133060377468366,0,0.28133060377468366,0.5574125973956512,False,False,False
05,430,583,145,0.025081098079681396,1.2294519164748172,0.598247002984997,0.04259173468684919,0.3204193688359231,0,0.3204193688359231,0.5574125973956512,False,False,False
05,431,583,145,0.02534555457532406,1.4879437780201141,0.6070037912340149,0.06803625088173718,0.33752002105787604,0,0.33752002105787604,0.5574125973956512,False,False,False
05,432,583,145,0.02468685992062092,1.7736580637344,0.5851928328834617,0.0961603926883993,0.3406766127859305,0,0.3406766127859305,0.5574125973956512,False,False,False
05,433,583,148,0.02448590286076069,1.0629670018982993,0.5785386631075791,0.02620387597507913,0.3023712695413291,0,0.3023712695413291,0.5574125973956512,False,False,False
05,434,583,148,0.023623699322342873,0.8792762227876733,0.5499890379787614,0.008122366654086909,0.2790557023164242,0,0.2790557023164242,0.5574125973956512,False,False,False
05,435,583,148,0.02359374426305294,0.7602084090633701,0.5489971541887593,0.0,0.27449857709437964,0,0.27449857709437964,0.5574125973956512,False,False,False
05,436,583,148,0.024329865351319313,0.7057635607253926,0.573371887280191,0.0,0.2866859436400955,0,0.2866859436400955,0.5574125973956512,False,False,False
05,437,583,148,0.0233022291213274,0.7159416777737379,0.5393443893312747,0.0,0.26967219466563735,0,0.26967219466563735,0.5574125973956512,False,False,False
05,438,583,148,0.02378253825008869,0.7907427602084088,0.5552485754788371,0.0,0.27762428773941855,0,0.27762428773941855,0.5574125973956512,False,False,False
05,439,583,148,0.02360585518181324,0.9301668080294027,0.54939817572853,0.01313175577995539,0.2812649657542427,0,0.2812649657542427,0.5574125973956512,False,False,False
05,440,583,148,0.023020034655928612,1.134213821236722,0.5300002544007377,0.033217020751295165,0.28160863757601645,0,0.28160863757601645,0.5574125973956512,False,False,False
05,441,583,148,0.02458801120519638,1.392705682782019,0.5819197150590854,0.05866153694618316,0.32029062600263425,0,0.32029062600263425,0.5574125973956512,False,False,False
05,442,583,149,0.02396533265709877,0.9233813966638409,0.5613013362983518,0.012463837229839805,0.2868825867640958,0,0.2868825867640958,0.5574125973956512,False,False,False
05,443,583,149,0.02344506047666073,1.1155135506280562,0.5440738777521764,0.03137626903282141,0.2877250733924989,0,0.2877250733924989,0.5574125973956512,False,False,False
05,444,583,149,0.023925943300127983,1.249848539924876,0.5599970603061136,0.04459946604285209,0.30229826317448283,0,0.30229826317448283,0.5574125973956512,False,False,False
05,445,583,149,0.024236122146248817,1.4403247304010667,0.5702678251372221,0.06334889391396017,0.3168083595255911,0,0.3168083595255911,0.5574125973956512,False,False,False
05,446,583,149,0.02405967190861702,1.6308009208772571,0.5644251349674244,0.08209832178506825,0.32326172837624634,0,0.32326172837624634,0.5574125973956512,False,False,False
05,447,583,149,0.025035573169589043,1.8212771113534476,0.5967395641271783,0.10084774965617632,0.3487936568916773,0,0.3487936568916773,0.5574125973956512,False,False,False
05,448,583,149,0.024450600147247314,2.011753301829638,0.5773697056724397,0.11959717752728437,0.34848344159986205,0,0.34848344159986205,0.5574125973956512,False,False,False
05,449,583,149,0.02451307140290737,2.2022294923058285,0.579438278638046,0.13834660539839247,0.35889244201821924,0,0.35889244201821924,0.5574125973956512,False,False,False
05,450,583,152,0.02392915077507496,0.9898218829516561,0.5601032674872094,0.019003873033057166,0.2895535702601333,0,0.2895535702601333,0.5574125973956512,False,False,False
05,451,583,152,0.02423333190381527,0.8945433983601954,0.5701754335243989,0.009625183391847777,0.28990030845812337,0,0.28990030845812337,0.5574125973956512,False,False,False
05,452,583,152,0.02348257601261139,0.8961993618482176,0.5453161070404758,0.009788187323721047,0.2775521471820984,0,0.2775521471820984,0.5574125973956512,False,False,False
05,453,583,152,0.023276984691619873,0.9947897734157282,0.5385084857741365,0.019492884828677514,0.279000685301407,0,0.279000685301407,0.5574125973956512,False,False,False
05,454,583,152,0.02422221750020981,1.0287976089502815,0.5698074089892079,0.022840428990567485,0.2963239189898877,0,0.2963239189898877,0.5574125973956512,False,False,False
05,455,583,152,0.02467712014913559,1.0951169271779975,0.5848703257115975,0.029368537676818508,0.30711943169420797,0,0.30711943169420797,0.5574125973956512,False,False,False
05,456,583,152,0.025452177971601486,1.1937477280988735,0.6105343473707572,0.03907721088743033,0.32480577912909375,0,0.32480577912909375,0.5574125973956512,False,False,False
05,457,583,152,0.025116991251707077,1.3246900117129126,0.5994355119163078,0.05196644862240324,0.32570098026935557,0,0.32570098026935557,0.5574125973956512,False,False,False
05,458,583,152,0.024568742141127586,1.4879437780201141,0.5812816701761372,0.06803625088173718,0.32465896052893717,0,0.32465896052893717,0.5574125973956512,False,False,False
05,459,583,152,0.02483448013663292,1.6784199684963046,0.5900808919562782,0.08678567875284525,0.33843328535456174,0,0.33843328535456174,0.5574125973956512,False,False,False
05,460,583,155,0.025001469999551773,1.0409144149602154,0.5956103264508229,0.024033140687202678,0.30982173356901277,0,0.30982173356901277,0.5574125973956512,False,False,False
05,461,583,155,0.024858098477125168,0.8520941879720499,0.5908629518031397,0.005446716747968151,0.29815483427555395,0,0.29815483427555395,0.5574125973956512,False,False,False
05,462,583,155,0.02545757405459881,0.7602084090633701,0.6107130246086403,0.0,0.30535651230432015,0,0.30535651230432015,0.5574125973956512,False,False,False
05,463,583,157,0.02470928058028221,1.9406276505513145,0.5859352346481834,0.1125959598680347,0.3492655972581091,0,0.3492655972581091,0.5574125973956512,False,False,False
05,464,583,157,0.025243671610951424,1.5919867522920963,0.6036302021564416,0.07827766865017961,0.3409539354033106,0,0.3409539354033106,0.5574125973956512,False,False,False
05,465,583,157,0.024444179609417915,1.284139100932993,0.5771571062803158,0.04797484014433007,0.31256597321232293,0,0.31256597321232293,0.5574125973956512,False,False,False
05,466,583,157,0.025329045951366425,1.0443071206429964,0.6064571511375849,0.024367099962260476,0.3154121255499227,0,0.3154121255499227,0.5574125973956512,False,False,False
05,467,583,157,0.024651026353240013,0.901409588432488,0.5840062976047613,0.010301053353274062,0.29715367547901766,0,0.29715367547901766,0.5574125973956512,False,False,False
05,468,583,158,0.02466917410492897,1.100448321822367,0.5846072131479767,0.029893330823337862,0.3072502719856573,0,0.3072502719856573,0.5574125973956512,False,False,False
05,469,583,160,0.024933550506830215,2.464437174360838,0.5933613493012994,0.16415688651358185,0.3787591179074406,0,0.3787591179074406,0.5574125973956512,False,False,False
05,470,583,161,0.024567360058426857,2.893008602932267,0.5812359061062341,0.20634309922357502,0.39378950266490453,0,0.39378950266490453,0.5574125973956512,False,False,False
05,471,583,161,0.024037523195147514,2.496748657054001,0.5636917379927374,0.16733745103794295,0.3655145945153402,0,0.3655145945153402,0.5574125973956512,False,False,False
05,472,583,161,0.0223535243421793,2.134496546710286,0.5079305008516489,0.13167934701420056,0.31980492393292476,0,0.31980492393292476,0.5574125973956512,False,False,False
05,473,583,161,0.022753272205591202,1.8351710489115056,0.5211671104663559,0.10221539240165138,0.3116912514340036,0,0.3116912514340036,0.5574125973956512,False,False,False
05,474,583,161,0.02288273721933365,1.5681570338058883,0.5254540072893807,0.0759320023134633,0.300693004801422,0,0.300693004801422,0.5574125973956512,False,False,False
05,475,583,161,0.022015610709786415,1.3402399127589955,0.4967413707902748,0.05349709529975183,0.2751192330450133,0,0.2751192330450133,0.5574125973956512,False,False,False
05,476,583,161,0.02268526330590248,1.1769457570984283,0.5189151728379169,0.03742331733476252,0.2781692450863397,0,0.2781692450863397,0.5574125973956512,False,False,False
05,477,583,163,0.022240938618779182,1.836867401752896,0.504202517777225,0.10238237203918028,0.3032924449082027,0,0.3032924449082027,0.5574125973956512,False,False,False
05,478,583,163,0.022038275375962257,1.4184740902298156,0.4974918521953703,0.06119803715436104,0.27934494467486565,0,0.27934494467486565,0.5574125973956512,False,False,False
05,479,583,163,0.021559376269578934,1.091926168262044,0.48163435526737214,0.029054456930037498,0.2553444060987048,0,0.2553444060987048,0.5574125973956512,False,False,False
05,480,583,163,0.022739239037036896,0.8300012116805979,0.5207024386299005,0.0032720057544360797,0.2619872221921683,0,0.2619872221921683,0.5574125973956512,False,False,False
05,481,583,164,0.022480247542262077,0.9524617310876847,0.5121266096545964,0.0153263453017645,0.26372647747818045,0,0.26372647747818045,0.5574125973956512,False,False,False
05,482,583,164,0.02240682579576969,0.7568560927339574,0.5096954396984776,0.0,0.2548477198492388,0,0.2548477198492388,0.5574125973956512,False,False,False
05,483,583,164,0.021631143987178802,0.6581849024597104,0.484010756363553,0.0,0.2420053781817765,0,0.2420053781817765,0.5574125973956512,False,False,False
05,484,583,164,0.022829663008451462,0.7499899026616565,0.523696592993129,0.0,0.2618482964965645,0,0.2618482964965645,0.5574125973956512,False,False,False
05,485,583,164,0.021537624299526215,0.9064178682499284,0.48091409541787306,0.010794040854550048,0.24585406813621155,0,0.24585406813621155,0.5574125973956512,False,False,False
05,486,583,164,0.02191595919430256,1.132557857748697,0.49344167033230246,0.03305401681942161,0.26324784357586206,0,0.26324784357586206,0.5574125973956512,False,False,False
05,487,583,164,0.022704627364873886,1.4131426955854434,0.5195563632297128,0.06067324400784142,0.2901148036187771,0,0.2901148036187771,0.5574125973956512,False,False,False
05,488,583,164,0.023789571598172188,1.7260390161153523,0.5554814664868615,0.09147303572062228,0.32347725110374187,0,0.32347725110374187,0.5574125973956512,False,False,False
05,489,583,165,0.022671444341540337,1.1529140918453904,0.51845759381553,0.03505777246976917,0.2767576831426496,0,0.2767576831426496,0.5574125973956512,False,False,False
05,490,583,165,0.023438796401023865,1.3280827173956962,0.5438664591981547,0.0523004078974613,0.298083433547808,0,0.298083433547808,0.5574125973956512,False,False,False
05,491,583,167,0.0221817996352911,0.7040672078840021,0.5022442843278675,0.0,0.25112214216393375,0,0.25112214216393375,0.5574125973956512,False,False,False
05,492,583,167,0.02209099754691124,0.6240962882184262,0.4992376096058919,0.0,0.24961880480294596,0,0.24961880480294596,0.5574125973956512,False,False,False
05,493,583,167,0.021330295130610466,0.6342744052667716,0.4740489298426124,0.0,0.2370244649213062,0,0.2370244649213062,0.5574125973956512,False,False,False
05,494,583,167,0.020980631932616234,0.7090754877014425,0.4624707435104179,0.0,0.23123537175520895,0,0.23123537175520895,0.5574125973956512,False,False,False
05,495,583,168,0.02234470844268799,0.6071327598045164,0.5076385852952455,0.0,0.25381929264762276,0,0.25381929264762276,0.5574125973956512,False,False,False
05,496,583,168,0.021610727533698082,0.6053960176097606,0.48333471866785516,0.0,0.24166735933392758,0,0.24166735933392758,0.5574125973956512,False,False,False
05,497,583,168,0.02171969786286354,0.7005937234944876,0.48694298737613095,0.0,0.24347149368806548,0,0.24347149368806548,0.5574125973956512,False,False,False
05,498,583,168,0.022108446806669235,0.7890060180136529,0.4998153964075795,0.0,0.24990769820378975,0,0.24990769820378975,0.5574125973956512,False,False,False
05,499,583,168,0.02271147444844246,0.942041277919141,0.5197830865733297,0.014300613242658187,0.26704184990799396,0,0.26704184990799396,0.5574125973956512,False,False,False
05,500,583,168,0.022095633670687675,1.1546104446867809,0.49939112277299275,0.035224752107298064,0.2673079374401454,0,0.2673079374401454,0.5574125973956512,False,False,False
05,501,583,171,0.022088853642344475,1.4644371743608382,0.49916661978856247,0.0657223901902645,0.2824445049894135,0,0.2824445049894135,0.5574125973956512,False,False,False
05,502,583,171,0.02230091765522957,1.1634153237206677,0.5061885673930598,0.03609145594018645,0.27114001166662316,0,0.27114001166662316,0.5574125973956512,False,False,False
05,503,583,171,0.021863605827093124,0.9014903671392217,0.49170812489730753,0.010309004764585046,0.2510085648309463,0,0.2510085648309463,0.5574125973956512,False,False,False
05,504,583,171,0.021250491961836815,0.7092774344682753,0.4714064557038952,0.0,0.2357032278519476,0,0.2357032278519476,0.5574125973956512,False,False,False
05,505,583,171,0.022991884499788284,0.6139989498768118,0.5290681352788436,0.0,0.2645340676394218,0,0.2645340676394218,0.5574125973956512,False,False,False
05,506,583,171,0.022982893511652946,0.6156549133648368,0.5287704221178972,0.0,0.2643852110589486,0,0.2643852110589486,0.5574125973956512,False,False,False
05,507,583,171,0.022351115942001343,0.7176380306151283,0.5078507529508609,0.0,0.25392537647543045,0,0.25392537647543045,0.5574125973956512,False,False,False
05,508,583,173,0.023195866495370865,1.0749626398481342,0.5358224679247029,0.027384660554748003,0.28160356423972543,0,0.28160356423972543,0.5574125973956512,False,False,False
05,509,583,173,0.022821711376309395,0.7568964820873202,0.5234332953995761,0.0,0.26171664769978803,0,0.26171664769978803,0.5574125973956512,False,False,False
05,510,583,173,0.022987348958849907,0.5918655842319944,0.5289179526505228,0.0,0.2644589763252614,0,0.2644589763252614,0.5574125973956512,False,False,False
05,511,583,173,0.022352611646056175,0.5560806171493171,0.5079002792960525,0.0,0.25395013964802626,0,0.25395013964802626,0.5574125973956512,False,False,False
05,512,583,173,0.02166253887116909,0.6376671109495524,0.48505031619942446,0.0,0.24252515809971223,0,0.24252515809971223,0.5574125973956512,False,False,False
05,513,583,173,0.021355044096708298,0.8060099357809282,0.4748684274124269,0.000910436595098344,0.2378894320037626,0,0.2378894320037626,0.5574125973956512,False,False,False
05,514,583,173,0.02159659005701542,1.0355830203158458,0.4828665929393316,0.023508347540683323,0.2531874702400075,0,0.2531874702400075,0.5574125973956512,False,False,False
05,515,583,173,0.022105487063527107,1.2974675875439237,0.4997173922201455,0.049286823010629116,0.2745021076153873,0,0.2745021076153873,0.5574125973956512,False,False,False
05,516,583,173,0.021944446489214897,1.5355628256391618,0.49438495292677404,0.0727236078495142,0.2835542803881441,0,0.2835542803881441,0.5574125973956512,False,False,False
05,517,583,173,0.021577881649136543,1.7736580637344,0.4822471127262498,0.0961603926883993,0.28920375270732457,0,0.28920375270732457,0.5574125973956512,False,False,False
05,518,583,173,0.021681904792785645,2.011753301829638,0.48569156826786447,0.11959717752728437,0.3026443728975744,0,0.3026443728975744,0.5574125973956512,False,False,False
05,519,583,173,0.022205688059329987,2.249848539924876,0.5030352872881197,0.14303396236616947,0.3230346248271446,0,0.3230346248271446,0.5574125973956512,False,False,False
05,520,583,175,0.022786367684602737,1.071327598045155,0.5222629810782672,0.02702684704575755,0.27464491406201236,0,0.27464491406201236,0.5574125973956512,False,False,False
05,521,583,175,0.022901706397533417,1.2260592107920363,0.5260821222326328,0.04225777541179139,0.28416994882221214,0,0.28416994882221214,0.5574125973956512,False,False,False
05,522,583,175,0.021223030984401703,1.2906821761783593,0.4704971569403086,0.04861890446051328,0.25955803070041095,0,0.25955803070041095,0.5574125973956512,False,False,False
05,523,583,175,0.023018890991806984,1.387616624257845,0.5299623849412761,0.058160598033596196,0.29406149148743616,0,0.29406149148743616,0.5574125973956512,False,False,False
05,524,583,177,0.0235967468470335,0.901328809725757,0.5490965769390069,0.010293101941963352,0.2796948394404851,0,0.2796948394404851,0.5574125973956512,False,False,False
05,525,583,179,0.02415243163704872,2.0358657457894096,0.567496631842322,0.12197067380358871,0.34473365282295537,0,0.34473365282295537,0.5574125973956512,False,False,False
05,526,583,179,0.022928308695554733,1.697402964578537,0.5269629880633013,0.08865426041090729,0.3078086242371043,0,0.3078086242371043,0.5574125973956512,False,False,False
05,527,583,179,0.023240573704242706,1.4235631487539868,0.537302830735773,0.061698976066947714,0.2995009034013604,0,0.2995009034013604,0.5574125973956512,False,False,False
05,528,583,179,0.022367030382156372,1.2143462983157625,0.5083777181978313,0.04110482077171028,0.2747412694847708,0,0.2747412694847708,0.5574125973956512,False,False,False
05,529,583,179,0.023783817887306213,1.0578779433741252,0.5552909473333161,0.02570293706249217,0.2904969421979041,0,0.2904969421979041,0.5574125973956512,False,False,False
05,530,583,179,0.022002216428518295,0.9371137768084317,0.4962978540427369,0.013815577152692922,0.2550567155977149,0,0.2550567155977149,0.5574125973956512,False,False,False
05,531,583,181,0.023525292053818703,1.9440203562340952,0.5467305375190306,0.11292991914309247,0.3298302283310615,0,0.3298302283310615,0.5574125973956512,False,False,False
05,532,583,181,0.02459605038166046,1.6310836463508207,0.5821859114549098,0.08212615172465625,0.332156031589783,0,0.332156031589783,0.5574125973956512,False,False,False
05,533,583,181,0.023645026609301567,1.382769901853869,0.5506952355534115,0.057683513354941894,0.3041893744541767,0,0.3041893744541767,0.5574125973956512,False,False,False
05,534,583,181,0.02304816246032715,1.1990791227432431,0.530931633402903,0.039602004033949686,0.2852668187184263,0,0.2852668187184263,0.5574125973956512,False,False,False
05,535,583,181,0.022420382127165794,1.08001130901894,0.51014432231405,0.027881623761679335,0.2690129730378647,0,0.2690129730378647,0.5574125973956512,False,False,False
05,536,583,181,0.02220594696700573,1.032351872046527,0.5030438603416462,0.023190291088246967,0.2631170757149466,0,0.2631170757149466,0.5574125973956512,False,False,False
05,537,583,181,0.023043552413582802,1.071448766105254,0.5307789837088193,0.027038774162723867,0.27890887893577154,0,0.27890887893577154,0.5574125973956512,False,False,False
05,538,583,181,0.02268904261291027,1.153035259905487,0.5190403147487436,0.035069699586735247,0.2770550071677394,0,0.2770550071677394,0.5574125973956512,False,False,False
05,539,583,181,0.023026593029499054,1.299244719092045,0.5302174178645231,0.049461754059468725,0.28983958596199594,0,0.28983958596199594,0.5574125973956512,False,False,False
05,540,583,184,0.023551220074295998,1.382769901853872,0.5475890764045441,0.05768351335494218,0.30263629487974314,0,0.30263629487974314,0.5574125973956512,False,False,False
05,541,583,184,0.023130562156438828,1.0647037440930578,0.5336600847834596,0.026374831318263636,0.28001745805086165,0,0.28001745805086165,0.5574125973956512,False,False,False
05,542,583,186,0.02333320863544941,2.4168181267417905,0.5403701952755177,0.15946952954580484,0.34991986241066125,0,0.34991986241066125,0.5574125973956512,False,False,False
05,543,583,186,0.024276744574308395,1.9253200856254296,0.5716129310678374,0.11108916742461873,0.34135104924622806,0,0.34135104924622806,0.5574125973956512,False,False,False
05,544,583,186,0.023328207433223724,1.4661335272022287,0.5402045934861783,0.0658893698277934,0.30304698165698585,0,0.30304698165698585,0.5574125973956512,False,False,False
05,545,583,186,0.022036205977201462,1.1344965467102857,0.4974233294438038,0.03324485069088317,0.2653340900673435,0,0.2653340900673435,0.5574125973956512,False,False,False
05,546,583,186,0.02187935635447502,0.9422836140393367,0.4922296625995994,0.014324467476590592,0.253277065038095,0,0.253277065038095,0.5574125973956512,False,False,False
05,547,583,186,0.022127756848931313,0.847005129447876,0.5004547981766972,0.004945777835381203,0.2527002880060392,0,0.2527002880060392,0.5574125973956512,False,False,False
05,548,583,186,0.021134477108716965,0.84526838725312,0.4675649259277306,0.004774822492196948,0.23616987420996377,0,0.23616987420996377,0.5574125973956512,False,False,False
05,549,583,186,0.021680409088730812,0.908154610444687,0.4856420419226728,0.010964996197734566,0.24830351906020368,0,0.24830351906020368,0.5574125973956512,False,False,False
05,550,583,186,0.021144092082977295,1.0356637990225768,0.46788330076444185,0.023516298951994034,0.24569979985821794,0,0.24569979985821794,0.5574125973956512,False,False,False
05,551,583,187,0.020807422697544098,0.8180055737307631,0.4567353707013093,0.0020912211747672175,0.22941329593803828,0,0.22941329593803828,0.5574125973956512,False,False,False
05,552,583,187,0.020890245214104652,0.8571024677894903,0.45947782268007087,0.005939704249244127,0.2327087634646575,0,0.2327087634646575,0.5574125973956512,False,False,False
05,553,583,187,0.02257082238793373,0.9608223272345404,0.515125759825995,0.01614931637244291,0.2656375380992189,0,0.2656375380992189,0.5574125973956512,False,False,False
05,554,583,187,0.022599324584007263,1.127468799224523,0.5160695358336191,0.032553077906834656,0.2743113068702269,0,0.2743113068702269,0.5574125973956512,False,False,False
05,555,583,187,0.021915696561336517,1.3264267539076684,0.49343297392548796,0.052137403965587484,0.2727851889455377,0,0.2727851889455377,0.5574125973956512,False,False,False
05,556,583,187,0.022211339324712753,1.5576961912839766,0.503222414226241,0.07490229454870137,0.2890623543874712,0,0.2890623543874712,0.5574125973956512,False,False,False
05,557,583,187,0.021089382469654083,1.8212771113534476,0.46607173437469296,0.10084774965617632,0.28345974201543467,0,0.28345974201543467,0.5574125973956512,False,False,False
05,558,583,187,0.02171017788350582,2.106991397067733,0.48662775804826747,0.1289718914628384,0.30779982475555295,0,0.30779982475555295,0.5574125973956512,False,False,False
05,559,583,187,0.02148788422346115,2.392705682782019,0.47926708231451426,0.1570960332695005,0.3181815577920074,0,0.3181815577920074,0.5574125973956512,False,False,False
05,560,583,187,0.02114984765648842,2.678419968496305,0.46807388159463126,0.18522017507616265,0.32664702833539694,0,0.32664702833539694,0.5574125973956512,False,False,False
05,561,583,189,0.021337853744626045,1.384223918575064,0.4742992136642657,0.0578266387585384,0.26606292621140204,0,0.26606292621140204,0.5574125973956512,False,False,False
05,562,583,189,0.020550429821014404,1.4641544488872744,0.4482257207650969,0.06569456025067648,0.2569601405078867,0,0.2569601405078867,0.5574125973956512,False,False,False
05,563,583,190,0.021961646154522896,1.0866351629710427,0.49495447505815565,0.028533639489173774,0.26174405727366473,0,0.26174405727366473,0.5574125973956512,False,False,False
05,564,583,190,0.021166149526834488,1.0254049032675006,0.4686136755835691,0.022506469715509687,0.24556007264953938,0,0.24556007264953938,0.5574125973956512,False,False,False
05,565,583,190,0.02193523570895195,1.0287976089502815,0.49407996192182685,0.022840428990567485,0.25846019545619714,0,0.25846019545619714,0.5574125973956512,False,False,False
05,566,583,190,0.021204855293035507,1.0951169271779975,0.469895316247432,0.029368537676818508,0.24963192696212527,0,0.24963192696212527,0.5574125973956512,False,False,False
05,567,583,190,0.021517165005207062,1.1937477280988735,0.4802366391593615,0.03907721088743033,0.25965692502339593,0,0.25965692502339593,0.5574125973956512,False,False,False
05,568,583,191,0.02104162611067295,0.7346015590290408,0.4644904068972733,0.0,0.23224520344863664,0,0.23224520344863664,0.5574125973956512,False,False,False
05,569,583,191,0.02272859774529934,0.7873096651722624,0.5203500799623043,0.0,0.26017503998115216,0,0.26017503998115216,0.5574125973956512,False,False,False
05,570,583,193,0.021575020626187325,1.1361525101983108,0.4821523774009518,0.03340785462275672,0.25778011601185424,0,0.25778011601185424,0.5574125973956512,False,False,False
05,571,583,193,0.02120090089738369,0.9099317419928111,0.4697643767320624,0.011139927246574437,0.2404521519893184,0,0.2404521519893184,0.5574125973956512,False,False,False
05,572,583,194,0.021221522241830826,1.4168181267417905,0.4704471988586084,0.06103503322248748,0.26574111604054795,0,0.26574111604054795,0.5574125973956512,False,False,False
05,573,583,195,0.022131748497486115,2.0358657457894096,0.5005869712249483,0.12197067380358871,0.3112788225142685,0,0.3112788225142685,0.5574125973956512,False,False,False
05,574,583,195,0.021152328699827194,1.6872248475301914,0.46815603488453816,0.08765238258573364,0.2779042087351359,0,0.2779042087351359,0.5574125973956512,False,False,False
05,575,583,195,0.021150680258870125,1.3725917848055238,0.4681014510545325,0.05668163552976826,0.26239154329215036,0,0.26239154329215036,0.5574125973956512,False,False,False
05,576,583,195,0.021783091127872467,1.1242780403085721,0.489042090280554,0.032238997160053906,0.260640543720304,0,0.260640543720304,0.5574125973956512,False,False,False
05,577,583,196,0.022389549762010574,1.500141362736782,0.509123388824689,0.06923691398968337,0.28918015140718617,0,0.28918015140718617,0.5574125973956512,False,False,False
05,578,583,196,0.023036962375044823,1.173593440769013,0.5305607717420845,0.03709333376536009,0.2838270527537223,0,0.2838270527537223,0.5574125973956512,False,False,False
05,579,583,196,0.02250201255083084,0.9456763197221202,0.5128473012406041,0.014658426751648641,0.26375286399612635,0,0.26375286399612635,0.5574125973956512,False,False,False
05,580,583,196,0.02313891239464283,0.8129972939133226,0.5339365811788445,0.0015982336734912306,0.26776740742616784,0,0.26776740742616784,0.5574125973956512,False,False,False
05,581,583,196,0.023796401917934418,0.750030292015022,0.5557076347406817,0.0,0.27785381737034087,0,0.27785381737034087,0.5574125973956512,False,False,False
05,582,583,196,0.02344485931098461,0.8469243507411423,0.5440672166746163,0.004937826424070218,0.2745025215493433,0,0.2745025215493433,0.5574125973956512,False,False,False
06,35,604,11,0.03323876112699509,0.3672200008077881,0.8683667734923105,0.0,0.43418338674615525,1,0.43418338674615525,0.5574125973956512,False,False,False
06,36,604,12,0.03261915594339371,0.34702532412455933,0.8478501611942995,0.0,0.42392508059714973,1,0.42392508059714973,0.5574125973956512,False,False,False
06,37,604,13,0.03286518156528473,0.9406276505513137,0.8559966590502026,0.014161463544717244,0.43507906129745993,1,0.43507906129745993,0.5574125973956512,False,False,False
06,38,604,13,0.033578548580408096,0.5919867522920955,0.8796179502576232,0.0,0.4398089751288116,1,0.4398089751288116,0.5574125973956512,False,False,False
06,39,604,13,0.03394700214266777,0.3112807463952502,0.8918183305752387,0.0,0.44590916528761937,1,0.44590916528761937,0.5574125973956512,False,False,False
06,40,604,20,0.03391844406723976,6.5120562219798845,0.8908727042682923,0.5625822287746283,0.7267274665214603,1,0.7267274665214603,0.5574125973956512,True,False,False
06,41,604,20,0.03397481143474579,5.877701038006381,0.8927391628712673,0.5001397957501111,0.6964394793106892,1,0.6964394793106892,0.5574125973956512,True,False,False
06,42,604,20,0.03393612056970596,5.323276384345086,0.891458015620557,0.4455652842177319,0.6685116499191445,1,0.6685116499191445,0.5574125973956512,True,True,True
06,43,604,20,0.03433776646852493,4.801163213376953,0.9047574737355757,0.3941713372097136,0.6494644054726446,1,0.6494644054726446,0.5574125973956512,True,True,False
06,44,604,20,0.033948514610528946,4.311361525101982,0.891868412010227,0.34595795472605634,0.6189131833681417,1,0.6189131833681417,0.5574125973956512,True,True,False
06,45,604,20,0.03352467343211174,3.9014903671392225,0.8778340150044197,0.30561249373453725,0.5917232543694785,1,0.5917232543694785,0.5574125973956512,True,True,False
06,46,604,20,0.034866102039813995,3.523930691869624,0.9222519304739485,0.268447597267379,0.5953497638706637,1,0.5953497638706637,0.5574125973956512,True,True,False
06,47,604,20,0.03404196724295616,3.178682499293186,0.8949628525967204,0.23446326532458173,0.564713058960651,1,0.564713058960651,0.5574125973956512,True,True,False
06,48,604,20,0.03546570986509323,2.9133648370289595,0.9421063823211784,0.20834685487392252,0.5752266185975504,1,0.5752266185975504,0.5574125973956512,True,True,False
06,49,604,20,0.034966155886650085,2.680358657457894,0.9255649530870409,0.18541100894762425,0.5554879810173325,1,0.5554879810173325,0.5574125973956512,False,False,False
06,50,604,20,0.036825649440288544,2.4796639605799915,0.9871372402795171,0.16565572754568705,0.5763964839126021,1,0.5763964839126021,0.5574125973956512,True,False,False
06,51,604,20,0.0366230234503746,2.358899794014298,0.9804278082305439,0.1537683676358878,0.5670980879332158,1,0.5670980879332158,0.5574125973956512,True,False,False
06,52,604,20,0.037691742181777954,2.270447110141767,1.0158156462411618,0.14506157225044963,0.5804386092458057,1,0.5804386092458057,0.5574125973956512,True,True,True
06,53,604,20,0.03679073229432106,2.2143059089623978,0.9859810499097011,0.13953534138937237,0.5627581956495368,1,0.5627581956495368,0.5574125973956512,True,True,False
06,54,604,20,0.035537172108888626,2.2380952380952386,0.944472668447731,0.14187703202043317,0.5431748502340821,1,0.5431748502340821,0.5574125973956512,False,False,False
06,55,604,20,0.03682086989283562,2.2941960499212413,0.9869789780108226,0.14739928717585496,0.5671891325933388,1,0.5671891325933388,0.5574125973956512,True,False,False
06,56,604,20,0.03823576495051384,2.3826083444404067,1.033829543675928,0.1561021068556378,0.5949658252657829,1,0.5949658252657829,0.5574125973956512,True,False,False
06,57,604,20,0.03862116485834122,2.550951169271781,1.046591058101331,0.17267284802755858,0.6096319530644447,1,0.6096319530644447,0.5574125973956512,True,True,True
06,58,604,20,0.037827614694833755,2.799224524415364,1.020314710719802,0.19711151069161725,0.6087131107057097,1,0.6087131107057097,0.5574125973956512,True,True,False
06,59,604,22,0.03710883483290672,1.8332323599499156,0.9965141871847015,0.1020245585301897,0.5492693728574456,1,0.5492693728574456,0.5574125973956512,False,False,False
06,60,604,22,0.0355621799826622,1.8927258774587017,0.9453007390710719,0.10788077296066952,0.5265907560158707,1,0.5265907560158707,0.5574125973956512,False,False,False
06,61,604,22,0.03594118356704712,1.8621107476069307,0.9578504559007239,0.10486718807383749,0.5313588219872807,1,0.5313588219872807,0.5574125973956512,False,False,False
06,62,604,22,0.03569376468658447,1.8638071004483212,0.9496578239150533,0.10503416771136638,0.5273459958132098,1,0.5273459958132098,0.5574125973956512,False,False,False
06,63,604,22,0.035954806953668594,1.8978149359828744,0.9583015588754831,0.10838171187325635,0.5333416353743697,1,0.5333416353743697,0.5574125973956512,False,False,False
06,64,604,22,0.036528635770082474,1.9641342542105904,0.9773024059687253,0.11490982055950737,0.5461061132641163,1,0.5461061132641163,0.5574125973956512,False,False,False
06,65,604,22,0.03663346916437149,2.0593723494486857,0.9807736908505122,0.12428453449506141,0.5525291126727868,1,0.5525291126727868,0.5574125973956512,False,False,False
06,66,604,25,0.03616175800561905,1.2380952380952381,0.9651542040919966,0.043442535697115765,0.5042983698945562,1,0.5042983698945562,0.5574125973956512,False,False,False
06,67,604,25,0.036376215517520905,1.0323114826931628,0.9722554061841294,0.02318631538259173,0.4977208607833606,1,0.4977208607833606,0.5574125973956512,False,False,False
06,68,604,25,0.03588910028338432,0.8639282685084216,0.9561258535791198,0.006611598505015472,0.48136872604206765,1,0.48136872604206765,0.5574125973956512,False,False,False
06,69,604,25,0.03725744038820267,0.7601680197100047,1.0014348732022333,0.0,0.5007174366011167,1,0.5007174366011167,0.5574125973956512,False,False,False
06,70,604,26,0.03679470345377922,0.8657054000565443,0.9861125445148675,0.0067865295538552025,0.49644953703436134,1,0.49644953703436134,0.5574125973956512,False,False,False
06,71,604,26,0.03502264246344566,0.6854073266287019,0.9274353589952365,0.0,0.4637176794976183,1,0.4637176794976183,0.5574125973956512,False,False,False
06,72,604,26,0.03578709810972214,0.6020437012803438,0.9527483171963257,0.0,0.47637415859816284,1,0.47637415859816284,0.5574125973956512,False,False,False
06,73,604,26,0.03672714903950691,0.6139181711700795,0.9838756559875826,0.0,0.4919378279937913,1,0.4919378279937913,0.5574125973956512,False,False,False
06,74,604,27,0.036531299352645874,0.6633547396906168,0.9773906035697515,0.0,0.48869530178487575,1,0.48869530178487575,0.5574125973956512,False,False,False
06,75,604,27,0.03510419279336929,0.5697726079405478,0.9301356858260954,0.0,0.4650678429130477,1,0.4650678429130477,0.5574125973956512,False,False,False
06,76,604,27,0.035750746726989746,0.6020437012803438,0.9515446358105727,0.0,0.47577231790528635,1,0.47577231790528635,0.5574125973956512,False,False,False
06,77,604,27,0.03552140295505524,0.7295528898582336,0.9439505139789984,0.0,0.4719752569894992,1,0.4719752569894992,0.5574125973956512,False,False,False
06,78,604,27,0.034355565905570984,0.9216850438224491,0.9053468557463492,0.012296857592310775,0.45882185666933,1,0.45882185666933,0.5574125973956512,False,False,False
06,79,604,27,0.034976765513420105,1.1784401631729888,0.9259162632516877,0.03757041844401439,0.4817433408478511,1,0.4817433408478511,0.5574125973956512,False,False,False
06,80,604,27,0.03604720160365105,1.392705682782019,0.9613609671281421,0.05866153694618316,0.5100112520371627,1,0.5100112520371627,0.5574125973956512,False,False,False
06,81,604,23,0.03544066473841667,5.440324730401066,0.941277078164956,0.4570868792072296,0.6991819786860928,1,0.6991819786860928,0.5574125973956512,True,False,False
06,82,604,23,0.03658101707696915,5.487943778020115,0.9790368765533813,0.4617742361750067,0.720405556364194,1,0.720405556364194,0.5574125973956512,True,False,False
06,83,604,25,0.03615250810980797,3.914818853750151,0.9648479178775239,0.30692447660083605,0.6358861972391799,1,0.6358861972391799,0.5574125973956512,True,True,True
06,84,604,26,0.03551573306322098,3.2940748818611416,0.9437627702744364,0.24582185638220594,0.5947923133283212,1,0.5947923133283212,0.5574125973956512,True,True,False
06,85,604,26,0.03716694191098213,3.3876166242578463,0.9984382517732419,0.2550295906802311,0.6267339212267364,1,0.6267339212267364,0.5574125973956512,True,True,False
06,86,604,26,0.03580545634031296,3.4828547194959403,0.9533562022003216,0.264404304615785,0.6088802534080533,1,0.6088802534080533,0.5574125973956512,True,True,False
06,87,604,26,0.03901633620262146,3.4658508017286636,1.0596761282015474,0.26273053253483997,0.6612033303681937,1,0.6612033303681937,0.5574125973956512,True,True,False
06,88,604,26,0.03842523694038391,3.448846883961388,1.0401034152644488,0.2610567604538951,0.650580087859172,1,0.650580087859172,0.5574125973956512,True,True,False
06,89,604,27,0.03921427205204964,2.7634799466860533,1.0662302584607417,0.1935930111865429,0.6299116348236423,1,0.6299116348236423,0.5574125973956512,True,True,False
06,90,604,27,0.03874586150050163,2.731168463992892,1.0507200627155258,0.19041244666218196,0.6205662546888538,1,0.6205662546888538,0.5574125973956512,True,True,False
06,91,604,27,0.03892243281006813,2.683549416373844,1.0565667618671883,0.18572508969440493,0.6211459257807966,1,0.6211459257807966,0.5574125973956512,True,True,False
06,92,604,27,0.03838649019598961,2.6665454986065678,1.0388204177144162,0.18405131761345997,0.6114358676639381,1,0.6114358676639381,0.5574125973956512,True,True,False
06,93,604,27,0.03794129565358162,2.6563269922048556,1.0240789596609416,0.18304546408263084,0.6035622118717863,1,0.6035622118717863,0.5574125973956512,True,True,False
06,94,604,27,0.03764847293496132,2.678419968496305,1.014382897799317,0.18522017507616265,0.5998015364377398,1,0.5998015364377398,0.5574125973956512,True,True,False
06,95,604,27,0.03772107511758804,2.678419968496305,1.0167869300320431,0.18522017507616265,0.6010035525541029,1,0.6010035525541029,0.5574125973956512,True,True,False
06,96,604,27,0.03938862308859825,2.678419968496305,1.0720034390526678,0.18522017507616265,0.6286118070644152,1,0.6286118070644152,0.5574125973956512,True,True,False
06,97,604,29,0.03901299834251404,1.3825679550870378,1.0595656036553665,0.057663634826664735,0.5586146192410156,1,0.5586146192410156,0.5574125973956512,True,True,False
06,98,604,29,0.03703571483492851,1.255018377155781,0.9940930088449228,0.04510835636674976,0.5196006826058363,1,0.5196006826058363,0.5574125973956512,False,False,False
06,99,604,29,0.03700174763798714,1.1699583989660325,0.9929682735635847,0.0367355202563695,0.5148518969099771,1,0.5148518969099771,0.5574125973956512,False,False,False
06,100,604,29,0.03932235762476921,1.1495213861626068,1.0698092307630822,0.03472381319471111,0.5522665219788967,1,0.5522665219788967,0.5574125973956512,False,False,False
06,101,604,29,0.038271572440862656,1.18352922169716,1.0350152154816112,0.03807135735660107,0.5365432864191062,1,0.5365432864191062,0.5574125973956512,False,False,False
06,102,604,29,0.037495631724596024,1.4403247304010667,1.0093219590931604,0.06334889391396017,0.5363354265035603,1,0.5363354265035603,0.5574125973956512,False,False,False
06,103,604,29,0.03632526472210884,1.7260390161153523,0.9705683032621224,0.09147303572062228,0.5310206694913724,1,0.5310206694913724,0.5574125973956512,False,False,False
06,104,604,29,0.038023464381694794,1.9165152065915427,1.026799763137633,0.11022246359173034,0.5685111133646817,1,0.5685111133646817,0.5574125973956512,True,False,False
06,105,604,29,0.036646801978349686,2.0593723494486857,0.9812151722687957,0.12428453449506141,0.5527498533819286,1,0.5527498533819286,0.5574125973956512,False,False,False
06,106,604,29,0.03804900869727135,2.2022294923058285,1.0276455966344673,0.13834660539839247,0.5829961010164298,1,0.5829961010164298,0.5574125973956512,True,False,False
06,107,604,36,0.03871919959783554,4.321580031503695,1.0498372232322468,0.3469638082568855,0.6984005157445662,1,0.6984005157445662,0.5574125973956512,True,False,False
06,108,604,41,0.03729032352566719,8.60729431721798,1.0025237126767201,0.768825935356817,0.8856748240167686,1,0.8856748240167686,0.5574125973956512,True,True,True
06,109,604,24,0.037142228335142136,8.297467587543926,0.9976199260596648,0.7383282972738509,0.8679741116667579,1,0.8679741116667579,0.5574125973956512,True,True,False
06,110,604,41,0.03707370162010193,8.100488711175734,0.995350842324173,0.718938780792215,0.857144811558194,1,0.857144811558194,0.5574125973956512,True,True,False
06,111,604,41,0.037100791931152344,7.49844500989539,0.9962478674355889,0.6596769122920585,0.8279623898638238,1,0.8279623898638238,0.5574125973956512,True,True,False
06,112,604,41,0.03551863878965378,6.928712791308212,0.9438589858391923,0.6035956083162635,0.7737272970777278,1,0.7737272970777278,0.5574125973956512,True,True,False
06,113,604,41,0.035154279321432114,6.391292055414193,0.931794170785252,0.5506948688648292,0.7412445198250406,1,0.7412445198250406,0.5574125973956512,True,True,False
06,114,604,41,0.03655163571238518,5.8861828022133365,0.9780639891697541,0.5009746939377558,0.739519341553755,1,0.739519341553755,0.5574125973956512,True,True,False
06,115,604,41,0.03731020912528038,5.4133850317056424,1.0031821725288568,0.45443508353504364,0.7288086280319502,1,0.7288086280319502,0.5574125973956512,True,True,False
06,116,604,41,0.03570852801203728,4.972898743891111,0.9501466729959858,0.41107603765669243,0.6806113553263391,1,0.6806113553263391,0.5574125973956512,True,True,False
06,117,604,41,0.035214655101299286,4.564723938769741,0.9337933575262747,0.3708975563027021,0.6523454569144884,1,0.6523454569144884,0.5574125973956512,True,True,False
06,118,604,42,0.03696843609213829,4.4728785492144265,0.9918652484609609,0.3618568016422059,0.6768610250515834,1,0.6768610250515834,0.5574125973956512,True,True,False
06,119,604,41,0.03650294616818428,4.083404014701726,0.9764517616936533,0.3235190720066897,0.6499854168501715,1,0.6499854168501715,0.5574125973956512,True,True,False
06,120,604,41,0.03749142214655876,3.8674017528979383,1.0091825698775525,0.3022569981613366,0.6557197840194445,1,0.6557197840194445,0.5574125973956512,True,True,False
06,121,604,41,0.037555593997240067,3.683710973787311,1.0113074536191986,0.28417548884034416,0.6477414712297713,1,0.6477414712297713,0.5574125973956512,True,True,False
06,122,604,41,0.03686666488647461,3.540813441576801,0.9884953599820321,0.27010944223135763,0.6293024011066949,1,0.6293024011066949,0.5574125973956512,True,True,False
06,123,604,41,0.0370120108127594,3.454057110545662,0.993308111872434,0.2615696264834485,0.6274388691779412,1,0.6274388691779412,0.5574125973956512,True,True,False
06,124,604,41,0.03744485229253769,3.3996122622076834,1.007640530422408,0.25621037525990015,0.6319254528411541,1,0.6319254528411541,0.5574125973956512,True,True,False
06,125,604,52,0.037730731070041656,9.226341936265598,1.017106661754924,0.8297615759379182,0.9234341188464211,1,0.9234341188464211,0.5574125973956512,True,True,False
06,126,604,52,0.03678448870778084,8.163415323720667,0.9857743097987643,0.725132930203408,0.8554536200010862,1,0.8554536200010862,0.5574125973956512,True,True,False
06,127,604,52,0.03666599839925766,7.1328001938688965,0.981850811762625,0.6236848489932586,0.8027678303779417,1,0.8027678303779417,0.5574125973956512,True,True,False
06,128,604,53,0.0356680266559124,7.228038289106989,0.9488055760472353,0.6330595629288124,0.7909325694880238,1,0.7909325694880238,0.5574125973956512,True,True,False
06,129,604,53,0.035810552537441254,6.722929035906134,0.9535249494985087,0.5833393880017392,0.768432168750124,1,0.768432168750124,0.5574125973956512,True,True,False
06,130,604,53,0.03517958149313927,5.472918938567794,0.9326319863183565,0.46029527367117884,0.6964636299947677,1,0.6964636299947677,0.5574125973956512,True,True,False
06,131,604,53,0.0351988859474659,5.095359263298195,0.9332712030575421,0.4231303772040206,0.6782007901307814,1,0.6782007901307814,0.5574125973956512,True,True,False
06,132,604,53,0.0362401008605957,4.750111070721758,0.9677483237417596,0.38914604526122326,0.6784471845014914,1,0.6784471845014914,0.5574125973956512,True,True,False
06,133,604,53,0.034904591739177704,4.437174360838483,0.9235264166470988,0.35834227784278705,0.6409343472449429,1,0.6409343472449429,0.5574125973956512,True,True,False
06,134,604,53,0.03430942818522453,4.1565491336483715,0.90381912527263,0.3307190749487119,0.6172691001106709,1,0.6172691001106709,0.5574125973956512,True,True,False
06,135,604,53,0.03604958578944206,3.908235389151421,0.9614399132325572,0.3062764365789977,0.6338581749057774,1,0.6338581749057774,0.5574125973956512,True,True,False
06,136,604,53,0.035395585000514984,3.6922331273476323,0.939784380025071,0.28501436273364444,0.6123993713793577,1,0.6123993713793577,0.5574125973956512,True,True,False
06,137,604,55,0.03630119934678078,3.5952986792681454,0.9697714410206831,0.27547266916056135,0.6226220550906223,1,0.6226220550906223,0.5574125973956512,True,True,False
06,138,604,55,0.03685145452618599,3.190516579829558,0.9879917085065217,0.23562814708162905,0.6118099277940754,1,0.6118099277940754,0.5574125973956512,True,True,False
06,139,604,53,0.03577128052711487,3.4761904761904767,0.9522245591348472,0.26374831318263564,0.6079864361587414,1,0.6079864361587414,0.5574125973956512,True,True,False
06,140,604,53,0.03660423308610916,3.3894341451593366,0.9798056142451228,0.25520849743472634,0.6175070558399246,1,0.6175070558399246,0.5574125973956512,True,True,False
06,141,604,53,0.03682499751448631,3.334989296821359,0.987115653454091,0.2498492462111781,0.6184824498326346,1,0.6184824498326346,0.5574125973956512,True,True,False
06,142,604,54,0.037759408354759216,2.7397310069065797,1.018056235367091,0.1912552962611376,0.6046557658141143,1,0.6046557658141143,0.5574125973956512,True,True,False
06,143,604,54,0.03858064487576485,2.639363463790945,1.0452493443861397,0.1813756677073413,0.6133125060467405,1,0.6133125060467405,0.5574125973956512,True,True,False
06,144,604,54,0.03833944723010063,2.6036188860616343,1.0372627123916769,0.1778571682022669,0.6075599402969719,1,0.6075599402969719,0.5574125973956512,True,True,False
06,145,604,54,0.03807486593723297,2.630800920877258,1.0285017918075061,0.1805328181083857,0.6045173049579459,1,0.6045173049579459,0.5574125973956512,True,True,False
06,146,604,54,0.03987858071923256,2.726039016115353,1.0882271102165348,0.18990753204393973,0.6390673211302373,1,0.6390673211302373,0.5574125973956512,True,True,False
06,147,604,54,0.03925471380352974,2.821277111353448,1.0675693817568819,0.19928224597949376,0.6334258138681879,1,0.6334258138681879,0.5574125973956512,True,True,False
06,148,604,54,0.04114022105932236,2.9165152065915434,1.130003044960499,0.20865695991504776,0.6693300024377734,1,0.6693300024377734,0.5574125973956512,True,True,False
06,149,604,56,0.04122180864214897,1.554303485601195,1.1327046053242393,0.07456833527364351,0.6036364702989414,1,0.6036364702989414,0.5574125973956512,True,True,False
06,150,604,56,0.04115448519587517,1.5117734965063214,1.1304753647008197,0.07038191721845344,0.6004286409596366,1,0.6004286409596366,0.5574125973956512,True,True,False
06,151,604,56,0.042208824306726456,1.528777414273598,1.1653870590191842,0.07205568929939841,0.6187213741592913,1,0.6187213741592913,0.5574125973956512,True,True,False
06,152,604,56,0.03976481780409813,1.578092814734036,1.084460147503056,0.07691002590470433,0.5806850867038802,1,0.5806850867038802,0.5574125973956512,True,True,False
06,153,604,56,0.038883473724126816,1.659719697887637,1.0552767331797313,0.08494492703437131,0.5701108301070513,1,0.5701108301070513,0.5574125973956512,True,True,False
06,154,604,56,0.03975176066160202,1.7736580637344006,1.0840277942280954,0.09616039268839936,0.5900940934582474,1,0.5900940934582474,0.5574125973956512,True,True,False
06,155,604,56,0.03884511440992355,1.9165152065915434,1.054006564371666,0.11022246359173041,0.5821145139816982,1,0.5821145139816982,0.5574125973956512,True,True,False
06,156,604,56,0.04201502725481987,2.059372349448686,1.158969974263123,0.12428453449506145,0.6416272543790922,1,0.6416272543790922,0.5574125973956512,True,True,False
06,157,604,58,0.03965000435709953,0.9386889615897237,1.080658399162319,0.013970629673255559,0.5473145144177873,1,0.5473145144177873,0.5574125973956512,False,False,False
06,158,604,58,0.04048912599682808,0.8332323599499176,1.1084437273177687,0.003590062206872523,0.5560168947623206,1,0.5560168947623206,0.5574125973956512,False,False,False
06,159,604,58,0.039832185953855515,0.7923987236964345,1.0866908683659333,0.0,0.5433454341829667,1,0.5433454341829667,0.5574125973956512,False,False,False
06,160,604,58,0.04000868275761604,0.9114261480673694,1.0925351004518329,0.01128702835582609,0.5519110644038295,1,0.5519110644038295,0.5574125973956512,False,False,False
06,161,604,58,0.03934633731842041,1.0882911264590656,1.0706032558788943,0.028696643421047108,0.5496499496499707,1,0.5496499496499707,0.5574125973956512,False,False,False
06,162,604,58,0.04037335142493248,1.2974675875439243,1.1046101538286897,0.04928682301062918,0.5769484884196594,1,0.5769484884196594,0.5574125973956512,True,False,False
06,163,604,58,0.03934381902217865,1.4879437780201148,1.0705198690561057,0.06803625088173725,0.5692780599689214,1,0.5692780599689214,0.5574125973956512,True,False,False
06,164,604,58,0.03869592025876045,1.6784199684963053,1.0490663885346068,0.08678567875284532,0.5679260336437261,1,0.5679260336437261,0.5574125973956512,True,True,True
06,165,604,58,0.03977362811565399,1.8688961589724957,1.084751878029527,0.10553510662395339,0.5951434923267402,1,0.5951434923267402,0.5574125973956512,True,True,False
06,166,604,60,0.039471983909606934,0.7056827820186596,1.0747637155815668,0.0,0.5373818577907834,1,0.5373818577907834,0.5574125973956512,False,False,False
06,167,604,60,0.040255121886730194,0.7753948059291579,1.1006952905227207,0.0,0.5503476452613604,1,0.5503476452613604,0.5574125973956512,False,False,False
06,168,604,60,0.04032117500901222,0.909729795225979,1.1028824676748816,0.011120048718297191,0.5570012581965894,1,0.5570012581965894,0.5574125973956512,False,False,False
06,169,604,60,0.0406128466129303,1.1019023385435598,1.1125404133704684,0.030036456226934148,0.5712884347987013,1,0.5712884347987013,0.5574125973956512,True,False,False
06,170,604,60,0.03953711688518524,1.2311482693162084,1.0769204244715551,0.04275871432437815,0.5598395693979666,1,0.5598395693979666,0.5574125973956512,True,False,False
06,171,604,60,0.04055756703019142,1.3927056827820197,1.110709973927633,0.05866153694618322,0.584685755436908,1,0.584685755436908,0.5574125973956512,True,True,True
06,172,604,60,0.0410565622150898,1.5831818732582101,1.1272329001685482,0.07741096481729129,0.6023219324929198,1,0.6023219324929198,0.5574125973956512,True,True,False
06,173,604,60,0.04088364914059639,1.7736580637344006,1.1215073339458475,0.09616039268839936,0.6088338633171234,1,0.6088338633171234,0.5574125973956512,True,True,False
06,174,604,64,0.040692828595638275,1.8453895553132185,1.1151888084670167,0.10322124593248058,0.6092050271997487,1,0.6092050271997487,0.5574125973956512,True,True,False
06,175,604,64,0.04160422086715698,1.5069267741023455,1.1453671904125473,0.06990483253979914,0.6076360114761732,1,0.6076360114761732,0.5574125973956512,True,True,False
06,176,604,66,0.04261600971221924,2.9882466981703626,1.1788699434736798,0.2157178131591291,0.6972938783164044,1,0.6972938783164044,0.5574125973956512,True,True,False
06,177,604,66,0.041528355330228806,2.5443677046730477,1.142855100699403,0.17202480800571987,0.6574399543525614,1,0.6574399543525614,0.5574125973956512,True,True,False
06,178,604,66,0.04246799647808075,2.2280382891069914,1.1739688706289635,0.14088708131222577,0.6574279759705947,1,0.6574279759705947,0.5574125973956512,True,True,False
06,179,604,66,0.04212937131524086,1.9440203562340959,1.1627561800895532,0.11292991914309254,0.6378430496163229,1,0.6378430496163229,0.5574125973956512,True,True,False
06,180,604,66,0.04439907893538475,1.6957066117371458,1.2379116379597894,0.08848728077337834,0.6631994593665839,1,0.6631994593665839,0.5574125973956512,True,True,False
06,181,604,70,0.044397179037332535,4.797770507694172,1.2378487277828336,0.3938373779346558,0.8158430528587447,1,0.8158430528587447,0.5574125973956512,True,True,False
06,182,604,70,0.044063739478588104,4.258653418958763,1.226807745020526,0.34076965884569255,0.7837887019331092,1,0.7837887019331092,0.5574125973956512,True,True,False
06,183,604,70,0.04333757609128952,3.751847812916515,1.2027627352683152,0.2908825042810903,0.7468226197747028,1,0.7468226197747028,0.5574125973956512,True,True,False
06,184,604,70,0.0429484061896801,3.277353689567429,1.189876387315306,0.24417591424084906,0.7170261507780775,1,0.7170261507780775,0.5574125973956512,True,True,False
06,185,604,70,0.04254743829369545,2.8351710489115063,1.1765993794987304,0.20064988872496883,0.6886246341118496,1,0.6886246341118496,0.5574125973956512,True,True,False
06,186,604,70,0.04274427518248558,2.425299890948745,1.1831171205379207,0.16030442773344955,0.6717107741356851,1,0.6717107741356851,0.5574125973956512,True,True,False
06,187,604,70,0.04288996011018753,2.142978310917241,1.1879410975775442,0.13251424520184535,0.6602276713896947,1,0.6602276713896947,0.5574125973956512,True,True,False
06,188,604,70,0.04297691956162453,1.8997536249444638,1.1908205333827946,0.10857254574471796,0.6496965395637563,1,0.6496965395637563,0.5574125973956512,True,True,False
06,189,604,70,0.04283515736460686,1.7211519043580104,1.1861264473555915,0.09099197533631256,0.6385592113459521,1,0.6385592113459521,0.5574125973956512,True,True,False
06,190,604,70,0.042414430528879166,1.6071731491578813,1.1721951736986762,0.07977253397662917,0.6259838538376526,1,0.6259838538376526,0.5574125973956512,True,True,False
06,191,604,70,0.04358400031924248,1.5578173593440763,1.2109224319260503,0.07491422166566775,0.642918326795859,1,0.642918326795859,0.5574125973956512,True,True,False
06,192,604,70,0.043272361159324646,1.583262651964941,1.2006033126059876,0.077418916228602,0.6390111144172949,1,0.6390111144172949,0.5574125973956512,True,True,False
06,193,604,70,0.044339150190353394,1.6988569812997283,1.2359272536133445,0.08879738581450346,0.662362319713924,1,0.662362319713924,0.5574125973956512,True,True,False
06,194,604,70,0.04577630013227463,1.8688961589724944,1.283514731821849,0.10553510662395325,0.694524919222901,1,0.694524919222901,0.5574125973956512,True,True,False
06,195,604,70,0.04649176821112633,2.15461044468678,1.3072055942837855,0.13365924843061538,0.7204324213572004,1,0.7204324213572004,0.5574125973956512,True,True,False
06,196,604,70,0.047481290996074677,2.440324730401066,1.3399710647416543,0.16178339023727747,0.7508772274894658,1,0.7508772274894658,0.5574125973956512,True,True,False
06,197,604,70,0.0469464436173439,2.6308009208772565,1.3222609864555979,0.18053281810838556,0.7513969022819917,1,0.7513969022819917,0.5574125973956512,True,True,False
06,198,604,70,0.04683021456003189,2.8212771113534467,1.3184123638653649,0.1992822459794936,0.7588473049224292,1,0.7588473049224292,0.5574125973956512,True,True,False
06,199,604,70,0.047889646142721176,3.0117533018296374,1.3534926821286284,0.21803167385060168,0.785762177989615,1,0.785762177989615,0.5574125973956512,True,True,False
06,200,604,70,0.04640236496925354,3.2022294923058277,1.3042452387215095,0.23678110172170977,0.7705131702216097,1,0.7705131702216097,0.5574125973956512,True,True,False
06,201,604,70,0.04597247764468193,3.3927056827820183,1.2900106393290371,0.25553052959281786,0.7727705844609275,1,0.7727705844609275,0.5574125973956512,True,True,False
06,202,604,70,0.044793613255023956,3.3927056827820183,1.2509756146477327,0.25553052959281786,0.7532530721202753,1,0.7532530721202753,0.5574125973956512,True,True,False
06,203,604,70,0.045218855142593384,3.3927056827820183,1.2650563924898839,0.25553052959281786,0.7602934610413509,1,0.7602934610413509,0.5574125973956512,True,True,False
06,204,604,70,0.04456140846014023,3.3927056827820183,1.2432867574908604,0.25553052959281786,0.7494086435418391,1,0.7494086435418391,0.5574125973956512,True,True,False
06,205,604,72,0.045160625129938126,1.955652490003637,1.2631282572428346,0.11407492237186276,0.6886015898073486,1,0.6886015898073486,0.5574125973956512,True,True,False
06,206,604,72,0.04541311785578728,1.892725877458703,1.2714888964069637,0.10788077296066964,0.6896848346838167,1,0.6896848346838167,0.5574125973956512,True,True,False
06,207,604,72,0.04444440081715584,1.862110747606932,1.239412354063404,0.10486718807383762,0.6721397710686209,1,0.6721397710686209,0.5574125973956512,True,True,False
06,208,604,73,0.04572850093245506,1.3740458015267187,1.2819319857816156,0.05682476093336476,0.6693783733574902,1,0.6693783733574902,0.5574125973956512,True,True,False
06,209,604,73,0.04486742243170738,1.2975079768972906,1.2534196133458189,0.04929079871628461,0.6513552060310517,1,0.6513552060310517,0.5574125973956512,True,True,False
06,210,604,73,0.044957373291254044,1.2855931176541866,1.2563981018414525,0.048117965547926446,0.6522580336946895,1,0.6522580336946895,0.5574125973956512,True,True,False
06,211,604,74,0.04663027822971344,0.9319035502241626,1.3117919928904347,0.013302711123140038,0.6625473520067874,1,0.6625473520067874,0.5574125973956512,True,True,False
06,212,604,74,0.04549918696284294,0.8434508663516305,1.2743388507763467,0.004595915737701721,0.6394673832570242,1,0.6394673832570242,0.5574125973956512,True,True,False
06,213,604,74,0.044644955545663834,0.8519326305585854,1.2460532016841668,0.0054308139253464675,0.6257420078047566,1,0.6257420078047566,0.5574125973956512,True,True,False
06,214,604,75,0.04429612308740616,0.6292257360959658,1.2345025231352293,0.0,0.6172512615676147,1,0.6172512615676147,0.5574125973956512,True,True,False
06,215,604,76,0.04557101055979729,0.9252393069186973,1.2767171021718497,0.012646719689990519,0.6446819109309201,1,0.6446819109309201,0.5574125973956512,True,True,False
06,216,604,76,0.047031745314598083,0.671836503897573,1.3250855300476223,0.0,0.6625427650238112,1,0.6625427650238112,0.5574125973956512,True,True,False
06,217,604,76,0.045177020132541656,0.4677087119835213,1.2636711350639762,0.0,0.6318355675319881,1,0.6318355675319881,0.5574125973956512,True,True,False
06,218,604,76,0.04741281270980835,0.42344198069388905,1.3377035845989087,0.0,0.6688517922994544,1,0.6688517922994544,0.5574125973956512,True,True,False
06,219,604,76,0.047767382115125656,0.5084211801769053,1.3494442272115947,0.0,0.6747221136057974,1,0.6747221136057974,0.5574125973956512,True,True,False
06,220,604,76,0.046016208827495575,0.7073791348600507,1.2914586835786124,0.0,0.6457293417893062,1,0.6457293417893062,0.5574125973956512,True,True,False
06,221,604,76,0.04474877193570137,0.9386485722363589,1.2494908111182892,0.01396665396760027,0.6317287325429447,1,0.6317287325429447,0.5574125973956512,True,True,False
06,222,604,76,0.04440600052475929,1.2022294923058285,1.2381408283691693,0.039912109075075086,0.6390264687221222,1,0.6390264687221222,0.5574125973956512,True,True,False
06,223,604,76,0.04372355341911316,1.4879437780201141,1.2155433694533813,0.06803625088173718,0.6417898101675592,1,0.6417898101675592,0.5574125973956512,True,True,False
06,224,604,76,0.04318108782172203,1.7736580637344,1.1975810336930612,0.0961603926883993,0.6468707131907303,1,0.6468707131907303,0.5574125973956512,True,True,False
06,225,604,76,0.04534190148115158,2.0593723494486857,1.2691307515974288,0.12428453449506141,0.6967076430462451,1,0.6967076430462451,0.5574125973956512,True,True,False
06,226,604,76,0.04638546705245972,2.249848539924876,1.303685708206468,0.14303396236616947,0.7233598352863186,1,0.7233598352863186,0.5574125973956512,True,True,False
06,227,604,76,0.04582466930150986,2.4403247304010667,1.285116350915169,0.16178339023727756,0.7234498705762233,1,0.7234498705762233,0.5574125973956512,True,True,False
06,228,604,77,0.04762588068842888,1.7719617108930095,1.344758775914562,0.0959934130508704,0.7203760944827162,1,0.7203760944827162,0.5574125973956512,True,True,False
06,229,604,77,0.04643567278981209,1.8995112888242662,1.3053481404708454,0.10854869151078538,0.7069484159908154,1,0.7069484159908154,0.5574125973956512,True,True,False
06,230,604,77,0.04683917760848999,2.0593723494486857,1.31870915187665,0.12428453449506141,0.7214968431858557,1,0.7214968431858557,0.5574125973956512,True,True,False
06,231,604,77,0.047236017882823944,2.249848539924876,1.331849484249957,0.14303396236616947,0.7374417233080632,1,0.7374417233080632,0.5574125973956512,True,True,False
06,232,604,77,0.04934239760041237,2.392705682782019,1.4015967639078988,0.1570960332695005,0.7793463985886997,1,0.7793463985886997,0.5574125973956512,True,True,False
06,233,604,77,0.04875432327389717,2.535562825639162,1.3821242138407768,0.1711581041728316,0.7766411590068042,1,0.7766411590068042,0.5574125973956512,True,True,False
06,234,604,77,0.05032695457339287,2.678419968496305,1.4341978044326658,0.18522017507616265,0.8097089897544142,1,0.8097089897544142,0.5574125973956512,True,True,False
06,235,604,77,0.0492633581161499,2.7736580637343997,1.398979577193252,0.19459488901171665,0.7967872331024843,1,0.7967872331024843,0.5574125973956512,True,True,False
06,236,604,77,0.050174277275800705,2.8212771113534476,1.4291422932711877,0.19928224597949368,0.8142122696253407,1,0.8142122696253407,0.5574125973956512,True,True,False
06,237,604,76,0.04975563660264015,3.8212771113534476,1.4152800974556357,0.29771674230281103,0.8564984198792234,1,0.8564984198792234,0.5574125973956512,True,True,False
06,238,604,76,0.05053088814020157,3.8212771113534476,1.440950533485779,0.29771674230281103,0.8693336378942951,1,0.8693336378942951,0.5574125973956512,True,True,False
06,239,604,76,0.05039144307374954,3.8212771113534476,1.4363331732038045,0.29771674230281103,0.8670249577533078,1,0.8670249577533078,0.5574125973956512,True,True,False
06,240,604,76,0.05133998021483421,3.8212771113534476,1.4677415107854637,0.29771674230281103,0.8827291265441374,1,0.8827291265441374,0.5574125973956512,True,True,False
06,241,604,76,0.051179803907871246,3.8212771113534476,1.4624376894549427,0.29771674230281103,0.8800772158788769,1,0.8800772158788769,0.5574125973956512,True,True,False
06,242,604,108,0.05047339200973511,26.65491336483703,1.4390466988364952,2.545334226144307,1.992190462490401,1,1.992190462490401,0.5574125973956512,True,True,False
06,243,604,108,0.05135934054851532,25.163415323720663,1.4683825778239714,2.398519367699803,1.9334509727618872,1,1.9334509727618872,0.5574125973956512,True,True,False
06,244,604,108,0.05146941542625427,23.70422876529747,1.4720274207821833,2.254885073779661,1.8634562472809222,1,1.8634562472809222,0.5574125973956512,True,True,False
06,245,604,108,0.05264894664287567,22.277353689567427,1.5110845257020664,2.114431344383879,1.8127579350429728,1,1.8127579350429728,0.5574125973956512,True,True,False
06,246,604,108,0.051957860589027405,20.882790096530556,1.488201010511062,1.9771581795124586,1.7326795950117604,1,1.7326795950117604,0.5574125973956512,True,True,False
06,247,604,107,0.05239778012037277,19.044347509996363,1.5027678003085183,1.7961920094876285,1.6494799048980733,1,1.6494799048980733,0.5574125973956512,True,True,False
06,248,604,107,0.052382662892341614,17.762025929964857,1.5022672326652116,1.6699673306327067,1.586117281648959,1,1.586117281648959,0.5574125973956512,True,True,False
06,249,604,107,0.05277484282851219,16.559634880245564,1.5152532500750449,1.5516105732699235,1.5334319116724842,1,1.5334319116724842,0.5574125973956512,True,True,False
06,250,604,107,0.05310007929801941,15.389555313219432,1.5260226088968498,1.436434380431501,1.4812284946641754,1,1.4812284946641754,0.5574125973956512,True,True,False
06,251,604,107,0.05286846682429314,14.251787228886464,1.518353364912793,1.3244387521174394,1.4213960585151162,1,1.4213960585151162,0.5574125973956512,True,True,False
06,252,604,107,0.054028239101171494,13.146330627246657,1.5567562039923366,1.215623688327739,1.3861899461600378,1,1.3861899461600378,0.5574125973956512,True,True,False
06,253,604,107,0.054751478135585785,12.07318550830001,1.5807043814133508,1.1099891890623994,1.345346785237875,1,1.345346785237875,0.5574125973956512,True,True,False
06,254,604,107,0.057226087898015976,11.032351872046528,1.662644640191619,1.0075352543214209,1.3350899472565199,1,1.3350899472565199,0.5574125973956512,True,True,False
06,255,604,107,0.05710708349943161,10.023829718486205,1.6587041194017151,0.9082618841048031,1.2834830017532592,1,1.2834830017532592,0.5574125973956512,True,True,False
06,256,604,107,0.05743921548128128,9.047619047619047,1.6697018051598829,0.8121690784125467,1.2409354417862148,1,1.2409354417862148,0.5574125973956512,True,True,False
06,257,604,107,0.055883072316646576,8.10371985944505,1.618174176221339,0.7192568372446511,1.168715506732995,1,1.168715506732995,0.5574125973956512,True,True,False
06,258,604,107,0.05628381669521332,7.144513106345168,1.6314437828406256,0.6248378036333395,1.1281407932369825,1,1.1281407932369825,0.5574125973956512,True,True,False
06,259,604,107,0.05589139834046364,6.217617835938445,1.618449870820351,0.5335993345463886,1.0760246026833697,1,1.0760246026833697,0.5574125973956512,True,True,False
06,260,604,107,0.05665165185928345,5.323034048224888,1.6436236865124085,0.4455414299837992,1.0445825582481039,1,1.0445825582481039,0.5574125973956512,True,True,False
06,261,604,107,0.05588063597679138,4.460761743204491,1.6180935031708898,0.3606640899455705,0.9893787965582301,1,0.9893787965582301,0.5574125973956512,True,True,False
06,262,604,107,0.05535038560628891,3.630800920877257,1.6005356428424087,0.278967314431703,0.9397514786370558,1,0.9397514786370558,0.5574125973956512,True,True,False
06,263,604,107,0.05634291470050812,3.5831818732582095,1.6334006594038135,0.27427995746392597,0.9538403084338698,1,0.9538403084338698,0.5574125973956512,True,True,False
06,264,604,107,0.056563153862953186,3.535562825639162,1.6406933057991528,0.26959260049614897,0.955142953147651,1,0.955142953147651,0.5574125973956512,True,True,False
06,265,604,107,0.056092262268066406,3.487943778020114,1.6251009567640298,0.26490524352837197,0.9450031001462009,1,0.9450031001462009,0.5574125973956512,True,True,False
06,266,604,107,0.055665239691734314,3.4403247304010667,1.6109612160501436,0.26021788656059497,0.9355895513053694,1,0.9355895513053694,0.5574125973956512,True,True,False
06,267,604,107,0.05646420270204544,3.392705682782019,1.6374167957593524,0.25553052959281786,0.9464736626760851,1,0.9464736626760851,0.5574125973956512,True,True,False
06,268,604,107,0.05651715397834778,3.392705682782019,1.639170139397095,0.25553052959281786,0.9473503344949564,1,0.9473503344949564,0.5574125973956512,True,True,False
06,269,604,107,0.05771828815340996,3.392705682782019,1.6789425700349514,0.25553052959281786,0.9672365498138846,1,0.9672365498138846,0.5574125973956512,True,True,False
06,270,604,107,0.059034861624240875,3.392705682782019,1.7225374723659534,0.25553052959281786,0.9890340009793857,1,0.9890340009793857,0.5574125973956512,True,True,False
06,271,604,107,0.058379098773002625,3.392705682782019,1.700823593053173,0.25553052959281786,0.9781770613229954,1,0.9781770613229954,0.5574125973956512,True,True,False
06,272,604,107,0.056966595351696014,3.392705682782019,1.654052220199059,0.25553052959281786,0.9547913748959385,1,0.9547913748959385,0.5574125973956512,True,True,False
06,273,604,107,0.05874640867114067,3.392705682782019,1.712986103911327,0.25553052959281786,0.9842583167520724,1,0.9842583167520724,0.5574125973956512,True,True,False
06,274,604,107,0.05753067508339882,3.392705682782019,1.6727302517372167,0.25553052959281786,0.9641303906650173,1,0.9641303906650173,0.5574125973956512,True,True,False
06,275,604,107,0.06028463691473007,3.392705682782019,1.7639205268871647,0.25553052959281786,1.0097255282399913,1,1.0097255282399913,0.5574125973956512,True,True,False
06,276,604,107,0.0593264177441597,3.392705682782019,1.7321915941096075,0.25553052959281786,0.9938610618512127,1,0.9938610618512127,0.5574125973956512,True,True,False
06,277,604,107,0.05937223136425018,3.392705682782019,1.7337085928472578,0.25553052959281786,0.9946195612200378,1,0.9946195612200378,0.5574125973956512,True,True,False
06,278,604,107,0.058270253241062164,3.392705682782019,1.6972194566800503,0.25553052959281786,0.976374993136434,1,0.976374993136434,0.5574125973956512,True,True,False
06,279,604,107,0.05977267026901245,3.392705682782019,1.7469680844969164,0.25553052959281786,1.0012493070448671,1,1.0012493070448671,0.5574125973956512,True,True,False
06,280,604,107,0.06098012626171112,3.392705682782019,1.7869498456647606,0.25553052959281786,1.021240187628789,1,1.021240187628789,0.5574125973956512,True,True,False
06,281,604,107,0.06031016260385513,3.392705682782019,1.7647657436175581,0.25553052959281786,1.010148136605188,1,1.010148136605188,0.5574125973956512,True,True,False
06,282,604,107,0.06082334741950035,3.392705682782019,1.781758522533031,0.25553052959281786,1.0186445260629244,1,1.0186445260629244,0.5574125973956512,True,True,False
06,283,604,107,0.05993116274476051,3.392705682782019,1.7522161501411944,0.25553052959281786,1.003873339867006,1,1.003873339867006,0.5574125973956512,True,True,False
06,284,604,107,0.06368783116340637,3.392705682782019,1.8766084430357688,0.25553052959281786,1.0660694863142934,1,1.0660694863142934,0.5574125973956512,True,True,False
06,285,604,107,0.06379734724760056,3.392705682782019,1.8802347830007584,0.25553052959281786,1.067882656296788,1,1.067882656296788,0.5574125973956512,True,True,False
06,286,604,107,0.06380769610404968,3.392705682782019,1.8805774584352348,0.25553052959281786,1.0680539940140263,1,1.0680539940140263,0.5574125973956512,True,True,False
06,287,604,107,0.06648857146501541,3.392705682782019,1.9693476654249975,0.25553052959281786,1.1124390975089078,1,1.1124390975089078,0.5574125973956512,True,True,False
06,288,604,110,0.06803780794143677,1.658063734399614,2.020646597367314,0.08478192310249798,1.052714260234906,1,1.052714260234906,0.5574125973956512,True,True,False
06,289,604,110,0.06617256253957748,1.5475180742356325,1.9588838526979366,0.07390041672352785,1.0163921347107323,1,1.0163921347107323,0.5574125973956512,True,True,False
06,290,604,110,0.06550335139036179,1.4692838967648139,1.9367246680149401,0.06619947486891879,1.0014620714419296,1,1.0014620714419296,0.5574125973956512,True,True,False
06,291,604,110,0.06731446832418442,1.4233612019871569,1.9966950894075197,0.06167909753867069,1.0291870934730951,1,1.0291870934730951,0.5574125973956512,True,True,False
06,292,604,110,0.0663357749581337,1.4097499899026624,1.9642882069582985,0.060339284732783625,1.0123137458455411,1,1.0123137458455411,0.5574125973956512,True,True,False
06,293,604,110,0.06640122085809708,1.4284502605113294,1.9664552775244915,0.0621800364512575,1.0143176569878745,1,1.0143176569878745,0.5574125973956512,True,True,False
06,294,604,110,0.06429775804281235,1.4794620138131593,1.89680458349117,0.06720135269409244,0.9820029680926312,1,0.9820029680926312,0.5574125973956512,True,True,False
06,295,604,110,0.062112100422382355,1.5627852498081505,1.82443222250814,0.07540323346128831,0.9499177279847142,1,0.9499177279847142,0.5574125973956512,True,True,False
06,296,604,109,0.06413447856903076,2.630800920877257,1.8913980088716214,0.1805328181083856,1.0359654134900034,1,1.0359654134900034,0.5574125973956512,True,True,False
06,297,604,109,0.06396816670894623,2.7260390161153523,1.8858910246755196,0.18990753204393965,1.0378992783597296,1,1.0378992783597296,0.5574125973956512,True,True,False
06,298,604,109,0.06553719192743301,2.8212771113534476,1.9378452092844811,0.19928224597949368,1.0685637276319875,1,1.0685637276319875,0.5574125973956512,True,True,False
06,299,604,109,0.06671430170536041,2.916515206591543,1.9768221345670676,0.20865695991504776,1.0927395472410577,1,1.0927395472410577,0.5574125973956512,True,True,False
06,300,604,109,0.06767008453607559,3.011753301829638,2.0084703942941755,0.21803167385060176,1.1132510340723887,1,1.1132510340723887,0.5574125973956512,True,True,False
06,301,604,109,0.0661248117685318,3.106991397067733,1.957302710250449,0.22740638778615577,1.0923545490183024,1,1.0923545490183024,0.5574125973956512,True,True,False
06,302,604,109,0.06377502530813217,3.2022294923058285,1.8794956500981725,0.23678110172170985,1.0581383759099412,1,1.0581383759099412,0.5574125973956512,True,True,False
06,303,604,109,0.062185075134038925,3.297467587543924,1.826848590069681,0.24615581565726385,1.0365022028634723,1,1.0365022028634723,0.5574125973956512,True,True,False
06,304,604,109,0.06369870901107788,3.392705682782019,1.8769686346371623,0.25553052959281786,1.06624958211499,1,1.06624958211499,0.5574125973956512,True,True,False
06,305,604,109,0.06479250639677048,3.487943778020114,1.913186886983596,0.26490524352837197,1.089046065255984,1,1.089046065255984,0.5574125973956512,True,True,False
06,306,604,109,0.06372616440057755,3.5831818732582095,1.877877748370817,0.27427995746392597,1.0760788529173715,1,1.0760788529173715,0.5574125973956512,True,True,False
06,307,604,109,0.06544996052980423,3.678419968496305,1.9349567686891957,0.28365467139948003,1.109305720044338,1,1.109305720044338,0.5574125973956512,True,True,False
06,308,604,109,0.06482020765542984,3.7736580637343997,1.9141041420342682,0.29302938533503403,1.1035667636846511,1,1.1035667636846511,0.5574125973956512,True,True,False
06,309,604,109,0.06738170236349106,3.7260390161153523,1.998921369552024,0.28834202836725703,1.1436316989596405,1,1.1436316989596405,0.5574125973956512,True,True,False
06,310,604,109,0.06714887917041779,3.678419968496305,1.991212035749319,0.28365467139948003,1.1374333535743995,1,1.1374333535743995,0.5574125973956512,True,True,False
06,311,604,109,0.07174317538738251,3.630800920877257,2.1433401921307955,0.278967314431703,1.2111537532812493,1,1.2111537532812493,0.5574125973956512,True,True,False
06,312,604,109,0.07183031737804413,3.5831818732582095,2.1462256722471653,0.27427995746392597,1.2102528148555456,1,1.2102528148555456,0.5574125973956512,True,True,False
06,313,604,107,0.07196416705846786,5.440324730401066,2.150657755890341,0.4570868792072296,1.3038723175487852,1,1.3038723175487852,0.5574125973956512,True,True,False
06,314,604,107,0.07510995119810104,5.297467587543924,2.2548222065344596,0.4430248083038986,1.3489235074191792,1,1.3489235074191792,0.5574125973956512,True,True,False
06,315,604,107,0.07750415056943893,5.154610444686781,2.334099884588043,0.4289627374005675,1.3815313109943053,1,1.3815313109943053,0.5574125973956512,True,True,False
06,316,604,107,0.08156364411115646,5.011753301829638,2.4685194429229207,0.4149006664972365,1.4417100547100785,1,1.4417100547100785,0.5574125973956512,True,True,False
06,317,604,107,0.08429601788520813,4.9165152065915425,2.558994885768048,0.4055259525616824,1.4822604191648652,1,1.4822604191648652,0.5574125973956512,True,True,False
06,318,604,107,0.08415268361568451,4.821277111353448,2.5542487446532465,0.3961512386261284,1.4751999916396874,1,1.4751999916396874,0.5574125973956512,True,True,False
06,319,604,107,0.08105624467134476,4.726039016115353,2.4517182316639423,0.3867765246905744,1.4192473781772583,1,1.4192473781772583,0.5574125973956512,True,True,False
06,320,604,107,0.07546015083789825,4.630800920877257,2.2664181557401477,0.37740181075502033,1.321909983247584,0,1.321909983247584,0.5574125973956512,True,True,False
06,321,604,107,0.050309523940086365,4.535562825639162,1.433620634397419,0.3680270968194663,0.9008238656084426,0,0.9008238656084426,0.5574125973956512,True,True,False
06,322,604,107,0.0388377420604229,4.440324730401066,1.0537624482144203,0.3586523828839122,0.7062074155491662,0,0.7062074155491662,0.5574125973956512,True,True,False
06,323,604,108,0.03880065307021141,3.486247425178724,1.0525343428776137,0.26473826389084304,0.6586363033842284,0,0.6586363033842284,0.5574125973956512,True,True,False
06,324,604,108,0.035662051290273666,3.3757017650147425,0.9486077173730451,0.2538567575118729,0.601232237442459,0,0.601232237442459,0.5574125973956512,True,True,False
06,325,604,109,0.0356442928314209,2.6223191566703035,0.9480196922484412,0.179697919920741,0.563858806084591,0,0.563858806084591,0.5574125973956512,True,True,False
06,326,604,109,0.03373110294342041,2.465850801728665,0.8846693907605925,0.16429603621152275,0.5244827134860576,0,0.5244827134860576,0.5574125973956512,False,False,False
06,327,604,109,0.03318053111433983,2.374005412173352,0.8664386382452612,0.15525528155102664,0.510846959898144,0,0.510846959898144,0.5574125973956512,False,False,False
06,328,604,109,0.03168611228466034,2.3450866351629713,0.8169548499380499,0.1524086763017235,0.4846817631198867,0,0.4846817631198867,0.5574125973956512,False,False,False
06,329,604,110,0.03289638087153435,1.6019225332202447,0.8570297428384464,0.07925569224142072,0.46814271753993353,0,0.46814271753993353,0.5574125973956512,False,False,False
06,330,604,110,0.03262213245034218,1.4981622844218263,0.84794872047153,0.06904210441256632,0.45849541244204817,0,0.45849541244204817,0.5574125973956512,False,False,False
06,331,604,110,0.029985269531607628,1.4879437780201141,0.7606358709045979,0.06803625088173718,0.41433606089316755,0,0.41433606089316755,0.5574125973956512,False,False,False
06,332,604,110,0.03232639655470848,1.5355628256391618,0.8381561963385733,0.0727236078495142,0.4554399020940437,0,0.4554399020940437,0.5574125973956512,False,False,False
06,333,604,111,0.030318984761834145,0.7787875116119407,0.7716859818102286,0.0,0.3858429909051143,0,0.3858429909051143,0.5574125973956512,False,False,False
06,334,604,111,0.03015732765197754,0.8518922412052186,0.7663331275476686,0.005426838219690981,0.3858799828836798,0,0.3858799828836798,0.5574125973956512,False,False,False
06,335,604,112,0.03229007497429848,0.5288581929803323,0.8369535017791254,0.0,0.4184767508895627,0,0.4184767508895627,0.5574125973956512,False,False,False
06,336,604,112,0.030899347737431526,0.46928389676481264,0.7909031905708834,0.0,0.3954515952854417,0,0.3954515952854417,0.5574125973956512,False,False,False
06,337,604,112,0.030855098739266396,0.5644816026495424,0.7894380002142556,0.0,0.3947190001071278,0,0.3947190001071278,0.5574125973956512,False,False,False
06,338,604,112,0.031077856197953224,0.7736580637343999,0.7968140334323832,0.0,0.3984070167161916,0,0.3984070167161916,0.5574125973956512,False,False,False
06,339,604,112,0.031222166493535042,1.011753301829638,0.8015924931086799,0.02116268120396702,0.41137758715632344,0,0.41137758715632344,0.5574125973956512,False,False,False
06,340,604,112,0.03105214610695839,1.249848539924876,0.7959627107142264,0.04459946604285209,0.4202810883785393,0,0.4202810883785393,0.5574125973956512,False,False,False
06,341,604,112,0.030094753950834274,1.4879437780201141,0.7642611623666382,0.06803625088173718,0.4161487066241877,0,0.4161487066241877,0.5574125973956512,False,False,False
06,342,604,112,0.029072217643260956,1.7260390161153523,0.7304025350691973,0.09147303572062228,0.41093778539490977,0,0.41093778539490977,0.5574125973956512,False,False,False
06,343,604,112,0.029722172766923904,1.9641342542105904,0.7519241066057543,0.11490982055950737,0.4334169635826308,0,0.4334169635826308,0.5574125973956512,False,False,False
06,344,604,112,0.030252749100327492,2.1546104446867806,0.7694927603469484,0.1336592484306154,0.45157600438878187,0,0.45157600438878187,0.5574125973956512,False,False,False
06,345,604,112,0.029100798070430756,2.3450866351629713,0.7313489014958726,0.1524086763017235,0.44187878889879806,0,0.44187878889879806,0.5574125973956512,False,False,False
06,346,604,112,0.029316866770386696,2.487943778020114,0.7385034538851297,0.16647074720505456,0.4524871005450921,0,0.4524871005450921,0.5574125973956512,False,False,False
06,347,604,112,0.029589170590043068,2.630800920877257,0.7475200858356325,0.1805328181083856,0.46402645197200904,0,0.46402645197200904,0.5574125973956512,False,False,False
06,348,604,112,0.028180863708257675,2.7736580637343997,0.7008876704606176,0.19459488901171665,0.4477412797361671,0,0.4477412797361671,0.5574125973956512,False,False,False
06,349,604,112,0.028903910890221596,2.916515206591543,0.7248294951872922,0.20865695991504776,0.46674322755117,0,0.46674322755117,0.5574125973956512,False,False,False
06,350,604,112,0.029209071770310402,3.011753301829638,0.7349341031392647,0.21803167385060176,0.4764828884949332,0,0.4764828884949332,0.5574125973956512,False,False,False
06,351,604,114,0.02979094907641411,1.6699382042893511,0.7542014550115518,0.08595078056520064,0.4200761177883762,0,0.4200761177883762,0.5574125973956512,False,False,False
06,352,604,114,0.028543761000037193,1.7022496869825126,0.7129040693489597,0.08913134508956158,0.4010177072192606,0,0.4010177072192606,0.5574125973956512,False,False,False
06,353,604,114,0.028272829949855804,1.7668726523688367,0.7039328930851397,0.09549247413828357,0.39971268361171164,0,0.39971268361171164,0.5574125973956512,False,False,False
06,354,604,114,0.02859708108007908,1.8161880528292749,0.7146696249622292,0.10034681074358949,0.40750821785290936,0,0.40750821785290936,0.5574125973956512,False,False,False
06,355,604,114,0.028116991743445396,1.8978149359828758,0.6987727166586676,0.10838171187325647,0.40357721426596205,0,0.40357721426596205,0.5574125973956512,False,False,False
06,356,604,114,0.028006821870803833,1.9641342542105904,0.6951247281916079,0.11490982055950737,0.4050172743755576,0,0.4050172743755576,0.5574125973956512,False,False,False
06,357,604,114,0.02703024074435234,2.0593723494486857,0.6627877870567669,0.12428453449506141,0.39353616077591413,0,0.39353616077591413,0.5574125973956512,False,False,False
06,358,604,114,0.026375137269496918,2.1546104446867806,0.6410957412759888,0.1336592484306154,0.3873774948533021,0,0.3873774948533021,0.5574125973956512,False,False,False
06,359,604,114,0.02728956751525402,2.249848539924876,0.6713747178280043,0.14303396236616947,0.4072043400970869,0,0.4072043400970869,0.5574125973956512,False,False,False
06,360,604,114,0.027598876506090164,2.3450866351629713,0.6816166796663301,0.1524086763017235,0.4170126779840268,0,0.4170126779840268,0.5574125973956512,False,False,False
06,361,604,114,0.026927439495921135,2.4403247304010667,0.659383791393665,0.16178339023727756,0.41058359081547124,0,0.41058359081547124,0.5574125973956512,False,False,False
06,362,604,114,0.025382213294506073,2.535562825639162,0.6082176492660403,0.1711581041728316,0.38968787671943594,0,0.38968787671943594,0.5574125973956512,False,False,False
06,363,604,114,0.024399088695645332,2.630800920877257,0.5756640380805664,0.1805328181083856,0.378098428094476,0,0.378098428094476,0.5574125973956512,False,False,False
06,364,604,114,0.025607001036405563,2.7260390161153523,0.6156609100262089,0.18990753204393965,0.4027842210350743,0,0.4027842210350743,0.5574125973956512,False,False,False
06,365,604,114,0.025378931313753128,2.8212771113534476,0.6081089750191815,0.19928224597949368,0.40369561049933755,0,0.40369561049933755,0.5574125973956512,False,False,False
06,366,604,116,0.024541771039366722,1.4794620138131607,0.5803885923699421,0.06720135269409258,0.32379497253201733,0,0.32379497253201733,0.5574125973956512,False,False,False
06,367,604,116,0.02432442456483841,1.511773496506322,0.57319172980285,0.07038191721845351,0.3217868235106518,0,0.3217868235106518,0.5574125973956512,False,False,False
06,368,604,116,0.02406175807118416,1.5763964618926463,0.5644942128087875,0.0767430462671755,0.32061862953798154,0,0.32061862953798154,0.5574125973956512,False,False,False
06,369,604,117,0.02414541132748127,1.1835696110505283,0.5672641725708062,0.038075333062256696,0.30266975281653147,0,0.30266975281653147,0.5574125973956512,False,False,False
06,370,604,117,0.024827469140291214,1.2022698816591952,0.5898487410679827,0.03991608478073057,0.31488241292435665,0,0.31488241292435665,0.5574125973956512,False,False,False
06,371,604,121,0.023978939279913902,2.702532412456076,0.5617518841833141,0.18759367135246696,0.37467277776789054,0,0.37467277776789054,0.5574125973956512,False,False,False
06,372,604,121,0.025613754987716675,2.4015105618159045,0.6158845495376221,0.15796273710238878,0.3869236433200054,0,0.3869236433200054,0.5574125973956512,False,False,False
06,373,604,121,0.024257639423012733,2.132800193868895,0.5709803137295678,0.13151236737667163,0.3512463405531197,0,0.3512463405531197,0.5574125973956512,False,False,False
06,374,604,121,0.023684168234467506,1.8964013086150477,0.5519913085519879,0.10824256217531547,0.33011693536365166,0,0.33011693536365166,0.5574125973956512,False,False,False
06,375,604,121,0.02352595143020153,1.6923139060543628,0.5467523710510329,0.08815332149832034,0.3174528462746766,0,0.3174528462746766,0.5574125973956512,False,False,False
06,376,604,121,0.02278243750333786,1.5205379861868393,0.5221328433592705,0.07124464534568614,0.2966887443524783,0,0.2966887443524783,0.5574125973956512,False,False,False
06,377,604,122,0.024147283285856247,1.8555676723615644,0.5673261575981008,0.10422312375765429,0.33577464067787754,0,0.33577464067787754,0.5574125973956512,False,False,False
06,378,604,122,0.022825364023447037,1.637869057716384,0.5235542432986057,0.08279407027477198,0.3031741567866888,0,0.3031741567866888,0.5574125973956512,False,False,False
06,379,604,122,0.023989442735910416,1.484793408457529,0.5620996787792488,0.0677261458406118,0.3149129123099303,0,0.3149129123099303,0.5574125973956512,False,False,False
06,380,604,122,0.023949390277266502,1.3946443717436063,0.5607734459017203,0.058852370817644585,0.30981290835968245,0,0.30981290835968245,0.5574125973956512,False,False,False
06,381,604,122,0.023617414757609367,1.3368068177228465,0.5497809409816549,0.053159160319038425,0.30147005065034665,0,0.30147005065034665,0.5574125973956512,False,False,False
06,382,604,122,0.02429896593093872,1.3112807463952483,0.5723487334316433,0.050646514344793225,0.3114976238882182,0,0.3114976238882182,0.5574125973956512,False,False,False
06,383,604,122,0.022842369973659515,1.3180661577608126,0.5241173510590036,0.051314432894909064,0.28771589197695635,0,0.28771589197695635,0.5574125973956512,False,False,False
06,384,604,125,0.02393091842532158,1.8912718607375094,0.5601617986224359,0.10773764755707327,0.33394972308975457,0,0.33394972308975457,0.5574125973956512,False,False,False
06,385,604,125,0.023222625255584717,1.4711821963730358,0.5367085145934736,0.06638633303472487,0.3015474238140992,0,0.3015474238140992,0.5574125973956512,False,False,False
06,386,604,125,0.024122940376400948,1.1208045559190591,0.5665201055366944,0.031897086473685284,0.29920859600518984,0,0.29920859600518984,0.5574125973956512,False,False,False
06,387,604,125,0.023870185017585754,0.9625994587826645,0.558150769965751,0.01632424742128278,0.2872375086935169,0,0.2872375086935169,0.5574125973956512,False,False,False
06,388,604,125,0.023536283522844315,0.9013288097257557,0.5470944913957128,0.01029310194196322,0.278693796668838,0,0.278693796668838,0.5574125973956512,False,False,False
06,389,604,125,0.023122405633330345,0.9302071973827695,0.5333900027590586,0.013135731485610877,0.2732628671223347,0,0.2732628671223347,0.5574125973956512,False,False,False
06,390,604,125,0.023089170455932617,1.071327598045155,0.5322895063988416,0.02702684704575755,0.2796581767222996,0,0.2796581767222996,0.5574125973956512,False,False,False
06,391,604,126,0.02413075976073742,0.6869825114099932,0.5667790240885181,0.0,0.28338951204425905,0,0.28338951204425905,0.5574125973956512,False,False,False
06,392,604,126,0.024195276200771332,0.7396906175532135,0.5689153180093179,0.0,0.28445765900465897,0,0.28445765900465897,0.5574125973956512,False,False,False
06,393,604,126,0.024401830509305,0.857021689082758,0.5757548261006437,0.0059317528379332855,0.29084328946928845,0,0.29084328946928845,0.5574125973956512,False,False,False
06,394,604,126,0.0239474605768919,1.0372793731572363,0.5607095488984594,0.023675327178212222,0.2921924380383358,0,0.2921924380383358,0.5574125973956512,False,False,False
06,395,604,126,0.02417179010808468,1.249848539924876,0.5681376372041856,0.04459946604285209,0.30636855162351884,0,0.30636855162351884,0.5574125973956512,False,False,False
06,396,604,126,0.02360512875020504,1.4879437780201141,0.5493741218373411,0.06803625088173718,0.30870518635953914,0,0.30870518635953914,0.5574125973956512,False,False,False
06,397,604,126,0.024130700156092644,1.7260390161153523,0.5667770504359078,0.09147303572062228,0.329125043078265,0,0.329125043078265,0.5574125973956512,False,False,False
06,398,604,126,0.024609068408608437,1.9165152065915427,0.5826169695203447,0.11022246359173034,0.34641971655603754,0,0.34641971655603754,0.5574125973956512,False,False,False
06,399,604,127,0.02278403379023075,1.2481521870834857,0.5221857002432422,0.04443248640532321,0.28330909332428267,0,0.28330909332428267,0.5574125973956512,False,False,False
06,400,604,127,0.023369964212179184,1.42332081263379,0.5415872604930348,0.06167512183301519,0.301631191163025,0,0.301631191163025,0.5574125973956512,False,False,False
06,401,604,127,0.024487072601914406,1.6308009208772571,0.5785773960400576,0.08209832178506825,0.33033785891256295,0,0.33033785891256295,0.5574125973956512,False,False,False
06,402,604,127,0.023746639490127563,1.868896158972495,0.5540598815175941,0.10553510662395332,0.32979749407077374,0,0.32979749407077374,0.5574125973956512,False,False,False
06,403,604,129,0.02408538945019245,0.964215032917324,0.5652767043921575,0.016483275647500968,0.2908799900198292,0,0.2908799900198292,0.5574125973956512,False,False,False
06,404,604,129,0.02343852072954178,1.02370855042611,0.5438573310548317,0.02233949007798079,0.2830984105664062,0,0.2830984105664062,0.5574125973956512,False,False,False
06,405,604,129,0.023968031629920006,0.99648612625712,0.5613907057556153,0.019659864466206545,0.2905252851109109,0,0.2905252851109109,0.5574125973956512,False,False,False
06,406,604,131,0.02358606643974781,1.1241972616018425,0.5487429230618852,0.032231045748743324,0.2904869844053143,0,0.2904869844053143,0.5574125973956512,False,False,False
06,407,604,131,0.02161478064954281,0.9115877054808375,0.4834689270453607,0.011302931178448113,0.2473859291119044,0,0.2473859291119044,0.5574125973956512,False,False,False
06,408,604,131,0.0223837997764349,0.7636011147461537,0.5089329930244317,0.0,0.25446649651221587,0,0.25446649651221587,0.5574125973956512,False,False,False
06,409,604,131,0.02185676619410515,0.6734520780322297,0.49148164826026686,0.0,0.24574082413013343,0,0.24574082413013343,0.5574125973956512,False,False,False
06,410,604,131,0.021748675033450127,0.6479260067046314,0.4879024909279941,0.0,0.24395124546399705,0,0.24395124546399705,0.5574125973956512,False,False,False
06,411,604,131,0.02255229838192463,0.6938083121289231,0.5145123856006766,0.0,0.2572561928003383,0,0.2572561928003383,0.5574125973956512,False,False,False
06,412,604,132,0.02198430337011814,0.6071731491578832,0.49570470975667486,0.0,0.24785235487833743,0,0.24785235487833743,0.5574125973956512,False,False,False
06,413,604,132,0.021207211539149284,0.5221131709681334,0.4699733372021859,0.0,0.23498666860109296,0,0.23498666860109296,0.5574125973956512,False,False,False
06,414,604,133,0.02122054435312748,0.7620259299648596,0.4704148186204694,0.0,0.2352074093102347,0,0.2352074093102347,0.5574125973956512,False,False,False
06,415,604,133,0.021394386887550354,0.5698129972939133,0.47617116148856325,0.0,0.23808558074428163,0,0.23808558074428163,0.5574125973956512,False,False,False
06,416,604,133,0.02145436592400074,0.5068459953956127,0.4781572111043982,0.0,0.2390786055521991,0,0.2390786055521991,0.5574125973956512,False,False,False
06,417,604,133,0.022616177797317505,0.5816066884769168,0.516627586109203,0.0,0.2583137930546015,0,0.2583137930546015,0.5574125973956512,False,False,False
06,418,604,134,0.023467082530260086,0.5357647724059912,0.5448030807150662,0.0,0.2724015403575331,0,0.2724015403575331,0.5574125973956512,False,False,False
06,419,604,134,0.02311764284968376,0.4642756169473729,0.5332322955801606,0.0,0.2666161477900803,0,0.2666161477900803,0.5574125973956512,False,False,False
06,420,604,134,0.022904574871063232,0.5985702168908272,0.5261771042645073,0.0,0.26308855213225363,0,0.26308855213225363,0.5574125973956512,False,False,False
06,421,604,134,0.022654877975583076,0.846843572034412,0.5179090417431337,0.004929875012759574,0.2614194583779466,0,0.2614194583779466,0.5574125973956512,False,False,False
06,422,604,134,0.023190762847661972,1.1274284098711582,0.5356534739199394,0.032549102201179375,0.2841012880605594,0,0.2841012880605594,0.5574125973956512,False,False,False
06,423,604,137,0.024502165615558624,1.4168181267417905,0.5790771618869913,0.06103503322248748,0.3200560975547394,0,0.3200560975547394,0.5574125973956512,False,False,False
06,424,604,137,0.024011019617319107,1.0783553455309178,0.5628141410242049,0.027718619829806064,0.2952663804270055,0,0.2952663804270055,0.5574125973956512,False,False,False
06,425,604,138,0.022909369319677353,1.607294317217981,0.5263358599463543,0.07978446109359555,0.303060160519975,0,0.303060160519975,0.5574125973956512,False,False,False
06,426,604,138,0.024103589355945587,1.2127307241811056,0.5658793468814071,0.040945792545492354,0.3034125697134497,0,0.3034125697134497,0.5574125973956512,False,False,False
06,427,604,138,0.02413901686668396,0.9780281917686485,0.5670524366516992,0.01784296698166507,0.29244770181668217,0,0.29244770181668217,0.5574125973956512,False,False,False
06,428,604,138,0.02490975521504879,0.8062522719011265,0.5925734301732508,0.0009342908290310111,0.2967538605011409,0,0.2967538605011409,0.5574125973956512,False,False,False
06,429,604,139,0.024866672232747078,1.1702007350862293,0.5911468493958135,0.036759374490302026,0.31395311194305775,0,0.31395311194305775,0.5574125973956512,False,False,False
06,430,604,139,0.025393491610884666,0.9235833434306709,0.6085911013459099,0.012483715758116845,0.31053740855201334,0,0.31053740855201334,0.5574125973956512,False,False,False
06,431,604,139,0.02521001361310482,0.7705076941718145,0.6025157051980199,0.0,0.30125785259900995,0,0.30125785259900995,0.5574125973956512,False,False,False
06,432,604,139,0.026286887004971504,0.6905367745062387,0.6381735635563949,0.0,0.31908678177819744,0,0.31908678177819744,0.5574125973956512,False,False,False
06,433,604,139,0.025174017995595932,0.7312896320529882,0.601323804051285,0.0,0.3006619020256425,0,0.3006619020256425,0.5574125973956512,False,False,False
06,434,604,141,0.024873148649930954,1.2314309947897741,0.5913612990872597,0.04278654426396637,0.317073921675613,0,0.317073921675613,0.5574125973956512,False,False,False
06,435,604,142,0.02436261996626854,1.7977705076941715,0.5744564710662367,0.09853388896470362,0.33649518001547013,0,0.33649518001547013,0.5574125973956512,False,False,False
06,436,604,142,0.024511896073818207,1.4015105618159058,0.5793993606756351,0.059528240779071546,0.31946380072735336,0,0.31946380072735336,0.5574125973956512,False,False,False
06,437,604,142,0.02469727396965027,1.0460438628377549,0.5855376670004808,0.02453805530544498,0.3050378611529629,0,0.3050378611529629,0.5574125973956512,False,False,False
06,438,604,142,0.024013368412852287,0.799386081828831,0.5628919152723826,0.0002584208676044417,0.2815751680699935,0,0.2815751680699935,0.5574125973956512,False,False,False
06,439,604,142,0.02494320273399353,0.7295932792116004,0.5936809576708921,0.0,0.29684047883544606,0,0.29684047883544606,0.5574125973956512,False,False,False
06,440,604,142,0.0257018581032753,0.7805646431600635,0.6188018548023341,0.0,0.30940092740116704,0,0.30940092740116704,0.5574125973956512,False,False,False
06,441,604,142,0.02416752651333809,0.9216850438224478,0.5679964593658997,0.012296857592310645,0.2901466584791052,0,0.2901466584791052,0.5574125973956512,False,False,False
06,442,604,142,0.02386198751628399,1.1274284098711576,0.5578793310551802,0.032549102201179306,0.29521421662817976,0,0.29521421662817976,0.5574125973956512,False,False,False
06,443,604,142,0.02330443635582924,1.392705682782019,0.5394174761545028,0.05866153694618316,0.29903950655034295,0,0.29903950655034295,0.5574125973956512,False,False,False
06,444,604,145,0.022470001131296158,1.2314309947897741,0.511787326435544,0.04278654426396637,0.2772869353497552,0,0.2772869353497552,0.5574125973956512,False,False,False
06,445,604,145,0.02328385040163994,0.9201906377478901,0.5387358258841941,0.012149756483059057,0.2754427911836266,0,0.2754427911836266,0.5574125973956512,False,False,False
06,446,604,145,0.023826193064451218,0.7279777050769409,0.5566940909860053,0.0,0.27834704549300265,0,0.27834704549300265,0.5574125973956512,False,False,False
06,447,604,145,0.02400268241763115,0.6360919261682612,0.5625380763653286,0.0,0.2812690381826643,0,0.2812690381826643,0.5574125973956512,False,False,False
06,448,604,145,0.02322465367615223,0.641140595339067,0.5367756804588704,0.0,0.2683878402294352,0,0.2683878402294352,0.5574125973956512,False,False,False
06,449,604,145,0.022967850789427757,0.7431237125893612,0.5282723215403535,0.0,0.26413616077017676,0,0.26413616077017676,0.5574125973956512,False,False,False
06,450,604,145,0.02426404133439064,0.882547760410355,0.571192296355251,0.008444398812178368,0.2898183475837147,0,0.2898183475837147,0.5574125973956512,False,False,False
06,451,604,145,0.023596713319420815,1.0865947736176744,0.5490954667594137,0.028529663783518143,0.2888125652714659,0,0.2888125652714659,0.5574125973956512,False,False,False
06,452,604,148,0.02325795404613018,1.5120562219798859,0.5378783355016298,0.07040974715804153,0.30414404132983563,0,0.30414404132983563,0.5574125973956512,False,False,False
06,453,604,148,0.024021271616220474,1.1310634516741394,0.5631536092731896,0.03290691571017002,0.2980302624916798,0,0.2980302624916798,0.5574125973956512,False,False,False
06,454,604,148,0.023878300562500954,0.847005129447876,0.5584194951039825,0.004945777835381203,0.28168263646968184,0,0.28168263646968184,0.5574125973956512,False,False,False
06,455,604,148,0.023375101387500763,0.7551193505391961,0.5417573646773917,0.0,0.27087868233869583,0,0.27087868233869583,0.5574125973956512,False,False,False
06,456,604,148,0.02313617430627346,0.7006745022012185,0.5338459165120554,0.0,0.2669229582560277,0,0.2669229582560277,0.5574125973956512,False,False,False
06,457,604,148,0.023652687668800354,0.7108526192495666,0.5509489115904889,0.0,0.27547445579524443,0,0.27547445579524443,0.5574125973956512,False,False,False
06,458,604,148,0.024052320048213005,0.7856537016842348,0.5641816972532633,0.0,0.28209084862663164,0,0.28209084862663164,0.5574125973956512,False,False,False
06,459,604,148,0.02408513054251671,0.9250777495052286,0.5652681313386312,0.012630816867368432,0.2889494741029998,0,0.2889494741029998,0.5574125973956512,False,False,False
06,460,604,149,0.02443634532392025,0.6972817965184377,0.5768976943153395,0.0,0.2884488471576698,0,0.2884488471576698,0.5574125973956512,False,False,False
06,461,604,149,0.02331344597041607,0.7601680197100074,0.5397158060818898,0.0,0.2698579030409449,0,0.2698579030409449,0.5574125973956512,False,False,False
06,462,604,149,0.02368934080004692,0.9199886909810573,0.552162584592582,0.012129877954781744,0.2821462312736819,0,0.2821462312736819,0.5574125973956512,False,False,False
06,463,604,149,0.023196492344141006,1.1750474574902052,0.5358431912771118,0.037236459168956335,0.28653982522303406,0,0.28653982522303406,0.5574125973956512,False,False,False
06,464,604,149,0.024266891181468964,1.4879437780201141,0.5712866616206846,0.06803625088173718,0.3196614562512109,0,0.3196614562512109,0.5574125973956512,False,False,False
06,465,604,149,0.025019371882081032,1.6784199684963046,0.5962031006770204,0.08678567875284525,0.34149438971493284,0,0.34149438971493284,0.5574125973956512,False,False,False
06,466,604,149,0.02372421883046627,1.868896158972495,0.5533174797528724,0.10553510662395332,0.3294262931884129,0,0.3294262931884129,0.5574125973956512,False,False,False
06,467,604,149,0.02411743625998497,2.0593723494486857,0.566337851053455,0.12428453449506141,0.3453111927742582,0,0.3453111927742582,0.5574125973956512,False,False,False
06,468,604,149,0.023592472076416016,2.249848539924876,0.5489550290408566,0.14303396236616947,0.34599449570351304,0,0.34599449570351304,0.5574125973956512,False,False,False
06,469,604,152,0.024819962680339813,0.9472918938567825,0.5896001841923635,0.014817454977867104,0.3022088195851153,0,0.3022088195851153,0.5574125973956512,False,False,False
06,470,604,152,0.024174917489290237,0.8843248919584819,0.5682411922895864,0.008619329861018514,0.28843026107530245,0,0.28843026107530245,0.5574125973956512,False,False,False
06,471,604,152,0.024690762162208557,0.9182923381396668,0.5853220454527972,0.011962898317252845,0.298642471885025,0,0.298642471885025,0.5574125973956512,False,False,False
06,472,604,152,0.024464281275868416,1.0424088210347757,0.5778227206231651,0.024180241796454525,0.3010014812098098,0,0.3010014812098098,0.5574125973956512,False,False,False
06,473,604,152,0.023712506517767906,1.0764166565693292,0.5529296570149335,0.02752778595834451,0.290228721486639,0,0.290228721486639,0.5574125973956512,False,False,False
06,474,604,152,0.023546189069747925,1.1427359747970451,0.5474224877888996,0.03405589464459553,0.2907391912167476,0,0.2907391912167476,0.5574125973956512,False,False,False
06,475,604,152,0.023435795679688454,1.2413667757179212,0.543767098124551,0.043764567855207354,0.2937658329898792,0,0.2937658329898792,0.5574125973956512,False,False,False
06,476,604,152,0.023856664076447487,1.37230905933196,0.5577030592064159,0.05665380559018024,0.3071784323982981,0,0.3071784323982981,0.5574125973956512,False,False,False
06,477,604,152,0.022273434326052666,1.5355628256391618,0.5052785285097443,0.0727236078495142,0.28900106817962923,0,0.28900106817962923,0.5574125973956512,False,False,False
06,478,604,152,0.023658517748117447,1.7260390161153523,0.5511419594864413,0.09147303572062228,0.3213074976035318,0,0.3213074976035318,0.5574125973956512,False,False,False
06,479,604,152,0.0230239350348711,1.9165152065915427,0.5301294052934292,0.11022246359173034,0.3201759344425798,0,0.3201759344425798,0.5574125973956512,False,False,False
06,480,604,152,0.023920375853776932,2.106991397067733,0.5598127088169756,0.1289718914628384,0.344392300139907,0,0.344392300139907,0.5574125973956512,False,False,False
06,481,604,152,0.024040577933192253,2.249848539924876,0.5637928876890193,0.14303396236616947,0.3534134250275944,0,0.3534134250275944,0.5574125973956512,False,False,False
06,482,604,155,0.02413053810596466,0.9404660931378498,0.5667716845678733,0.014145560722095628,0.29045862264498445,0,0.29045862264498445,0.5574125973956512,False,False,False
06,483,604,155,0.023250006139278412,0.8537097621067095,0.537615161261365,0.005605744974186339,0.27161045311777565,0,0.27161045311777565,0.5574125973956512,False,False,False
06,484,604,155,0.023413902148604393,0.831576396461892,0.5430421508501023,0.003427058274998913,0.2732346045625506,0,0.2732346045625506,0.5574125973956512,False,False,False
06,485,604,155,0.022033721208572388,0.8740659962034001,0.49734105280060875,0.007609500624533621,0.2524752767125712,0,0.2524752767125712,0.5574125973956512,False,False,False
06,486,604,157,0.023393923416733742,1.3487216769659531,0.5423806071657619,0.054331993487396854,0.29835630032657934,0,0.29835630032657934,0.5574125973956512,False,False,False
06,487,604,157,0.02293158508837223,1.1054969909931756,0.527071477280228,0.030390294030269455,0.27873088565524873,0,0.27873088565524873,0.5574125973956512,False,False,False
06,488,604,157,0.02311411127448082,0.9302879760895018,0.5331153566629959,0.01314368289692172,0.2731295197799588,0,0.2731295197799588,0.5574125973956512,False,False,False
06,489,604,157,0.02468622848391533,0.8520134092653163,0.5851719245011205,0.005438765336657179,0.2953053449188889,0,0.2953053449188889,0.5574125973956512,False,False,False
06,490,604,157,0.022396869957447052,0.8111797730118331,0.5093657780359008,0.0014193269189960033,0.2553925524774484,0,0.2553925524774484,0.5574125973956512,False,False,False
06,491,604,157,0.02325502410531044,0.8349691021446756,0.537781318140501,0.0037610175500569737,0.270771167845279,0,0.270771167845279,0.5574125973956512,False,False,False
06,492,604,161,0.022431381046772003,3.1787228886465524,0.5105085228973085,0.2344672410302371,0.3724878819637728,0,0.3724878819637728,0.5574125973956512,False,False,False
06,493,604,161,0.02246404066681862,2.7824629427682868,0.5115899611745064,0.19546159284460507,0.35352577700955573,0,0.35352577700955573,0.5574125973956512,False,False,False
06,494,604,161,0.022443853318691254,2.418514479583181,0.5109215097060297,0.15963650918333377,0.3352790094446817,0,0.3352790094446817,0.5574125973956512,False,False,False
06,495,604,161,0.02360745519399643,2.086877499091238,0.5494511559657899,0.1269919900464235,0.33822157300610667,0,0.33822157300610667,0.5574125973956512,False,False,False
06,496,604,161,0.024381587281823158,1.787552001292458,0.5750845243328447,0.09752803543387437,0.33630627988335954,0,0.33630627988335954,0.5574125973956512,False,False,False
06,497,604,163,0.022495750337839127,2.9406276505513143,0.5126399443632265,0.21103045619135202,0.3618352002772892,0,0.3618352002772892,0.5574125973956512,False,False,False
06,498,604,163,0.022832555696368217,2.452522315117734,0.5237923768213764,0.16298405334522373,0.34338821508330003,0,0.34338821508330003,0.5574125973956512,False,False,False
06,499,604,163,0.022822575643658638,2.029039945070477,0.5234619133624265,0.12129877954781725,0.32238034645512187,0,0.32238034645512187,0.5574125973956512,False,False,False
06,500,604,164,0.0223550908267498,2.323276384345086,0.5079823709093154,0.15026179524777974,0.32912208307854757,0,0.32912208307854757,0.5574125973956512,False,False,False
06,501,604,164,0.022555062547326088,1.8232561896684043,0.5146039137404828,0.10104255923329349,0.30782323648688814,0,0.30782323648688814,0.5574125973956512,False,False,False
06,502,604,164,0.023408232256770134,1.4201704430712059,0.5428544071455403,0.061365016791889916,0.3021097119687151,0,0.3021097119687151,0.5574125973956512,False,False,False
06,503,604,164,0.02258896827697754,1.2551799345692456,0.5157266136925663,0.04512425918937144,0.2804254364409689,0,0.2804254364409689,0.5574125973956512,False,False,False
06,504,604,164,0.02246086485683918,1.154812391453611,0.5114848024963597,0.03524463063557511,0.27336471656596745,0,0.27336471656596745,0.5574125973956512,False,False,False
06,505,604,164,0.022284891456365585,1.1190678137243018,0.505657901547445,0.03172613113050089,0.268692016338973,0,0.268692016338973,0.5574125973956512,False,False,False
06,506,604,165,0.022929782047867775,0.9388101296498248,0.527011774288764,0.013982556790222084,0.27049716553949305,0,0.27049716553949305,0.5574125973956512,False,False,False
06,507,604,165,0.022291602566838264,0.9217658225291814,0.5058801224960445,0.012304809003621617,0.2590924657498331,0,0.2590924657498331,0.5574125973956512,False,False,False
06,508,604,165,0.02296760305762291,1.0016559634880235,0.5282641185466916,0.020168754790104073,0.27421643666839784,0,0.27421643666839784,0.5574125973956512,False,False,False
06,509,604,167,0.02253842167556286,1.190597358536291,0.5140528946023234,0.03876710584630521,0.2764100002243143,0,0.2764100002243143,0.5574125973956512,False,False,False
06,510,604,167,0.021732019260525703,0.8333939173633842,0.4873509783766821,0.0036059650294944026,0.24547847170308826,0,0.24547847170308826,0.5574125973956512,False,False,False
06,511,604,167,0.021820077672600746,0.6054364069631233,0.49026680340193635,0.0,0.24513340170096817,0,0.24513340170096817,0.5574125973956512,False,False,False
06,512,604,167,0.02116810530424118,0.50333212165273,0.46867843605984705,0.0,0.23433921802992352,0,0.23433921802992352,0.5574125973956512,False,False,False
06,513,604,167,0.022056015208363533,0.6138373924633446,0.49807926055353346,0.0,0.24903963027676673,0,0.24903963027676673,0.5574125973956512,False,False,False
06,514,604,167,0.020292220637202263,0.8212771113534475,0.43967579598030404,0.002413253332858939,0.22104452465658148,0,0.22104452465658148,0.5574125973956512,False,False,False
06,515,604,168,0.020379386842250824,0.4914576517629969,0.44256207789304675,0.0,0.22128103894652337,0,0.22128103894652337,0.5574125973956512,False,False,False
06,516,604,168,0.019819529727101326,0.591744416171898,0.42402386730700536,0.0,0.21201193365350268,0,0.21201193365350268,0.5574125973956512,False,False,False
06,517,604,168,0.02075989358127117,0.8212771113534475,0.4551615677744667,0.002413253332858939,0.2287874105536628,0,0.2287874105536628,0.5574125973956512,False,False,False
06,518,604,168,0.021305793896317482,1.0593723494486855,0.4732376352664597,0.02585003817174402,0.24954383671910185,0,0.24954383671910185,0.5574125973956512,False,False,False
06,519,604,168,0.022096890956163406,1.2974675875439237,0.4994327545077429,0.049286823010629116,0.274359788759186,0,0.274359788759186,0.5574125973956512,False,False,False
06,520,604,168,0.022746725007891655,1.5355628256391618,0.5209503170624349,0.0727236078495142,0.2968369624559746,0,0.2968369624559746,0.5574125973956512,False,False,False
06,521,604,168,0.022368688136339188,1.7260390161153523,0.5084326104110574,0.09147303572062228,0.2999528230658398,0,0.2999528230658398,0.5574125973956512,False,False,False
06,522,604,168,0.021683920174837112,1.9165152065915427,0.4857583023967528,0.11022246359173034,0.2979903829942416,0,0.2979903829942416,0.5574125973956512,False,False,False
06,523,604,168,0.022334812209010124,2.106991397067733,0.507310897285279,0.1289718914628384,0.3181413943740587,0,0.3181413943740587,0.5574125973956512,False,False,False
06,524,604,171,0.021888351067900658,0.795952986792682,0.4925274991138339,0.0,0.24626374955691696,0,0.24626374955691696,0.5574125973956512,False,False,False
06,525,604,171,0.022178437560796738,0.7108526192495666,0.5021329579853135,0.0,0.25106647899265677,0,0.25106647899265677,0.5574125973956512,False,False,False
06,526,604,171,0.023859035223722458,0.7549981824790997,0.5577815735743225,0.0,0.2788907867871612,0,0.2788907867871612,0.5574125973956512,False,False,False
06,527,604,171,0.022625913843512535,0.8519326305585854,0.5169499699277791,0.0054308139253464675,0.2611903919265628,0,0.2611903919265628,0.5574125973956512,False,False,False
06,528,604,173,0.022815827280282974,1.2790096530554536,0.5232384588809456,0.04746992552608777,0.28535419220351665,0,0.28535419220351665,0.5574125973956512,False,False,False
06,529,604,173,0.02252415008842945,1.0051698372309064,0.5135803281554265,0.020514641182128472,0.2670474846687775,0,0.2670474846687775,0.5574125973956512,False,False,False
06,530,604,173,0.023493723943829536,0.7959529867926792,0.5456852417552602,0.0,0.2728426208776301,0,0.2728426208776301,0.5574125973956512,False,False,False
06,531,604,173,0.02525424025952816,0.6836705844339406,0.6039801554349189,0.0,0.30199007771745945,0,0.30199007771745945,0.5574125973956512,False,False,False
06,532,604,173,0.024517908692359924,0.6683226301546903,0.5795984528827068,0.0,0.2897992264413534,0,0.2897992264413534,0.5574125973956512,False,False,False
06,533,604,173,0.024505380541086197,0.7397310069065803,0.5791836157746635,0.0,0.28959180788733174,0,0.28959180788733174,0.5574125973956512,False,False,False
06,534,604,173,0.022994399070739746,0.8723696433620096,0.5291513987483438,0.007442520987004722,0.26829695986767427,0,0.26829695986767427,0.5574125973956512,False,False,False
06,535,604,175,0.023706097155809402,1.0749626398481342,0.552717427682674,0.027384660554748003,0.29005104411871097,0,0.29005104411871097,0.5574125973956512,False,False,False
06,536,604,175,0.023473307490348816,0.8487418716426346,0.5450092040595623,0.005116733178565719,0.27506296861906404,0,0.27506296861906404,0.5574125973956512,False,False,False
06,537,604,175,0.025555433705449104,0.7194555515166206,0.6139533921350133,0.0,0.30697669606750666,0,0.30697669606750666,0.5574125973956512,False,False,False
06,538,604,176,0.023360172286629677,1.0324326507532606,0.5412630263751365,0.02319824249955794,0.2822306344373472,0,0.2822306344373472,0.5574125973956512,False,False,False
06,539,604,177,0.023047760128974915,1.5596752695989333,0.530918311247783,0.07509710412581853,0.30300770768680074,0,0.30300770768680074,0.5574125973956512,False,False,False
06,540,604,177,0.022688262164592743,1.170200735086232,0.5190144722348764,0.03675937449030229,0.27788692336258936,0,0.27788692336258936,0.5574125973956512,False,False,False
06,541,604,177,0.022798797115683556,0.850438224484025,0.5226745493241747,0.005283712816094607,0.26397913107013465,0,0.26397913107013465,0.5574125973956512,False,False,False
06,542,604,178,0.022606829181313515,1.2280382891069905,0.5163180310325943,0.04245258498890831,0.27938530801075134,0,0.27938530801075134,0.5574125973956512,False,False,False
06,543,604,179,0.023479044437408447,1.7025324124560763,0.545199168123311,0.0891591750291496,0.3171791715762303,0,0.3171791715762303,0.5574125973956512,False,False,False
06,544,604,179,0.02433418296277523,1.2110343713397154,0.5735148537411551,0.04077881290796347,0.3071468333245593,0,0.3071468333245593,0.5574125973956512,False,False,False
06,545,604,179,0.024968912824988365,0.8997940142978285,0.594532280389049,0.010142025127055873,0.30233715275805245,0,0.30233715275805245,0.5574125973956512,False,False,False
06,546,604,179,0.024784903973340988,0.693969869542385,0.588439306397598,0.0,0.294219653198799,0,0.294219653198799,0.5574125973956512,False,False,False
06,547,604,179,0.02462635189294815,0.5969546427561684,0.5831892671007097,0.0,0.29159463355035486,0,0.29159463355035486,0.5574125973956512,False,False,False
06,548,604,179,0.024104245007038116,0.6530150652288055,0.5659010570601212,0.0,0.2829505285300606,0,0.2829505285300606,0.5574125973956512,False,False,False
06,549,604,179,0.02468881756067276,0.7941354658911897,0.5852576550363837,0.0,0.29262882751819186,0,0.29262882751819186,0.5574125973956512,False,False,False
06,550,604,180,0.023570850491523743,0.5629468072216152,0.5482390865564427,0.0,0.27411954327822136,0,0.27411954327822136,0.5574125973956512,False,False,False
06,551,604,180,0.02457507699728012,0.6275293832545753,0.5814914324426337,0.0,0.29074571622131684,0,0.29074571622131684,0.5574125973956512,False,False,False
06,552,604,181,0.023832563310861588,0.6123025970354214,0.5569050251087392,0.0,0.2784525125543696,0,0.2784525125543696,0.5574125973956512,False,False,False
06,553,604,181,0.023827385157346725,0.5203764287733734,0.5567335640382128,0.0,0.2783667820191064,0,0.2783667820191064,0.5574125973956512,False,False,False
06,554,604,181,0.02284845896065235,0.6070519810977801,0.5243189720084823,0.0,0.26215948600424116,0,0.26215948600424116,0.5574125973956512,False,False,False
06,555,604,181,0.022054307162761688,0.8212771113534475,0.49802270307091734,0.002413253332858939,0.2502179782018881,0,0.2502179782018881,0.5574125973956512,False,False,False
06,556,604,181,0.022178715094923973,1.1069913970677332,0.5021421478052805,0.030537395139521042,0.2663397714724008,0,0.2663397714724008,0.5574125973956512,False,False,False
06,557,604,181,0.021156273782253265,1.392705682782019,0.46828666601668745,0.05866153694618316,0.2634741014814353,0,0.2634741014814353,0.5574125973956512,False,False,False
06,558,604,181,0.022234609350562096,1.6784199684963046,0.5039929405406607,0.08678567875284525,0.295389309646753,0,0.295389309646753,0.5574125973956512,False,False,False
06,559,604,181,0.02184261567890644,1.9165152065915427,0.4910130907952348,0.11022246359173034,0.3006177771934826,0,0.3006177771934826,0.5574125973956512,False,False,False
06,560,604,184,0.022317804396152496,0.8827093178238223,0.5067477278482371,0.008460301634800325,0.25760401474151867,0,0.25760401474151867,0.5574125973956512,False,False,False
06,561,604,184,0.022173212841153145,0.7245042206874291,0.5019599549986853,0.0,0.25097997749934264,0,0.25097997749934264,0.5574125973956512,False,False,False
06,562,604,186,0.02148895524442196,1.988246698170362,0.479302546384857,0.1172833168358117,0.2982929316103343,0,0.2982929316103343,0.5574125973956512,False,False,False
06,563,604,186,0.02128574252128601,1.6396057999111437,0.4725736861930004,0.08296502561795661,0.2777693559054785,0,0.2777693559054785,0.5574125973956512,False,False,False
06,564,604,186,0.021289823576807976,1.3708954319641333,0.4727088197201671,0.05651465589223936,0.26461173780620323,0,0.26461173780620323,0.5574125973956512,False,False,False
06,565,604,186,0.0234657172113657,1.1344965467102857,0.5447578717349598,0.03324485069088317,0.28900136121292147,0,0.28900136121292147,0.5574125973956512,False,False,False
06,566,604,186,0.023236706852912903,0.9338018498323818,0.5371747900226749,0.013489569288945845,0.27533217965581036,0,0.27533217965581036,0.5574125973956512,False,False,False
06,567,604,186,0.022978970780968666,0.8062118825477582,0.5286405311054768,0.0009303151233753826,0.2647854231144261,0,0.2647854231144261,0.5574125973956512,False,False,False
06,568,604,186,0.02319389395415783,0.7823417747081849,0.5357571523586282,0.0,0.2678785761793141,0,0.2678785761793141,0.5574125973956512,False,False,False
06,569,604,186,0.023015005514025688,0.8554061149480999,0.5298337274617373,0.005772724611715239,0.26780322603672624,0,0.26780322603672624,0.5574125973956512,False,False,False
06,570,604,187,0.021524284034967422,0.77386001050123,0.4804723672930133,0.0,0.24023618364650665,0,0.24023618364650665,0.5574125973956512,False,False,False
06,571,604,187,0.022426553070545197,0.775515973989255,0.5103486570358681,0.0,0.25517432851793403,0,0.25517432851793403,0.5574125973956512,False,False,False
06,572,604,187,0.02211919054389,0.8741063855567656,0.5001711472905997,0.007613476330188976,0.25389231181039434,0,0.25389231181039434,0.5574125973956512,False,False,False
06,573,604,187,0.0223873071372509,1.008441374853588,0.5090491301452236,0.020836673340219932,0.2649429017427217,0,0.2649429017427217,0.5574125973956512,False,False,False
06,574,604,187,0.0224923025816679,1.1750878468435706,0.512525780895045,0.03724043487461168,0.27488310788482834,0,0.27488310788482834,0.5574125973956512,False,False,False
06,575,604,187,0.021917596459388733,1.374045801526716,0.4934958841024437,0.056824760933364506,0.2751603225179041,0,0.2751603225179041,0.5574125973956512,False,False,False
06,576,604,187,0.022336361929774284,1.605315238903024,0.5073622122531488,0.07958965151647837,0.2934759318848136,0,0.2934759318848136,0.5574125973956512,False,False,False
06,577,604,189,0.022551611065864563,0.9030251625671475,0.5144896269190131,0.01046008157949225,0.2624748542492527,0,0.2624748542492527,0.5574125973956512,False,False,False
06,578,604,189,0.022781705483794212,0.9182923381396668,0.5221086044381493,0.011962898317252845,0.2670357513777011,0,0.2670357513777011,0.5574125973956512,False,False,False
06,579,604,189,0.02307075634598732,1.025404903267498,0.5316797710955237,0.022506469715509427,0.27709312040551654,0,0.27709312040551654,0.5574125973956512,False,False,False
06,580,604,189,0.02316262200474739,1.1971404337816545,0.5347216631812657,0.03941117016248813,0.28706641667187693,0,0.28706641667187693,0.5574125973956512,False,False,False
06,581,604,190,0.022887706756591797,0.7890060180136529,0.5256185605757708,0.0,0.2628092802878854,0,0.2628092802878854,0.5574125973956512,False,False,False
06,582,604,190,0.022600162774324417,0.8876368189345317,0.5160972903234525,0.00894533772476559,0.26252131402410905,0,0.26252131402410905,0.5574125973956512,False,False,False
06,583,604,190,0.022550135850906372,0.9556524900036355,0.5144407790169063,0.01564042604854525,0.26504060253272577,0,0.26504060253272577,0.5574125973956512,False,False,False
06,584,604,191,0.021332863718271255,0.5866553576477239,0.4741339819347908,0.0,0.2370669909673954,0,0.2370669909673954,0.5574125973956512,False,False,False
06,585,604,191,0.021654721349477768,0.5781332040874035,0.48479145932424483,0.0,0.24239572966212242,0,0.24239572966212242,0.5574125973956512,False,False,False
06,586,604,191,0.020645860582590103,0.6665454986065689,0.45138566194759705,0.0,0.22569283097379852,0,0.22569283097379852,0.5574125973956512,False,False,False
06,587,604,193,0.020973168313503265,1.0834847934084573,0.4622236051976124,0.028223534448048367,0.2452235698228304,0,0.2452235698228304,0.5574125973956512,False,False,False
06,588,604,193,0.021761326119303703,0.792641059816632,0.4883213986945464,0.0,0.2441606993472732,0,0.2441606993472732,0.5574125973956512,False,False,False
06,589,604,194,0.021023010835051537,1.3691990791227429,0.4638740105163952,0.05634767625471046,0.26011084338555285,0,0.26011084338555285,0.5574125973956512,False,False,False
06,590,604,194,0.020470665767788887,1.0222545337049151,0.44558454183590535,0.022196364674384284,0.23389045325514482,0,0.23389045325514482,0.5574125973956512,False,False,False
06,591,604,195,0.021616840735077858,1.607294317217981,0.48353714141370685,0.07978446109359555,0.2816608012536512,0,0.2816608012536512,0.5574125973956512,False,False,False
06,592,604,195,0.022309906780719757,1.2603497718001533,0.5064862188773622,0.045633149513269376,0.2760596841953158,0,0.2760596841953158,0.5574125973956512,False,False,False
06,593,604,195,0.02111932449042797,0.9814208974514294,0.46706318642818656,0.018176926256722858,0.2426200563424547,0,0.2426200563424547,0.5574125973956512,False,False,False
06,594,604,195,0.02101311832666397,0.7977301183408033,0.4635464458597169,9.541693573063558e-05,0.23182093139772375,0,0.23182093139772375,0.5574125973956512,False,False,False
06,595,604,195,0.021149303764104843,0.6854477159820647,0.4680558720145616,0.0,0.2340279360072808,0,0.2340279360072808,0.5574125973956512,False,False,False
06,596,604,196,0.021819524466991425,0.8011228240235869,0.4902484854386463,0.00042937621078869615,0.2453389308247175,0,0.2453389308247175,0.5574125973956512,False,False,False
06,597,604,196,0.02165072411298752,0.6055171856698569,0.4846591012460615,0.0,0.24232955062303074,0,0.24232955062303074,0.5574125973956512,False,False,False
06,598,604,196,0.0225796177983284,0.5969950321095339,0.5154169969393136,0.0,0.2577084984696568,0,0.2577084984696568,0.5574125973956512,False,False,False
06,599,604,196,0.023435499519109726,0.6700593723494462,0.5437572915381432,0.0,0.2718786457690716,0,0.2718786457690716,0.5574125973956512,False,False,False
06,600,604,196,0.023771444335579872,0.8400581606688469,0.5548812293867309,0.00426195646264366,0.2795715929246873,0,0.2795715929246873,0.5574125973956512,False,False,False
06,601,604,196,0.02378237061202526,1.1069913970677332,0.5552430245808704,0.030537395139521042,0.2928902098601957,0,0.2928902098601957,0.5574125973956512,False,False,False
06,602,604,196,0.023112760856747627,1.392705682782019,0.5330706410960421,0.05866153694618316,0.2958660890211126,0,0.2958660890211126,0.5574125973956512,False,False,False
06,603,604,196,0.022260982543230057,1.6784199684963046,0.504866220144108,0.08678567875284525,0.2958259494484766,0,0.2958259494484766,0.5574125973956512,False,False,False
07,35,536,13,0.026807496324181557,0.6888808110182144,0.6554121855751477,0.0,0.32770609278757384,0,0.32770609278757384,0.5574125973956512,False,False,False
07,36,536,13,0.02713846229016781,0.5816874671836497,0.6663712617541249,0.0,0.33318563087706243,0,0.33318563087706243,0.5574125973956512,False,False,False
07,37,536,13,0.026031730696558952,0.6139181711700789,0.6297247267912397,0.0,0.31486236339561985,0,0.31486236339561985,0.5574125973956512,False,False,False
07,38,536,16,0.026371341198682785,2.083484793408457,0.6409700442753654,0.12665803077136573,0.38381403752336557,0,0.38381403752336557,0.5574125973956512,False,False,False
07,39,536,17,0.025589652359485626,2.5596752695989333,0.6150864537633013,0.1735316004491359,0.3943090271062186,0,0.3943090271062186,0.5574125973956512,False,False,False
07,40,536,17,0.026067713275551796,2.1157962761016202,0.6309161962014661,0.12983859529572683,0.38037739574859647,0,0.38037739574859647,0.5574125973956512,False,False,False
07,41,536,17,0.0255521759390831,1.7059251181388586,0.6138455196845274,0.08949313430420754,0.3516693269943675,0,0.3516693269943675,0.5574125973956512,False,False,False
07,42,536,17,0.025914710015058517,1.358980572721031,0.625849891627275,0.05534182272388135,0.34059585717557816,0,0.34059585717557816,0.5574125973956512,False,False,False
07,43,536,17,0.02541903592646122,1.0987519689809766,0.6094369348427441,0.029726351185808964,0.3195816430142765,0,0.3195816430142765,0.5574125973956512,False,False,False
07,44,536,17,0.02515745535492897,0.9031463306272466,0.6007753753321768,0.010472008696458578,0.3056236920143177,0,0.3056236920143177,0.5574125973956512,False,False,False
07,45,536,17,0.025179462507367134,0.8197827052788885,0.6015040848819141,0.0022661522236072204,0.3018851185527607,0,0.3018851185527607,0.5574125973956512,False,False,False
07,46,536,17,0.024556545540690422,0.8112201623652,0.580877811510739,0.0014233026246515007,0.29115055706769527,0,0.29115055706769527,0.5574125973956512,False,False,False
07,47,536,17,0.02394295111298561,0.9472111151500461,0.5605602297431556,0.014809503566555858,0.2876848666548557,0,0.2876848666548557,0.5574125973956512,False,False,False
07,48,536,17,0.023916095495224,1.1801365160143793,0.559670975888893,0.03773739808154329,0.29870418698521817,0,0.29870418698521817,0.5574125973956512,False,False,False
07,49,536,17,0.024607064202427864,1.4403247304010667,0.5825506054513209,0.06334889391396017,0.3229497496826405,0,0.3229497496826405,0.5574125973956512,False,False,False
07,50,536,17,0.023271026089787483,1.7260390161153523,0.5383111821897429,0.09147303572062228,0.3148921089551826,0,0.3148921089551826,0.5574125973956512,False,False,False
07,51,536,20,0.02304789237678051,1.098711579627609,0.5309226902895122,0.029722375480153402,0.28032253288483283,0,0.28032253288483283,0.5574125973956512,False,False,False
07,52,536,20,0.021842552348971367,0.9643362009774225,0.49101099378933627,0.016495202764467233,0.25375309827690173,0,0.25375309827690173,0.5574125973956512,False,False,False
07,53,536,20,0.023281915113329887,0.8945837877135587,0.5386717438510009,0.009629159097502924,0.27415045147425193,0,0.27415045147425193,0.5574125973956512,False,False,False
07,54,536,20,0.022416258230805397,0.8894543398360193,0.5100077702240696,0.009124244479260621,0.25956600735166513,0,0.25956600735166513,0.5574125973956512,False,False,False
07,55,536,20,0.022938458248972893,0.948947857344804,0.5272990640968619,0.01498045890974031,0.2711397615033011,0,0.2711397615033011,0.5574125973956512,False,False,False
07,56,536,20,0.02215934917330742,1.073064340239913,0.5015008957368406,0.02719780238894199,0.2643493490628913,0,0.2643493490628913,0.5574125973956512,False,False,False
07,57,536,20,0.022218136116862297,1.2618037885213462,0.503447472300468,0.045776274916865686,0.27461187360866685,0,0.27461187360866685,0.5574125973956512,False,False,False
07,58,536,20,0.021229468286037445,1.5151662021891037,0.47071031142222913,0.07071587649351137,0.27071309395787024,0,0.27071309395787024,0.5574125973956512,False,False,False
07,59,536,20,0.021514136344194412,1.6784199684963053,0.48013635293609674,0.08678567875284532,0.28346101584447103,0,0.28346101584447103,0.5574125973956512,False,False,False
07,60,536,21,0.023067712783813477,1.0458015267175567,0.5315789914591064,0.024514201071512323,0.27804659626530936,0,0.27804659626530936,0.5574125973956512,False,False,False
07,61,536,21,0.024155158549547195,1.115513550628055,0.5675869264492467,0.03137626903282128,0.299481597741034,0,0.299481597741034,0.5574125973956512,False,False,False
07,62,536,21,0.023925060406327248,1.249848539924876,0.5599678255768223,0.04459946604285209,0.30228364580983724,0,0.30228364580983724,0.5574125973956512,False,False,False
07,63,536,23,0.023353343829512596,0.8061311038410273,0.5410369197979603,0.000922363712064672,0.2709796417550125,0,0.2709796417550125,0.5574125973956512,False,False,False
07,64,536,23,0.02360142581164837,0.6870632901167255,0.5492515086689215,0.0,0.27462575433446074,0,0.27462575433446074,0.5574125973956512,False,False,False
07,65,536,23,0.024034947156906128,0.6326184417787466,0.5636064391939828,0.0,0.2818032195969914,0,0.2818032195969914,0.5574125973956512,False,False,False
07,66,536,23,0.023610709235072136,0.6461892645098741,0.5495589050629875,0.0,0.2747794525314938,0,0.2747794525314938,0.5574125973956512,False,False,False
07,67,536,25,0.024961547926068306,1.2756169473726726,0.5942884109383795,0.04713596625102997,0.32071218859470474,0,0.32071218859470474,0.5574125973956512,False,False,False
07,68,536,25,0.02555699646472931,1.0000807787067336,0.6140051388393916,0.020013702269541644,0.3170094205544666,0,0.3170094205544666,0.5574125973956512,False,False,False
07,69,536,25,0.02340684086084366,0.7925602811098997,0.5428083346924168,0.0,0.2714041673462084,0,0.2714041673462084,0.5574125973956512,False,False,False
07,70,536,25,0.0241901483386755,0.6819742315925514,0.5687455222081815,0.0,0.28437276110409077,0,0.28437276110409077,0.5574125973956512,False,False,False
07,71,536,25,0.02536245621740818,0.6683226301546916,0.6075634451023447,0.0,0.30378172255117236,0,0.30378172255117236,0.5574125973956512,False,False,False
07,72,536,25,0.025772780179977417,0.6988973706530972,0.6211502547021053,0.0,0.31057512735105264,0,0.31057512735105264,0.5574125973956512,False,False,False
07,73,536,27,0.024875756353139877,1.134496546710287,0.5914476463889636,0.0332448506908833,0.3123462485399235,0,0.3123462485399235,0.5574125973956512,False,False,False
07,74,536,29,0.02445652149617672,2.702532412456076,0.5775657757239518,0.18759367135246696,0.3825797235382094,0,0.3825797235382094,0.5574125973956512,False,False,False
07,75,536,29,0.02366982027888298,2.3062724665778105,0.5515162133626839,0.14858802316683486,0.35005211826475935,0,0.35005211826475935,0.5574125973956512,False,False,False
07,76,536,29,0.02347891591489315,1.9423240033927063,0.54519491243487,0.11276293950556372,0.32897892597021683,0,0.32897892597021683,0.5574125973956512,False,False,False
07,77,536,32,0.024376004934310913,4.273960983884647,0.5748996794305542,0.3422764512891085,0.4585880653598313,0,0.4585880653598313,0.5574125973956512,False,False,False
07,78,536,32,0.02368069253861904,3.734843895149239,0.5518762199341453,0.28920873220014537,0.42054247606714534,0,0.42054247606714534,0.5574125973956512,False,False,False
07,79,536,32,0.025538014248013496,3.228038289106992,0.6133765921596309,0.2393215776355432,0.42634908489758705,0,0.42634908489758705,0.5574125973956512,False,False,False
07,80,536,32,0.02405373752117157,2.7535441657579063,0.5642286331794037,0.19261498759530193,0.37842181038735284,0,0.37842181038735284,0.5574125973956512,False,False,False
07,81,536,32,0.025059161707758904,2.358980572721031,0.5975206371477346,0.1537763190471987,0.37564847809746665,0,0.37564847809746665,0.5574125973956512,False,False,False
07,82,536,32,0.023993616923689842,1.9967284623773183,0.5622378961386192,0.11811821502345658,0.34017805558103786,0,0.34017805558103786,0.5574125973956512,False,False,False
07,83,536,32,0.02579493820667267,1.6718768932509398,0.6218839600600126,0.0861416144366622,0.3540127872483374,0,0.3540127872483374,0.5574125973956512,False,False,False
07,84,536,32,0.024665016680955887,1.5068863847489808,0.5844695508784029,0.06990085683414386,0.32718520385627337,0,0.32718520385627337,0.5574125973956512,False,False,False
07,85,536,32,0.023895401507616043,1.406518841633346,0.5589857483732281,0.06002122828034751,0.3095034883267878,0,0.3095034883267878,0.5574125973956512,False,False,False
07,86,536,32,0.02442377246916294,1.365685205379863,0.5764813769678383,0.05600178986268635,0.3162415834152623,0,0.3162415834152623,0.5574125973956512,False,False,False
07,87,536,32,0.028120310977101326,1.3571630518195412,0.6988826244384079,0.05516291596938611,0.377022770203897,0,0.377022770203897,0.5574125973956512,False,False,False
07,88,536,33,0.025615492835640907,1.1887798376347987,0.6159420938465434,0.03858819909180971,0.32726514646917654,0,0.32726514646917654,0.5574125973956512,False,False,False
07,89,536,33,0.02662849985063076,1.2295730845349164,0.6494851834329004,0.04260366180381553,0.346044422618358,0,0.346044422618358,0.5574125973956512,False,False,False
07,90,536,33,0.026807019487023354,1.3349892968213584,0.6553963963542647,0.05298025356454334,0.35418832495940406,0,0.35418832495940406,0.5574125973956512,False,False,False
07,91,536,33,0.02516992576420307,1.513510238701078,0.601188300464254,0.07055287256163775,0.3358705865129459,0,0.3358705865129459,0.5574125973956512,False,False,False
07,92,536,34,0.024284686893224716,1.0645421866795892,0.57187592027817,0.02635892849564156,0.2991174243869058,0,0.2991174243869058,0.5574125973956512,False,False,False
07,93,536,34,0.02523782290518284,1.1580435397229285,0.6034365374940485,0.03556268708801134,0.3194996122910299,0,0.3194996122910299,0.5574125973956512,False,False,False
07,94,536,34,0.026703396812081337,1.4403247304010667,0.651965201291126,0.06334889391396017,0.3576570476025431,0,0.3576570476025431,0.5574125973956512,False,False,False
07,95,536,34,0.026445459574460983,1.6784199684963046,0.643424281296368,0.08678567875284525,0.3651049800246066,0,0.3651049800246066,0.5574125973956512,False,False,False
07,96,536,34,0.026159996166825294,1.9165152065915427,0.6339719038554806,0.11022246359173034,0.3720971837236055,0,0.3720971837236055,0.5574125973956512,False,False,False
07,97,536,34,0.0253512691706419,2.1546104446867806,0.6071930151780347,0.1336592484306154,0.37042613180432504,0,0.37042613180432504,0.5574125973956512,False,False,False
07,98,536,36,0.02590254135429859,0.9250777495052306,0.6254469581115378,0.012630816867368628,0.31903888748945325,0,0.31903888748945325,0.5574125973956512,False,False,False
07,99,536,36,0.024452315643429756,0.8723292540086435,0.5774265098616321,0.007438545281349301,0.29243252757149074,0,0.29243252757149074,0.5574125973956512,False,False,False
07,100,536,36,0.02471635676920414,0.909729795225979,0.5861695442190215,0.011120048718297191,0.2986447964686593,0,0.2986447964686593,0.5574125973956512,False,False,False
07,101,536,36,0.024877678602933884,1.0066642433054647,0.5915112966856482,0.020661742291380125,0.3060865194885142,0,0.3060865194885142,0.5574125973956512,False,False,False
07,102,536,36,0.02471150830388069,1.1359101740781132,0.5860089999144963,0.03338400038882413,0.3096965001516602,0,0.3096965001516602,0.5574125973956512,False,False,False
07,103,536,36,0.025551775470376015,1.2974675875439243,0.6138322592060514,0.04928682301062918,0.3315595411083403,0,0.3315595411083403,0.5574125973956512,False,False,False
07,104,536,36,0.02508492022752762,1.4879437780201148,0.5983735634586373,0.06803625088173725,0.3332049071701873,0,0.3332049071701873,0.5574125973956512,False,False,False
07,105,536,36,0.02434336394071579,1.6784199684963053,0.573818857919797,0.08678567875284532,0.33030226833632115,0,0.33030226833632115,0.5574125973956512,False,False,False
07,106,536,36,0.02435971051454544,1.8688961589724957,0.5743601321481927,0.10553510662395339,0.33994761938607304,0,0.33994761938607304,0.5574125973956512,False,False,False
07,107,536,38,0.022611232474446297,0.7056827820186596,0.5164638346191859,0.0,0.25823191730959294,0,0.25823191730959294,0.5574125973956512,False,False,False
07,108,536,38,0.023702586069703102,0.7753948059291579,0.552601167208594,0.0,0.276300583604297,0,0.276300583604297,0.5574125973956512,False,False,False
07,109,536,38,0.022150319069623947,0.8621107476069314,0.5012018873663686,0.00643269175052018,0.2538172895584444,0,0.2538172895584444,0.5574125973956512,False,False,False
07,110,536,38,0.022594036534428596,1.0066642433054647,0.5158944358410924,0.020661742291380125,0.2682780890662363,0,0.2682780890662363,0.5574125973956512,False,False,False
07,111,536,38,0.023776249960064888,1.1835292216971607,0.5550403551284424,0.03807135735660113,0.2965558562425218,0,0.2965558562425218,0.5574125973956512,False,False,False
07,112,536,42,0.02304113283753395,2.41681812674179,0.5306988657481668,0.15946952954580482,0.34508419764698584,0,0.34508419764698584,0.5574125973956512,False,False,False
07,113,536,42,0.0231234859675169,2.068177228482572,0.5334257752126216,0.12515123832794972,0.32928850677028565,0,0.32928850677028565,0.5574125973956512,False,False,False
07,114,536,42,0.022211506962776184,1.751847812916515,0.5032279651242078,0.09401351163445557,0.2986207383793317,0,0.2986207383793317,0.5574125973956512,False,False,False
07,115,536,45,0.02429647371172905,4.131103841027504,0.5722662100818718,0.3282143803857774,0.4502402952338246,0,0.4502402952338246,0.5574125973956512,False,False,False
07,116,536,45,0.024398362264037132,3.639605799911143,0.5756399841893775,0.27983401826459126,0.4277370012269843,0,0.4277370012269843,0.5574125973956512,False,False,False
07,117,536,45,0.024026894941926003,3.1804192414879435,0.5633398110616498,0.23463422066776612,0.398987015864708,0,0.398987015864708,0.5574125973956512,False,False,False
07,118,536,45,0.024169933050870895,2.7535441657579054,0.5680761455900436,0.19261498759530182,0.3803455665926727,0,0.3803455665926727,0.5574125973956512,False,False,False
07,119,536,45,0.02570195496082306,2.4542186679591254,0.618805061987826,0.1631510329827527,0.39097804748528936,0,0.39097804748528936,0.5574125973956512,False,False,False
07,120,536,45,0.028120970353484154,2.187204652853508,0.6989044579704101,0.1368676428945646,0.4178860504324874,0,0.4178860504324874,0.5574125973956512,False,False,False
07,121,536,45,0.026861026883125305,1.9575911789652263,0.6571847106491976,0.11426575624332438,0.385725233446261,0,0.385725233446261,0.5574125973956512,False,False,False
07,122,536,45,0.026338806375861168,1.7926006704632673,0.6398927383333205,0.09802499864080604,0.3689588684870633,0,0.3689588684870633,0.5574125973956512,False,False,False
07,123,536,45,0.024636609479784966,1.6922331273476325,0.5835289203796266,0.08814537008700969,0.33583714523331815,0,0.33583714523331815,0.5574125973956512,False,False,False
07,124,536,45,0.02656228467822075,1.6513994910941494,0.647292640412705,0.08412593166934852,0.36570928604102676,0,0.36570928604102676,0.5574125973956512,False,False,False
07,125,536,45,0.025988172739744186,1.6428773375338277,0.6282824184695633,0.08328705777604829,0.3557847381228058,0,0.3557847381228058,0.5574125973956512,False,False,False
07,126,536,45,0.02629668638110161,1.6666666666666674,0.6384980443808695,0.08562874840710899,0.36206339639398927,0,0.36206339639398927,0.5574125973956512,False,False,False
07,127,536,45,0.026990972459316254,1.7227674784926699,0.6614875200463936,0.09115100356253075,0.3763192618044622,0,0.3763192618044622,0.5574125973956512,False,False,False
07,128,536,48,0.02640726789832115,1.5749020558180866,0.6421596633862696,0.07659594515792371,0.35937780427209665,0,0.35937780427209665,0.5574125973956512,False,False,False
07,129,536,48,0.027160776779055595,1.2976695343107558,0.6671101479501343,0.04930670153890636,0.35820842474452036,0,0.35820842474452036,0.5574125973956512,False,False,False
07,130,536,49,0.026932446286082268,1.4473524778868272,0.6595495782129366,0.06404066669800848,0.3617951224554725,0,0.3617951224554725,0.5574125973956512,False,False,False
07,131,536,49,0.02621615305542946,1.0935821317500696,0.6358313929976752,0.029217460861911095,0.33252442692979317,0,0.33252442692979317,0.5574125973956512,False,False,False
07,132,536,49,0.02622082829475403,0.8367462336927977,0.6359862013743016,0.003935948598896649,0.31996107498659915,0,0.31996107498659915,0.5574125973956512,False,False,False
07,133,536,49,0.026076355949044228,0.8656246213498113,0.6312023758299705,0.0067785781425442945,0.31899047698625743,0,0.31899047698625743,0.5574125973956512,False,False,False
07,134,536,49,0.026497410610318184,0.9591259743931493,0.645144504576243,0.015982336734913945,0.3305634206555784,0,0.3305634206555784,0.5574125973956512,False,False,False
07,135,536,49,0.02612479217350483,1.1172502928228116,0.6328062152824774,0.03154722437600561,0.3321767198292415,0,0.3321767198292415,0.5574125973956512,False,False,False
07,136,536,49,0.027578171342611313,1.185265963891918,0.6809310820908008,0.03824231269978553,0.35958669739529314,0,0.35958669739529314,0.5574125973956512,False,False,False
07,137,536,49,0.028045834973454475,1.2855931176541873,0.696416545501743,0.048117965547926515,0.37226725552483475,0,0.37226725552483475,0.5574125973956512,False,False,False
07,138,536,49,0.02870970591902733,1.4182317541096179,0.7183989032461787,0.06117418292042843,0.38978654308330357,0,0.38978654308330357,0.5574125973956512,False,False,False
07,139,536,49,0.028072843328118324,1.5831818732582101,0.6973108568408197,0.07741096481729129,0.3873609108290555,0,0.3873609108290555,0.5574125973956512,False,False,False
07,140,536,49,0.027044756338000298,1.7736580637344006,0.6632684331440375,0.09616039268839936,0.37971441291621844,0,0.37971441291621844,0.5574125973956512,False,False,False
07,141,536,49,0.02767197974026203,1.964134254210591,0.6840373029163123,0.11490982055950744,0.3994735617379098,0,0.3994735617379098,0.5574125973956512,False,False,False
07,142,536,50,0.028149502351880074,1.2957712347025325,0.6998492208043395,0.04911984337310015,0.37448453208871985,0,0.37448453208871985,0.5574125973956512,False,False,False
07,143,536,50,0.028277765959501266,1.4709398602528383,0.7040963361919365,0.06636247880079228,0.38522940749636436,0,0.38522940749636436,0.5574125973956512,False,False,False
07,144,536,50,0.027549054473638535,1.6784199684963053,0.6799669527906321,0.08678567875284532,0.3833763157717387,0,0.3833763157717387,0.5574125973956512,False,False,False
07,145,536,50,0.027423923835158348,1.9165152065915434,0.6758235775183681,0.11022246359173041,0.39302302055504923,0,0.39302302055504923,0.5574125973956512,False,False,False
07,146,536,50,0.027923040091991425,2.1546104446867815,0.6923505127411481,0.1336592484306155,0.4130048805858818,0,0.4130048805858818,0.5574125973956512,False,False,False
07,147,536,50,0.02778424508869648,2.3927056827820197,0.6877546776079554,0.15709603326950058,0.422425355438728,0,0.422425355438728,0.5574125973956512,False,False,False
07,148,536,50,0.027913294732570648,2.630800920877258,0.6920278205393516,0.1805328181083857,0.4362803193238687,0,0.4362803193238687,0.5574125973956512,False,False,False
07,149,536,50,0.027882995083928108,2.726039016115353,0.6910245265701959,0.18990753204393973,0.4404660293070678,0,0.4404660293070678,0.5574125973956512,False,False,False
07,150,536,50,0.028887394815683365,2.821277111353448,0.7242826083842858,0.19928224597949376,0.4617824271818898,0,0.4617824271818898,0.5574125973956512,False,False,False
07,151,536,53,0.02812301367521286,1.2176178359384462,0.6989721172489596,0.04142685292980194,0.3701994850893808,0,0.3701994850893808,0.5574125973956512,False,False,False
07,152,536,53,0.02792014367878437,1.096853669372754,0.6922546055596127,0.02953949302000282,0.36089704928980776,0,0.36089704928980776,0.5574125973956512,False,False,False
07,153,536,54,0.028002681210637093,1.0952380952380945,0.6949876210118309,0.02938046479378463,0.36218404290280776,0,0.36218404290280776,0.5574125973956512,False,False,False
07,154,536,54,0.028267966583371162,0.8979361040429742,0.7037718553674618,0.009959142666905368,0.35686549901718356,0,0.35686549901718356,0.5574125973956512,False,False,False
07,155,536,56,0.028055686503648758,1.9882466981703613,0.6967427532722518,0.11728331683581163,0.4070130350540317,0,0.4070130350540317,0.5574125973956512,False,False,False
07,156,536,56,0.028722036629915237,1.6872248475301908,0.7188072026299502,0.08765238258573357,0.4032297926078419,0,0.4032297926078419,0.5574125973956512,False,False,False
07,157,536,56,0.02823016420006752,1.4185144795831817,0.702520127875975,0.06120201286001645,0.3818610703679957,0,0.3818610703679957,0.5574125973956512,False,False,False
07,158,536,58,0.028593139722943306,2.893008602932266,0.714539117183368,0.20634309922357494,0.4604411082034715,0,0.4604411082034715,0.5574125973956512,False,False,False
07,159,536,58,0.027969934046268463,2.4967486570540003,0.6939032839323614,0.16733745103794287,0.43062036748515214,0,0.43062036748515214,0.5574125973956512,False,False,False
07,160,536,58,0.028698068112134933,2.132800193868896,0.7180135475740028,0.13151236737667174,0.42476295747533727,0,0.42476295747533727,0.5574125973956512,False,False,False
07,161,536,58,0.027568800374865532,1.8045559190597353,0.6806207868944633,0.09920180751481941,0.38991129720464135,0,0.38991129720464135,0.5574125973956512,False,False,False
07,162,536,58,0.027897190302610397,1.5409346096368988,0.6914945642746857,0.0732523767016891,0.3823734704881874,0,0.3823734704881874,0.5574125973956512,False,False,False
07,163,536,58,0.029068712145090103,1.3895553132194356,0.7302864596250496,0.058351431905057954,0.3943189457650538,0,0.3943189457650538,0.5574125973956512,False,False,False
07,164,536,60,0.02915547601878643,2.324972737186477,0.7331594193826723,0.1504287748853087,0.4417940971339905,0,0.4417940971339905,0.5574125973956512,False,False,False
07,165,536,60,0.028498724102973938,1.9167979320651072,0.7114127897718884,0.11025029353131843,0.4108315416516034,0,0.4108315416516034,0.5574125973956512,False,False,False
07,166,536,61,0.027757517993450165,2.3215800315036947,0.6868696794421341,0.15009481561025076,0.4184822475261924,0,0.4184822475261924,0.5574125973956512,False,False,False
07,167,536,61,0.0288234855979681,1.836867401752898,0.7221664210494543,0.10238237203918048,0.41227439654431736,0,0.41227439654431736,0.5574125973956512,False,False,False
07,168,536,61,0.02886250615119934,1.4490892200815872,0.7234584850661657,0.06421162204119314,0.3938350535536794,0,0.3938350535536794,0.5574125973956512,False,False,False
07,169,536,61,0.028820574283599854,1.1565491336483715,0.7220700204547662,0.035415585978759816,0.378742803216763,0,0.378742803216763,0.5574125973956512,False,False,False
07,170,536,61,0.028848765417933464,0.9371137768084351,0.7230034964628299,0.013815577152693262,0.36840953680776156,0,0.36840953680776156,0.5574125973956512,False,False,False
07,171,536,61,0.026964399963617325,0.8146128680479843,0.6606076410420303,0.0017572618997096267,0.33118245147086994,0,0.33118245147086994,0.5574125973956512,False,False,False
07,172,536,61,0.029158078134059906,0.9319035502241619,0.733245581654444,0.013302711123139974,0.37327414638879197,0,0.37327414638879197,0.5574125973956512,False,False,False
07,173,536,61,0.02841241843998432,1.1325578577486977,0.7085550024687081,0.033054016819421675,0.37080450964406486,0,0.37080450964406486,0.5574125973956512,False,False,False
07,174,536,61,0.02904464676976204,1.413142695585444,0.7294895973836103,0.06067324400784149,0.3950814206957259,0,0.3950814206957259,0.5574125973956512,False,False,False
07,175,536,61,0.029392991214990616,1.726039016115353,0.7410241166518002,0.09147303572062233,0.4162485761862113,0,0.4162485761862113,0.5574125973956512,False,False,False
07,176,536,61,0.03003755584359169,1.964134254210591,0.7623671959804061,0.11490982055950744,0.43863850826995676,0,0.43863850826995676,0.5574125973956512,False,False,False
07,177,536,61,0.03034963831305504,2.202229492305829,0.7727009943417587,0.1383466053983925,0.4555237998700756,0,0.4555237998700756,0.5574125973956512,False,False,False
07,178,536,61,0.029044002294540405,2.440324730401067,0.7294682572647606,0.16178339023727759,0.4456258237510191,0,0.4456258237510191,0.5574125973956512,False,False,False
07,179,536,61,0.031161967664957047,2.58318187325821,0.7995991656488441,0.17584546114060864,0.4877223133947264,0,0.4877223133947264,0.5574125973956512,False,False,False
07,180,536,61,0.03044731542468071,2.726039016115353,0.7759353175570123,0.18990753204393973,0.482921424800476,0,0.482921424800476,0.5574125973956512,False,False,False
07,181,536,62,0.030820773914456367,2.0100569489882467,0.7883014230172553,0.11943019788975541,0.4538658104535053,0,0.4538658104535053,0.5574125973956512,False,False,False
07,182,536,62,0.030693478882312775,2.137606526919505,0.7840863794845769,0.1319854763496705,0.4580359279171237,0,0.4580359279171237,0.5574125973956512,False,False,False
07,183,536,64,0.02933582291007042,1.3247304010662786,0.7391311370918733,0.051970424328058644,0.39555078070996597,0,0.39555078070996597,0.5574125973956512,False,False,False
07,184,536,64,0.032727375626564026,1.3570418837594413,0.8514335742150133,0.05515098885241971,0.45329228153371653,0,0.45329228153371653,0.5574125973956512,False,False,False
07,185,536,64,0.03231629729270935,1.3264267539076704,0.8378217855744027,0.05213740396558768,0.44497959476999516,0,0.44497959476999516,0.5574125973956512,False,False,False
07,186,536,64,0.0294072013348341,1.3281231067490609,0.7414946477694426,0.052304383603116573,0.3968995156862796,0,0.3968995156862796,0.5574125973956512,False,False,False
07,187,536,64,0.03020774945616722,1.3179046003473487,0.7680027143027586,0.05129853007228744,0.409650622187523,0,0.409650622187523,0.5574125973956512,False,False,False
07,188,536,64,0.030396420508623123,1.3723090593319607,0.7742500649343275,0.0566538055901803,0.4154519352622539,0,0.4154519352622539,0.5574125973956512,False,False,False
07,189,536,64,0.03108896128833294,1.4879437780201148,0.797181749584354,0.06803625088173725,0.4326090002330456,0,0.4326090002330456,0.5574125973956512,False,False,False
07,190,536,66,0.031324904412031174,0.848620703582536,0.8049943917658832,0.005104806061599446,0.4050495989137413,0,0.4050495989137413,0.5574125973956512,False,False,False
07,191,536,66,0.0325191505253315,0.7108526192495659,0.844538742173953,0.0,0.4222693710869765,0,0.4222693710869765,0.5574125973956512,False,False,False
07,192,536,66,0.03115423209965229,0.6377075003029213,0.7993430225460038,0.0,0.3996715112730019,0,0.3996715112730019,0.5574125973956512,False,False,False
07,193,536,66,0.03175201639533043,0.6359707581081641,0.819137092958685,0.0,0.4095685464793425,0,0.4095685464793425,0.5574125973956512,False,False,False
07,194,536,66,0.02977694943547249,0.7311684639928925,0.7537378933546898,0.0,0.3768689466773449,0,0.3768689466773449,0.5574125973956512,False,False,False
07,195,536,66,0.029698243364691734,0.9165152065915421,0.7511317467593324,0.011787967268412908,0.38145985701387264,0,0.38145985701387264,0.5574125973956512,False,False,False
07,196,536,66,0.028884030878543854,1.1546104446867802,0.7241712203650877,0.035224752107298,0.3796979862361929,0,0.3796979862361929,0.5574125973956512,False,False,False
07,197,536,69,0.02845733053982258,1.4644371743608389,0.7100421497106263,0.06572239019026457,0.38788226995044545,0,0.38788226995044545,0.5574125973956512,False,False,False
07,198,536,69,0.02895088866353035,1.1242780403085741,0.7263850418274889,0.0322389971600541,0.37931201949377147,0,0.37931201949377147,0.5574125973956512,False,False,False
07,199,536,69,0.028192773461341858,0.8538309301668079,0.7012820309228284,0.005617672091152603,0.3534498515069905,0,0.3534498515069905,0.5574125973956512,False,False,False
07,200,536,69,0.0273039098829031,0.6803182681045272,0.671849627987376,0.0,0.335924813993688,0,0.335924813993688,0.5574125973956512,False,False,False
07,201,536,69,0.028401674702763557,0.6037400541217322,0.7081992515856878,0.0,0.3540996257928439,0,0.3540996257928439,0.5574125973956512,False,False,False
07,202,536,69,0.027689674869179726,0.6717153358374718,0.6846232310350177,0.0,0.3423116155175088,0,0.3423116155175088,0.5574125973956512,False,False,False
07,203,536,74,0.026917440816760063,4.03586574578941,0.6590527111682744,0.3188396664502235,0.4889461888092489,0,0.4889461888092489,0.5574125973956512,False,False,False
07,204,536,74,0.028629174456000328,3.5919867522920947,0.7157323135396285,0.2751466612968142,0.49543948741822136,0,0.49543948741822136,0.5574125973956512,False,False,False
07,205,536,74,0.027622917667031288,3.180419241487943,0.6824127401113965,0.23463422066776604,0.4585234803895813,0,0.4585234803895813,0.5574125973956512,False,False,False
07,206,536,74,0.028650207445025444,2.8011632133769524,0.7164287662045149,0.19730234456307877,0.4568655553837968,0,0.4568655553837968,0.5574125973956512,False,False,False
07,207,536,76,0.029367614537477493,4.03586574578941,0.7401838340529326,0.3188396664502235,0.529511750251578,0,0.529511750251578,0.5574125973956512,False,False,False
07,208,536,76,0.02846582420170307,3.496748657054,0.7103233952076049,0.2657719473612602,0.48804767128443255,0,0.48804767128443255,0.5574125973956512,False,False,False
07,209,536,76,0.028027189895510674,2.9933357566945347,0.6957991622945598,0.21621875207171587,0.45600895718313783,0,0.45600895718313783,0.5574125973956512,False,False,False
07,210,536,76,0.027620503678917885,2.5545458217213928,0.6823328071806762,0.17302668583089348,0.4276797465057849,0,0.4276797465057849,0.5574125973956512,False,False,False
07,211,536,76,0.029130473732948303,2.2756169473726713,0.7323315337892635,0.14557046257434722,0.4389509981818054,0,0.4389509981818054,0.5574125973956512,False,False,False
07,212,536,82,0.02849823236465454,7.083484793408456,0.7113965071378529,0.6188305123879524,0.6651135097629026,0,0.6651135097629026,0.5574125973956512,True,False,False
07,213,536,82,0.02940814383327961,6.353891514196857,0.7415258561513443,0.5470133654278811,0.6442696107896126,0,0.6442696107896126,0.5574125973956512,True,False,False
07,214,536,82,0.028703413903713226,5.656609717678419,0.7181905595424959,0.47837678299217096,0.5982836712673334,0,0.5982836712673334,0.5574125973956512,True,True,True
07,215,536,82,0.02856285125017166,4.991639403853143,0.7135361932740767,0.4129207650808216,0.5632284791774491,0,0.5632284791774491,0.5574125973956512,True,True,False
07,216,536,82,0.02888333983719349,4.35898057272103,0.7241483383301361,0.35064531169383334,0.5373968250119847,0,0.5373968250119847,0.5574125973956512,False,False,False
07,217,536,82,0.02990015409886837,3.7586332242820775,0.757817494976981,0.29155042283120597,0.5246839589040935,0,0.5246839589040935,0.5574125973956512,False,False,False
07,218,536,82,0.029675990343093872,3.333454501393431,0.7503948958925772,0.24969816939627074,0.500046532644424,0,0.500046532644424,0.5574125973956512,False,False,False
07,219,536,82,0.028302080929279327,2.9405872611979462,0.7049014631036817,0.21102648048569644,0.45796397179468906,0,0.45796397179468906,0.5574125973956512,False,False,False
07,220,536,82,0.028790250420570374,2.5800315036956243,0.7210659246892374,0.17553535609948323,0.4483006403943603,1,0.4483006403943603,0.5574125973956512,False,False,False
07,221,536,83,0.029632745310664177,2.4405670665212633,0.7489629492471054,0.16180724447121006,0.45538509685915773,1,0.45538509685915773,0.5574125973956512,False,False,False
07,222,536,77,0.02934083342552185,4.746476028918776,0.739297047264433,0.3887882317522326,0.5640426395083328,1,0.5640426395083328,0.5574125973956512,True,False,False
07,223,536,77,0.02945384941995144,5.011753301829638,0.7430392776436382,0.4149006664972365,0.5789699720704373,1,0.5789699720704373,0.5574125973956512,True,False,False
07,224,536,83,0.02840247005224228,2.125893614443232,0.7082255875127075,0.13083252170958948,0.4195290546111485,1,0.4195290546111485,0.5574125973956512,False,False,False
07,225,536,77,0.02961348555982113,5.5831818732582095,0.7483252127473776,0.4711489501105607,0.6097370814289691,1,0.6097370814289691,0.5574125973956512,True,False,False
07,226,536,77,0.029361288994550705,5.726039016115353,0.7399743801696564,0.4852110210138918,0.6125927005917742,1,0.6125927005917742,0.5574125973956512,True,False,False
07,227,536,77,0.03034682385623455,5.868896158972495,0.7726078009325624,0.4992730919172228,0.6359404464248926,1,0.6359404464248926,0.5574125973956512,True,True,True
07,228,536,77,0.030055752024054527,5.9165152065915425,0.7629697151163676,0.5039604488849998,0.6334650820006837,1,0.6334650820006837,0.5574125973956512,True,True,False
07,229,536,83,0.02940870262682438,3.093501353043338,0.7415443591445665,0.2260785020972351,0.4838114306209008,1,0.4838114306209008,0.5574125973956512,False,False,False
07,230,536,82,0.029656562954187393,3.4556726846803194,0.7497516084948829,0.26172865470966644,0.5057401316022747,1,0.5057401316022747,0.5574125973956512,False,False,False
07,231,536,82,0.03032075986266136,3.5475180742356325,0.7717447596520315,0.2707694093701626,0.5212570845110971,1,0.5212570845110971,0.5574125973956512,False,False,False
07,232,536,83,0.029236553236842155,3.3519528252352693,0.7358440803459362,0.2515190425864677,0.4936815614662019,1,0.4936815614662019,0.5574125973956512,False,False,False
07,233,536,83,0.029293186962604523,3.1427763641504107,0.7377193587090137,0.23092886299688561,0.4843241108529497,1,0.4843241108529497,0.5574125973956512,False,False,False
07,234,536,83,0.02919718623161316,2.9659113857587145,0.7345405444734269,0.21351924793166463,0.47402989620254576,1,0.47402989620254576,0.5574125973956512,False,False,False
07,235,536,83,0.030623866245150566,2.8196615372187894,0.78178133826559,0.1991232177532756,0.4904522780094328,1,0.4904522780094328,0.5574125973956512,False,False,False
07,236,536,83,0.02951359562575817,2.6734116886788644,0.7450176176789638,0.18472718757488665,0.4648724026269252,1,0.4648724026269252,0.5574125973956512,False,False,False
07,237,536,83,0.02957514487206936,2.5271618401389393,0.7470556607057534,0.17033115739649768,0.45869340905112554,1,0.45869340905112554,0.5574125973956512,False,False,False
07,238,536,83,0.028966430574655533,2.3809119915990142,0.7268996717456444,0.1559351272181087,0.4414173994818765,1,0.4414173994818765,0.5574125973956512,False,False,False
07,239,536,83,0.02937372215092182,2.234662143059089,0.7403860717688521,0.14153909703971973,0.44096258440428593,1,0.44096258440428593,0.5574125973956512,False,False,False
07,240,536,83,0.028893794864416122,2.0985904115675105,0.7244945293333249,0.1281449446865045,0.4263197370099147,1,0.4263197370099147,0.5574125973956512,False,False,False
07,241,536,83,0.0290937889367342,1.9948301627690936,0.7311168122842212,0.11793135685765024,0.4245240845709357,1,0.4245240845709357,0.5574125973956512,False,False,False
07,242,536,83,0.03063882142305374,1.8655842319964453,0.7822765400408622,0.10520909876020626,0.4437428194005342,1,0.4437428194005342,0.5574125973956512,False,False,False
07,243,536,83,0.029414448887109756,2.0322307039864294,0.7417346315915355,0.12161286029459815,0.43167374594306684,1,0.43167374594306684,0.5574125973956512,False,False,False
07,244,536,83,0.030674010515213013,2.2311886586695744,0.7834417352007129,0.14119718635335093,0.4623194607770319,1,0.4623194607770319,0.5574125973956512,False,False,False
07,245,536,83,0.030129386112093925,2.176743810331597,0.7654079162099108,0.13583793512980274,0.45062292566985673,1,0.45062292566985673,0.5574125973956512,False,False,False
07,246,536,83,0.030498599633574486,2.4403247304010667,0.7776334605983086,0.16178339023727756,0.4697084254177931,1,0.4697084254177931,0.5574125973956512,False,False,False
07,247,536,83,0.029554149135947227,2.7260390161153523,0.7463604415737484,0.18990753204393965,0.468133986808844,1,0.468133986808844,0.5574125973956512,False,False,False
07,248,536,82,0.029423542320728302,3.9641342542105904,0.742035736967906,0.31177881320614215,0.5269072750870241,1,0.5269072750870241,0.5574125973956512,False,False,False
07,249,536,82,0.030090266838669777,4.202229492305828,0.7641125833310634,0.33521559804502715,0.5496640906880452,1,0.5496640906880452,0.5574125973956512,False,False,False
07,250,536,83,0.03038083203136921,3.295771234702533,0.77373389310007,0.24598883601973492,0.5098613645599025,1,0.5098613645599025,0.5574125973956512,False,False,False
07,251,536,83,0.029317734763026237,3.280463669776647,0.7385321952012682,0.24448204357631892,0.49150711938879355,1,0.49150711938879355,0.5574125973956512,False,False,False
07,252,536,83,0.02960149198770523,3.297467587543924,0.7479280768361836,0.24615581565726385,0.4970419462467237,1,0.4970419462467237,0.5574125973956512,False,False,False
07,253,536,83,0.02885197475552559,3.297467587543924,0.7231097653205699,0.24615581565726385,0.4846327904889169,1,0.4846327904889169,0.5574125973956512,False,False,False
07,254,536,82,0.02982562966644764,4.249848539924876,0.7553498124475703,0.3399029550128042,0.5476263837301872,1,0.5476263837301872,0.5574125973956512,False,False,False
07,255,536,83,0.0294031985104084,3.31277515246981,0.7413621046613271,0.24766260810067997,0.49451235638100355,1,0.49451235638100355,0.5574125973956512,False,False,False
07,256,536,83,0.02940475568175316,3.280463669776647,0.7414136663357731,0.24448204357631892,0.492947854956046,1,0.492947854956046,0.5574125973956512,False,False,False
07,257,536,83,0.029572157189249992,3.249848539924876,0.7469567313686583,0.24146845868948685,0.49421259502907255,1,0.49421259502907255,0.5574125973956512,False,False,False
07,258,536,83,0.029688384383916855,3.249848539924876,0.7508052922822473,0.24146845868948685,0.4961368754858671,1,0.4961368754858671,0.5574125973956512,False,False,False
07,259,536,83,0.029257815331220627,3.249848539924876,0.7365481192380438,0.24146845868948685,0.4890082889637653,1,0.4890082889637653,0.5574125973956512,False,False,False
07,260,536,83,0.029755916446447372,3.249848539924876,0.7530414406898033,0.24146845868948685,0.49725494968964506,1,0.49725494968964506,0.5574125973956512,False,False,False
07,261,536,83,0.02973928302526474,3.249848539924876,0.7524906682582203,0.24146845868948685,0.4969795634738536,1,0.4969795634738536,0.5574125973956512,False,False,False
07,262,536,82,0.028277836740016937,4.202229492305828,0.7040986799044112,0.33521559804502715,0.5196571389747192,1,0.5196571389747192,0.5574125973956512,False,False,False
07,263,536,82,0.03003251738846302,4.154610444686781,0.7622003606581853,0.33052824107725015,0.5463643008677177,1,0.5463643008677177,0.5574125973956512,False,False,False
07,264,536,82,0.03150827810168266,4.106991397067733,0.8110663340217049,0.32584088410947315,0.5684536090655891,1,0.5684536090655891,0.5574125973956512,True,False,False
07,265,536,82,0.03004743531346321,4.059372349448686,0.762694328900576,0.32115352714169615,0.5419239280211361,1,0.5419239280211361,0.5574125973956512,False,False,False
07,266,536,82,0.03136049583554268,4.011753301829638,0.806172909080854,0.31646617017391915,0.5613195396273866,1,0.5613195396273866,0.5574125973956512,True,False,False
07,267,536,82,0.029948290437459946,3.9641342542105904,0.7594114044897918,0.31177881320614215,0.535595108847967,1,0.535595108847967,0.5574125973956512,False,False,False
07,268,536,82,0.02971663884818554,3.916515206591543,0.7517408652962096,0.30709145623836515,0.5294161607672874,1,0.5294161607672874,0.5574125973956512,False,False,False
07,269,536,82,0.029257070273160934,3.916515206591543,0.7365234485804141,0.30709145623836515,0.5218074524093896,1,0.5218074524093896,0.5574125973956512,False,False,False
07,270,536,82,0.030510401353240013,3.916515206591543,0.778024243815163,0.30709145623836515,0.542557850026764,1,0.542557850026764,0.5574125973956512,False,False,False
07,271,536,82,0.030704138800501823,3.868896158972495,0.7844393549186139,0.30240409927058803,0.543421727094601,1,0.543421727094601,0.5574125973956512,False,False,False
07,272,536,82,0.02877792716026306,3.8212771113534476,0.7206578720120421,0.29771674230281103,0.5091873071574265,1,0.5091873071574265,0.5574125973956512,False,False,False
07,273,536,82,0.029596151784062386,3.7736580637343997,0.7477512498976226,0.29302938533503403,0.5203903176163284,1,0.5203903176163284,0.5574125973956512,False,False,False
07,274,536,82,0.030102141201496124,3.7260390161153523,0.7645057719370367,0.28834202836725703,0.5264239001521469,1,0.5264239001521469,0.5574125973956512,False,False,False
07,275,536,82,0.030180931091308594,3.7260390161153523,0.7671146939813775,0.28834202836725703,0.5277283611743173,1,0.5277283611743173,0.5574125973956512,False,False,False
07,276,536,82,0.02978701703250408,3.678419968496305,0.754071255615911,0.28365467139948003,0.5188629635076956,1,0.5188629635076956,0.5574125973956512,False,False,False
07,277,536,83,0.029159139841794968,2.7719617108930095,0.7332807373415663,0.19442790937418777,0.463854323357877,1,0.463854323357877,0.5574125973956512,False,False,False
07,278,536,83,0.029506836086511612,2.7090350983480755,0.7447937931376183,0.18823375996299466,0.46651377655030646,1,0.46651377655030646,0.5574125973956512,False,False,False
07,279,536,83,0.028999876230955124,2.678419968496305,0.7280071375666416,0.18522017507616265,0.4566136563214021,1,0.4566136563214021,0.5574125973956512,False,False,False
07,280,536,83,0.02907971478998661,2.678419968496305,0.7306507835615962,0.18522017507616265,0.4579354793188794,1,0.4579354793188794,0.5574125973956512,False,False,False
07,281,536,83,0.02954038232564926,2.678419968496305,0.7459045894973956,0.18522017507616265,0.4655623822867791,1,0.4655623822867791,0.5574125973956512,False,False,False
07,282,536,83,0.031070491299033165,2.678419968496305,0.7965701639817137,0.18522017507616265,0.49089516952893814,1,0.49089516952893814,0.5574125973956512,False,False,False
07,283,536,83,0.029288627207279205,2.7260390161153523,0.73756837428432,0.18990753204393965,0.4637379531641298,1,0.4637379531641298,0.5574125973956512,False,False,False
07,284,536,83,0.02933402732014656,2.7736580637343997,0.7390716808069857,0.19459488901171665,0.46683328490935116,1,0.46683328490935116,0.5574125973956512,False,False,False
07,285,536,83,0.028898151591420174,2.8212771113534476,0.7246387910038146,0.19928224597949368,0.4619605184916541,1,0.4619605184916541,0.5574125973956512,False,False,False
07,286,536,83,0.02925923652946949,2.868896158972495,0.7365951785174724,0.20396960294727068,0.47028239073237155,1,0.47028239073237155,0.5574125973956512,False,False,False
07,287,536,83,0.028904905542731285,2.916515206591543,0.7248624305152278,0.20865695991504776,0.46675969521513777,1,0.46675969521513777,0.5574125973956512,False,False,False
07,288,536,83,0.030826574191451073,2.9641342542105904,0.7884934840869025,0.21334431688282476,0.5009189004848636,1,0.5009189004848636,0.5574125973956512,False,False,False
07,289,536,83,0.028962282463908195,3.011753301829638,0.726762317859291,0.21803167385060176,0.4723969958549464,1,0.4723969958549464,0.5574125973956512,False,False,False
07,290,536,83,0.02912403643131256,3.0593723494486857,0.7321183793073429,0.22271903081837877,0.4774187050628608,1,0.4774187050628608,0.5574125973956512,False,False,False
07,291,536,83,0.029799826443195343,3.106991397067733,0.7544954058972096,0.22740638778615577,0.4909508968416827,1,0.4909508968416827,0.5574125973956512,False,False,False
07,292,536,83,0.029031069949269295,3.1546104446867806,0.7290400363249531,0.23209374475393277,0.4805668905394429,1,0.4805668905394429,0.5574125973956512,False,False,False
07,293,536,83,0.029074253514409065,3.2022294923058285,0.7304699476411705,0.23678110172170985,0.48362552468144016,1,0.48362552468144016,0.5574125973956512,False,False,False
07,294,536,83,0.028909947723150253,3.249848539924876,0.7250293891907368,0.24146845868948685,0.4832489239401118,1,0.4832489239401118,0.5574125973956512,False,False,False
07,295,536,83,0.03004457987844944,3.297467587543924,0.7625997786052102,0.24615581565726385,0.5043777971312371,1,0.5043777971312371,0.5574125973956512,False,False,False
07,296,536,83,0.029099835082888603,3.3450866351629713,0.7313170146708863,0.25084317262504086,0.49108009364796357,1,0.49108009364796357,0.5574125973956512,False,False,False
07,297,536,83,0.02997131086885929,3.392705682782019,0.7601736661339055,0.25553052959281786,0.5078520978633616,1,0.5078520978633616,0.5574125973956512,False,False,False
07,298,536,83,0.03013659454882145,3.392705682782019,0.7656466048224781,0.25553052959281786,0.510588567207648,1,0.510588567207648,0.5574125973956512,False,False,False
07,299,536,83,0.028408460319042206,3.392705682782019,0.7084239396000502,0.25553052959281786,0.48197723459643405,1,0.48197723459643405,0.5574125973956512,False,False,False
07,300,536,83,0.029832275584340096,3.392705682782019,0.7555698747136272,0.25553052959281786,0.5055502021532225,1,0.5055502021532225,0.5574125973956512,False,False,False
07,301,536,83,0.03984610363841057,3.392705682782019,1.087151716250456,0.25553052959281786,0.671341122921637,1,0.671341122921637,0.5574125973956512,True,False,False
07,302,536,83,0.051741234958171844,3.392705682782019,1.4810280168052268,0.25553052959281786,0.8682792731990223,1,0.8682792731990223,0.5574125973956512,True,False,False
07,303,536,83,0.06656352430582047,3.392705682782019,1.9718295335825453,0.25553052959281786,1.1136800315876816,1,1.1136800315876816,0.5574125973956512,True,True,True
07,304,536,83,0.06806798279285431,3.392705682782019,2.021645759001317,0.25553052959281786,1.1385881442970673,1,1.1385881442970673,0.5574125973956512,True,True,False
07,305,536,83,0.07854227721691132,3.392705682782019,2.368474745396385,0.25553052959281786,1.3120026374946014,1,1.3120026374946014,0.5574125973956512,True,True,False
07,306,536,83,0.07675717025995255,3.392705682782019,2.309365576661658,0.25553052959281786,1.282448053127238,1,1.282448053127238,0.5574125973956512,True,True,False
07,307,536,83,0.07384078949689865,3.392705682782019,2.2127972215017238,0.25553052959281786,1.2341638755472708,1,1.2341638755472708,0.5574125973956512,True,True,False
07,308,536,83,0.07578178495168686,3.392705682782019,2.277068231932313,0.25553052959281786,1.2662993807625653,1,1.2662993807625653,0.5574125973956512,True,True,False
07,309,536,107,0.09110496938228607,19.464437174360835,2.7844555851275024,1.8375433240099768,2.31099945456874,1,2.31099945456874,0.5574125973956512,True,True,False
07,310,536,107,0.07706110179424286,18.353891514196857,2.3194294780285416,1.7282273213076895,2.0238283996681155,1,2.0238283996681155,0.5574125973956512,True,True,False
07,311,536,107,0.042441826313734055,17.275657336726038,1.1731023137797203,1.622091883129763,1.3975970984547417,1,1.3975970984547417,0.5574125973956512,True,True,False
07,312,536,107,0.02940957061946392,16.22973464194838,0.7415731004607051,1.5191370094761978,1.1303550549684513,1,1.1303550549684513,0.5574125973956512,True,True,False
07,313,536,107,0.02777613326907158,15.216123429863888,0.687486075823012,1.4193627003469935,1.0534243880850027,1,1.0534243880850027,0.5574125973956512,True,True,False
07,314,536,107,0.027299359440803528,14.234823700472553,0.6716989519459027,1.3227689557421498,0.9972339538440262,1,0.9972339538440262,0.5574125973956512,True,True,False
07,315,536,107,0.025763532146811485,13.285835453774382,0.6208440301642766,1.2293557756616673,0.925099902912972,1,0.925099902912972,0.5574125973956512,True,True,False
07,316,536,107,0.026676097884774208,12.369158689769373,0.6510612683955739,1.1391231601055458,0.8950922142505598,1,0.8950922142505598,0.5574125973956512,True,True,False
07,317,536,108,0.023741450160741806,11.768811341330423,0.5538880503872032,1.0800282712429186,0.8169581608150609,1,0.8169581608150609,0.5574125973956512,True,True,False
07,318,536,108,0.024217505007982254,10.80621188254776,0.5696513670797,0.9852752783565494,0.7774633227181247,1,0.7774633227181247,0.5574125973956512,True,True,False
07,319,536,108,0.024981264024972916,9.90823538915142,0.5949412582159054,0.8968834145189019,0.7459123363674036,1,0.7459123363674036,0.5574125973956512,True,True,False
07,320,536,134,0.024593042209744453,32.46443717436083,0.5820863036747299,3.1171917762131023,1.849639039943916,1,1.849639039943916,0.5574125973956512,True,True,False
07,321,536,134,0.025058437138795853,30.068177228482575,0.5974966449331897,2.8813171353808364,1.739406890157013,1,1.739406890157013,0.5574125973956512,True,True,False
07,322,536,134,0.02518736571073532,27.704228765297472,0.6017657788827211,2.6486230590729307,1.6251944189778258,1,1.6251944189778258,0.5574125973956512,True,True,False
07,323,536,134,0.02519931085407734,25.372591784805525,0.6021613112011693,2.419109547289385,1.5106354292452773,1,1.5106354292452773,0.5574125973956512,True,True,False
07,324,536,134,0.024243785068392754,23.073266287006746,0.5705215628509436,2.1927766000302014,1.3816490814405724,1,1.3816490814405724,0.5574125973956512,True,True,False
07,325,536,133,0.024554144591093063,20.330061795710648,0.5807983103165273,1.922750647617608,1.2517744789670675,1,1.2517744789670675,0.5574125973956512,True,True,False
07,326,536,133,0.023951319977641106,18.14297831091724,0.5608373429049812,1.707466186374923,1.1341517646399522,1,1.1341517646399522,0.5574125973956512,True,True,False
07,327,536,133,0.023226013407111168,15.988206308816993,0.5368207044090446,1.4953622896565992,1.0160914970328219,1,1.0160914970328219,0.5574125973956512,True,True,False
07,328,536,133,0.024334324523806572,13.865745789409909,0.5735195411661047,1.2864389574626363,0.9299792493143705,1,0.9299792493143705,0.5574125973956512,True,True,False
07,329,536,133,0.023201921954751015,11.77559675269599,0.5360229786945883,1.0806961897930347,0.8083595842438115,1,0.8083595842438115,0.5574125973956512,True,True,False
07,330,536,133,0.02436421811580658,10.86061634153237,0.5745093896268524,0.9906305538744421,0.7825699717506472,1,0.7825699717506472,0.5574125973956512,True,True,False
07,331,536,133,0.02444491535425186,9.977947413061916,0.5771814685547252,0.9037454824802106,0.7404634755174679,1,0.7404634755174679,0.5574125973956512,True,True,False
07,332,536,133,0.02345576323568821,9.127589967284623,0.544428271749027,0.8200409756103401,0.6822346236796835,1,0.6822346236796835,0.5574125973956512,True,True,False
07,333,536,133,0.023388339206576347,8.309544004200493,0.5421957005868273,0.7395170332648306,0.6408563669258289,1,0.6408563669258289,0.5574125973956512,True,True,False
07,334,536,133,0.02484833262860775,7.523809523809523,0.5905395811582584,0.662173655443682,0.6263566183009702,0,0.6263566183009702,0.5574125973956512,True,True,False
07,335,536,133,0.024495510384440422,6.770386526111715,0.578856791237714,0.5880108421468944,0.5834338166923042,0,0.5834338166923042,0.5574125973956512,True,True,False
07,336,536,133,0.023999137803912163,6.049275011107071,0.5624207057116554,0.5170285933744679,0.5397246495430617,0,0.5397246495430617,0.5574125973956512,False,False,False
07,337,536,133,0.024623271077871323,5.3604749787955885,0.5830872539314109,0.4492269091264024,0.5161570815289067,0,0.5161570815289067,0.5574125973956512,False,False,False
07,338,536,133,0.02422753907740116,4.751605476796316,0.569983619161328,0.3892931463704749,0.4796383827659014,0,0.4796383827659014,0.5574125973956512,False,False,False
07,339,536,133,0.024101272225379944,4.175047457490205,0.5658026211361786,0.3325399481389084,0.4491712846375435,0,0.4491712846375435,0.5574125973956512,False,False,False
07,340,536,133,0.024797379970550537,3.630800920877257,0.5888524165596073,0.278967314431703,0.43390986549565513,0,0.43390986549565513,0.5574125973956512,False,False,False
07,341,536,134,0.024615902453660965,2.7243426632739625,0.5828432611274531,0.1897405524064108,0.3862919067669319,0,0.3862919067669319,0.5574125973956512,False,False,False
07,342,536,134,0.02373841218650341,2.66141605072903,0.5537874557807181,0.18354640299521782,0.36866692938796797,0,0.36866692938796797,0.5574125973956512,False,False,False
07,343,536,134,0.02430466003715992,2.630800920877258,0.5725372789325782,0.1805328181083857,0.376535048520482,0,0.376535048520482,0.5574125973956512,False,False,False
07,344,536,134,0.023691853508353233,2.630800920877258,0.5522457863854382,0.1805328181083857,0.36638930224691196,0,0.36638930224691196,0.5574125973956512,False,False,False
07,345,536,134,0.024146486073732376,2.630800920877258,0.567299759994437,0.1805328181083857,0.3739162890514114,0,0.3739162890514114,0.5574125973956512,False,False,False
07,346,536,137,0.02472829818725586,1.4030049678904661,0.5865649531841816,0.059675341888323394,0.32312014753625246,0,0.32312014753625246,0.5574125973956512,False,False,False
07,347,536,138,0.023838063701987267,1.4761904761904776,0.5570871562386905,0.06687932053600099,0.31198323838734576,0,0.31198323838734576,0.5574125973956512,False,False,False
07,348,536,138,0.023070286959409714,1.2704067207884022,0.531664228581217,0.046623100221476955,0.289143664401347,0,0.289143664401347,0.5574125973956512,False,False,False
07,349,536,138,0.024426400661468506,1.0986308009208774,0.5765684027126271,0.029714424068842626,0.30314141339073486,0,0.30314141339073486,0.5574125973956512,False,False,False
07,350,536,138,0.025143835693597794,0.9897814935982878,0.600324395710706,0.018999897327401538,0.30966214651905377,0,0.30966214651905377,0.5574125973956512,False,False,False
07,351,536,138,0.024359513074159622,0.913243668968861,0.5743535944239208,0.011465935110321514,0.29290976476712116,0,0.29290976476712116,0.5574125973956512,False,False,False
07,352,536,138,0.023571912199258804,0.8690173270325943,0.548274242243565,0.00711253741760229,0.27769338983058367,0,0.27769338983058367,0.5574125973956512,False,False,False
07,353,536,138,0.02384151890873909,0.8638878791550548,0.5572015664134482,0.006607622799359986,0.2819045946064041,0,0.2819045946064041,0.5574125973956512,False,False,False
07,354,536,139,0.0226930882781744,0.7534229976978056,0.5191742764196728,0.0,0.2595871382098364,0,0.2595871382098364,0.5574125973956512,False,False,False
07,355,536,139,0.023005936294794083,0.6955854436770472,0.5295334238817397,0.0,0.26476671194086987,0,0.26476671194086987,0.5574125973956512,False,False,False
07,356,536,139,0.023808831349015236,0.7108526192495639,0.5561192029865892,0.0,0.2780596014932946,0,0.2780596014932946,0.5574125973956512,False,False,False
07,357,536,139,0.02386501617729664,0.8213578900601785,0.5579796172784449,0.0024212047441696492,0.28020041101130727,0,0.28020041101130727,0.5574125973956512,False,False,False
07,358,536,141,0.02409864030778408,1.1072337331879314,0.5657154720381017,0.0305612493734537,0.2981383607057777,0,0.2981383607057777,0.5574125973956512,False,False,False
07,359,536,142,0.02402292750775814,1.5664606809644979,0.5632084398097716,0.0757650226759344,0.31948673124285304,0,0.31948673124285304,0.5574125973956512,False,False,False
07,360,536,142,0.024800529703497887,1.2092976291449593,0.5889567117647369,0.040607857564779214,0.31478228466475805,0,0.31478228466475805,0.5574125973956512,False,False,False
07,361,536,142,0.024586675688624382,0.9269356597600863,0.5818754929052841,0.012813699327519277,0.2973445961164017,0,0.2973445961164017,0.5574125973956512,False,False,False
07,362,536,142,0.024459823966026306,0.8112605517185668,0.5776751284138955,0.001427278330306987,0.2895512033721012,0,0.2895512033721012,0.5574125973956512,False,False,False
07,363,536,142,0.02379019930958748,0.7652974675875468,0.5555022515159145,0.0,0.27775112575795724,0,0.27775112575795724,0.5574125973956512,False,False,False
07,364,536,142,0.023159807547926903,0.8162688315360072,0.5346284697720695,0.0019202658315829629,0.26827436780182623,0,0.26827436780182623,0.5574125973956512,False,False,False
07,365,536,142,0.022483907639980316,0.9641746435639559,0.5122478042602023,0.01647929994184535,0.26436355210102386,0,0.26436355210102386,0.5574125973956512,False,False,False
07,366,536,142,0.021890658885240555,1.2022294923058285,0.4926039164758419,0.039912109075075086,0.26625801277545846,0,0.26625801277545846,0.5574125973956512,False,False,False
07,367,536,145,0.021475888788700104,1.4168181267417905,0.47886988472667613,0.06103503322248748,0.2699524589745818,0,0.2699524589745818,0.5574125973956512,False,False,False
07,368,536,145,0.022133102640509605,1.120885334625794,0.5006318101451903,0.03190503788499639,0.2662684240150934,0,0.2662684240150934,0.5574125973956512,False,False,False
07,369,536,145,0.022398298606276512,0.8895755078961177,0.5094130840219058,0.009136171596226882,0.25927462780906635,0,0.25927462780906635,0.5574125973956512,False,False,False
07,370,536,145,0.023035891354084015,0.7296740579183314,0.5305253076717419,0.0,0.26526265383587094,0,0.26526265383587094,0.5574125973956512,False,False,False
07,371,536,145,0.021979985758662224,0.659921644654469,0.49556174329571073,0.0,0.24778087164785537,0,0.24778087164785537,0.5574125973956512,False,False,False
07,372,536,145,0.02205630950629711,0.6649703138252748,0.49808900546329715,0.0,0.24904450273164858,0,0.24904450273164858,0.5574125973956512,False,False,False
07,373,536,145,0.021928904578089714,0.7669534310755663,0.4938703230086185,0.0,0.24693516150430925,0,0.24693516150430925,0.5574125973956512,False,False,False
07,374,536,145,0.021619847044348717,0.9658709964053462,0.48363668751724265,0.01664627957937424,0.25014148354830845,0,0.25014148354830845,0.5574125973956512,False,False,False
07,375,536,145,0.022190963849425316,1.2022294923058285,0.5025477334167129,0.039912109075075086,0.27122992124589396,0,0.27122992124589396,0.5574125973956512,False,False,False
07,376,536,145,0.02355773374438286,1.4879437780201141,0.5478047596288718,0.06803625088173718,0.30792050525530446,0,0.30792050525530446,0.5574125973956512,False,False,False
07,377,536,145,0.024058431386947632,1.7736580637344,0.564384058322471,0.0961603926883993,0.3302722255054351,0,0.3302722255054351,0.5574125973956512,False,False,False
07,378,536,148,0.02308373712003231,0.96263984813603,0.5321095956280771,0.016328223126938136,0.27421890937750765,0,0.27421890937750765,0.5574125973956512,False,False,False
07,379,536,148,0.023821845650672913,0.8384425865341901,0.556550137698736,0.004102928236425745,0.28032653296758087,0,0.28032653296758087,0.5574125973956512,False,False,False
07,380,536,148,0.02381051704287529,0.7516862555030498,0.5561750203494764,0.0,0.2780875101747382,0,0.2780875101747382,0.5574125973956512,False,False,False
07,381,536,148,0.02266833558678627,0.7295528898582323,0.5183546554965701,0.0,0.25917732774828506,0,0.25917732774828506,0.5574125973956512,False,False,False
07,382,536,148,0.022699709981679916,0.7720424895997404,0.5193935368893567,0.0,0.25969676844467837,0,0.25969676844467837,0.5574125973956512,False,False,False
07,383,536,148,0.023850388824939728,0.8791550547275742,0.5574952705925298,0.008110439537120581,0.28280285506482516,0,0.28280285506482516,0.5574125973956512,False,False,False
07,384,536,148,0.023436425253748894,1.0508905852417307,0.5437879448302482,0.025015139984099283,0.28440154240717375,0,0.28440154240717375,0.5574125973956512,False,False,False
07,385,536,148,0.023039689287543297,1.277070964093865,0.5306510663490093,0.04727909165462622,0.2889650790018177,0,0.2889650790018177,0.5574125973956512,False,False,False
07,386,536,149,0.022809917107224464,0.8706732905206193,0.523042758889298,0.007275541349475834,0.2651591501193869,0,0.2651591501193869,0.5574125973956512,False,False,False
07,387,536,149,0.023850752040743828,1.0304939617916746,0.5575072975381242,0.023007408628096648,0.29025735308311046,0,0.29025735308311046,0.5574125973956512,False,False,False
07,388,536,149,0.023699238896369934,1.1325174683953316,0.5524903342791926,0.03305004111376627,0.29277018769647944,0,0.29277018769647944,0.5574125973956512,False,False,False
07,389,536,149,0.023742014542222023,1.2974675875439237,0.5539067384103578,0.049286823010629116,0.30159678071049345,0,0.30159678071049345,0.5574125973956512,False,False,False
07,390,536,149,0.023007327690720558,1.4879437780201141,0.5295794963348632,0.06803625088173718,0.2988078736083002,0,0.2988078736083002,0.5574125973956512,False,False,False
07,391,536,149,0.023357108235359192,1.6784199684963046,0.5411615682956343,0.08678567875284525,0.3139736235242398,0,0.3139736235242398,0.5574125973956512,False,False,False
07,392,536,149,0.023912528529763222,1.868896158972495,0.5595528651154908,0.10553510662395332,0.3325439858697221,0,0.3325439858697221,0.5574125973956512,False,False,False
07,393,536,149,0.023665176704525948,2.0593723494486857,0.5513624534890068,0.12428453449506141,0.3378234939920341,0,0.3378234939920341,0.5574125973956512,False,False,False
07,394,536,149,0.022662514820694923,2.249848539924876,0.5181619159838381,0.14303396236616947,0.3305979391750038,0,0.3305979391750038,0.5574125973956512,False,False,False
07,395,536,152,0.02184016816318035,0.9472918938567825,0.4909320476849212,0.014817454977867104,0.25287475133139414,0,0.25287475133139414,0.5574125973956512,False,False,False
07,396,536,152,0.023719415068626404,0.8843248919584819,0.5531584156878049,0.008619329861018514,0.2808888727744117,0,0.2808888727744117,0.5574125973956512,False,False,False
07,397,536,152,0.022352999076247215,0.9182923381396668,0.50791310803802,0.011962898317252845,0.25993800317763643,0,0.25993800317763643,0.5574125973956512,False,False,False
07,398,536,152,0.02318003959953785,1.0424088210347757,0.535298401480004,0.024180241796454525,0.27973932163822923,0,0.27973932163822923,0.5574125973956512,False,False,False
07,399,536,152,0.021988943219184875,1.0764166565693292,0.49585834627706377,0.02752778595834451,0.26169306611770415,0,0.26169306611770415,0.5574125973956512,False,False,False
07,400,536,152,0.021535715088248253,1.1427359747970451,0.48085087685769695,0.03405589464459553,0.25745338575114624,0,0.25745338575114624,0.5574125973956512,False,False,False
07,401,536,152,0.02213370054960251,1.2413667757179212,0.5006516083479382,0.043764567855207354,0.27220808810157276,0,0.27220808810157276,0.5574125973956512,False,False,False
07,402,536,152,0.021688947454094887,1.37230905933196,0.4859247676591092,0.05665380559018024,0.2712892866246447,0,0.2712892866246447,0.5574125973956512,False,False,False
07,403,536,152,0.021243160590529442,1.5355628256391618,0.47116369643281897,0.0727236078495142,0.27194365214116656,0,0.27194365214116656,0.5574125973956512,False,False,False
07,404,536,152,0.022957848384976387,1.7260390161153523,0.5279411179616749,0.09147303572062228,0.30970707684114857,0,0.30970707684114857,0.5574125973956512,False,False,False
07,405,536,154,0.02319815382361412,0.7686497839169595,0.535898206843626,0.0,0.267949103421813,0,0.267949103421813,0.5574125973956512,False,False,False
07,406,536,154,0.023472502827644348,0.775435195282524,0.5449825597493223,0.0,0.27249127987466115,0,0.27249127987466115,0.5574125973956512,False,False,False
07,407,536,155,0.022004544734954834,0.7585120562219797,0.4963749498478297,0.0,0.24818747492391485,0,0.24818747492391485,0.5574125973956512,False,False,False
07,408,536,155,0.023510370403528214,0.6411405953390696,0.5462364459233517,0.0,0.27311822296167587,0,0.27311822296167587,0.5574125973956512,False,False,False
07,409,536,155,0.023011596873402596,0.6207035825356426,0.5297208592030814,0.0,0.2648604296015407,0,0.2648604296015407,0.5574125973956512,False,False,False
07,410,536,157,0.022065307945013046,1.472918938567793,0.4983869653308199,0.06655728837790924,0.28247212685436457,0,0.28247212685436457,0.5574125973956512,False,False,False
07,411,536,157,0.02155314013361931,1.1650712872086926,0.48142786186301156,0.03625445987205999,0.2588411608675358,0,0.2588411608675358,0.5574125973956512,False,False,False
07,412,536,157,0.02285921759903431,0.921846601235915,0.5246752163046552,0.012312760414932589,0.2684939883597939,0,0.2684939883597939,0.5574125973956512,False,False,False
07,413,536,157,0.022095998749136925,0.7466375863322412,0.4994032113952313,0.0,0.24970160569761565,0,0.24970160569761565,0.5574125973956512,False,False,False
07,414,536,157,0.02391832321882248,0.6734520780322297,0.5597447411552058,0.0,0.2798723705776029,0,0.2798723705776029,0.5574125973956512,False,False,False
07,415,536,157,0.023255687206983566,0.7295125005048668,0.5378032750257915,0.0,0.26890163751289575,0,0.26890163751289575,0.5574125973956512,False,False,False
07,416,536,161,0.022561073303222656,3.131103841027505,0.5148029442709103,0.2297798840624601,0.3722914141666852,0,0.3722914141666852,0.5574125973956512,False,False,False
07,417,536,161,0.021082188934087753,2.734843895149239,0.4658335391752782,0.190774235876828,0.3283038875260531,0,0.3283038875260531,0.5574125973956512,False,False,False
07,418,536,161,0.021934881806373596,2.3708954319641333,0.49406824335945276,0.15494915221555675,0.32450869778750474,0,0.32450869778750474,0.5574125973956512,False,False,False
07,419,536,161,0.022220809012651443,2.0392584514721905,0.5035359782847145,0.12230463307864652,0.3129203056816805,0,0.3129203056816805,0.5574125973956512,False,False,False
07,420,536,161,0.023451324552297592,1.7399329536734105,0.544281296306198,0.09284067846609736,0.3185609873861477,0,0.3185609873861477,0.5574125973956512,False,False,False
07,421,536,161,0.022875266149640083,1.472918938567793,0.5252066222699989,0.06655728837790924,0.29588195532395406,0,0.29588195532395406,0.5574125973956512,False,False,False
07,422,536,161,0.02207210659980774,1.2450018175209003,0.4986120850816909,0.044122381364197806,0.27136723322294437,0,0.27136723322294437,0.5574125973956512,False,False,False
07,423,536,163,0.022865500301122665,2.0749626398481342,0.5248832516251176,0.12581915687806539,0.3253512042515915,0,0.3253512042515915,0.5574125973956512,False,False,False
07,424,536,163,0.021428629755973816,1.6514802698008797,0.47730502491322424,0.08413388308065917,0.2807194539969417,0,0.2807194539969417,0.5574125973956512,False,False,False
07,425,536,163,0.021127555519342422,1.292620865139948,0.46733573551835067,0.04880973833197483,0.25807273692516275,0,0.25807273692516275,0.5574125973956512,False,False,False
07,426,536,164,0.021243415772914886,1.5562421745627844,0.47117214613305713,0.07475916914510512,0.27296565763908115,0,0.27296565763908115,0.5574125973956512,False,False,False
07,427,536,164,0.02183016762137413,1.2160830405105212,0.49060090578288656,0.04127577611489481,0.2659383409488907,0,0.2659383409488907,0.5574125973956512,False,False,False
07,428,536,164,0.02060209959745407,1.020477402156791,0.44993663087171665,0.02202143362554441,0.23597903224863054,0,0.23597903224863054,0.5574125973956512,False,False,False
07,429,536,164,0.022077225148677826,0.9201098590411564,0.4987815724996069,0.012141805071748073,0.2554616887856775,0,0.2554616887856775,0.5574125973956512,False,False,False
07,430,536,164,0.021426254883408546,0.8843652813118446,0.4772263871920296,0.008623305566673595,0.24292484637935158,0,0.24292484637935158,0.5574125973956512,False,False,False
07,431,536,165,0.02169477567076683,0.7993456924754628,0.4861177538784175,0.0002544451619488242,0.24318609952018316,0,0.24318609952018316,0.5574125973956512,False,False,False
07,432,536,165,0.022382792085409164,0.7823013853548221,0.5088996259599876,0.0,0.2544498129799938,0,0.2544498129799938,0.5574125973956512,False,False,False
07,433,536,165,0.022632529959082603,0.8621915263136644,0.5171690453675308,0.006440643161831087,0.261804844264681,0,0.261804844264681,0.5574125973956512,False,False,False
07,434,536,167,0.02184141054749489,1.1412819580758502,0.49097318600651874,0.03391276924099903,0.2624429776237589,0,0.2624429776237589,0.5574125973956512,False,False,False
07,435,536,167,0.02070988342165947,0.7517670342097834,0.4535056115577172,0.0,0.2267528057788586,0,0.2267528057788586,0.5574125973956512,False,False,False
07,436,536,167,0.02114824391901493,0.49149804111636236,0.46802077800408337,0.0,0.23401038900204169,0,0.23401038900204169,0.5574125973956512,False,False,False
07,437,536,167,0.020758619531989098,0.44723130982672743,0.45511938094991994,0.0,0.22755969047495997,0,0.22755969047495997,0.5574125973956512,False,False,False
07,438,536,167,0.020437778905034065,0.5254250979441792,0.44449557900813036,0.0,0.22224778950406518,0,0.22224778950406518,0.5574125973956512,False,False,False
07,439,536,167,0.0194802638143301,0.7005533341411194,0.4127899600020334,0.0,0.2063949800010167,0,0.2063949800010167,0.5574125973956512,False,False,False
07,440,536,168,0.019520403817296028,0.43366048709560395,0.4141190916818335,0.0,0.20705954584091674,0,0.20705954584091674,0.5574125973956512,False,False,False
07,441,536,168,0.01962106116116047,0.5016357688113422,0.4174520975276059,0.0,0.20872604876380296,0,0.20872604876380296,0.5574125973956512,False,False,False
07,442,536,168,0.019272474572062492,0.698856981299729,0.40590956029568637,0.0,0.20295478014784318,0,0.20295478014784318,0.5574125973956512,False,False,False
07,443,536,168,0.020449822768568993,1.011753301829638,0.44489438018871447,0.02116268120396702,0.23302853069634075,0,0.23302853069634075,0.5574125973956512,False,False,False
07,444,536,168,0.02045518159866333,1.249848539924876,0.4450718238937161,0.04459946604285209,0.24483564496828408,0,0.24483564496828408,0.5574125973956512,False,False,False
07,445,536,170,0.021610474213957787,0.581687467183649,0.48332633064426106,0.0,0.24166316532213053,0,0.24166316532213053,0.5574125973956512,False,False,False
07,446,536,171,0.019838793203234673,1.0426511571549741,0.42466172716002126,0.024204096030387205,0.22443291159520423,0,0.22443291159520423,0.5574125973956512,False,False,False
07,447,536,171,0.020572271198034286,0.7807262005735308,0.4489489410935116,0.0,0.2244744705467558,0,0.2244744705467558,0.5574125973956512,False,False,False
07,448,536,171,0.020045116543769836,0.5851205622197981,0.43149358734748183,0.0,0.21574679367374092,0,0.21574679367374092,0.5574125973956512,False,False,False
07,449,536,171,0.021145157516002655,0.5000201946766827,0.4679185798048523,0.0,0.23395928990242615,0,0.23395928990242615,0.5574125973956512,False,False,False
07,450,536,171,0.021295765414834023,0.5441657579062158,0.4729055682147639,0.0,0.23645278410738196,0,0.23645278410738196,0.5574125973956512,False,False,False
07,451,536,171,0.02312273345887661,0.7175572519083974,0.5334008578484156,0.0,0.2667004289242078,0,0.2667004289242078,0.5574125973956512,False,False,False
07,452,536,173,0.0219868216663599,1.0018175209014881,0.4957880965794632,0.020184657612725757,0.2579863770960945,0,0.2579863770960945,0.5574125973956512,False,False,False
07,453,536,173,0.021512450650334358,0.7313704107597219,0.48008053557320957,0.0,0.24004026778660478,0,0.24004026778660478,0.5574125973956512,False,False,False
07,454,536,173,0.022299138829112053,0.5629468072216152,0.506129666197969,0.0,0.2530648330989845,0,0.2530648330989845,0.5574125973956512,False,False,False
07,455,536,173,0.022499559447169304,0.5152873702491994,0.5127660731003583,0.0,0.25638303655017913,0,0.25638303655017913,0.5574125973956512,False,False,False
07,456,536,173,0.021949468180537224,0.564562381356272,0.4945512331591982,0.0,0.2472756165795991,0,0.2472756165795991,0.5574125973956512,False,False,False
07,457,536,173,0.02208845689892769,0.7107718405428329,0.49915348266337467,0.0,0.24957674133168734,0,0.24957674133168734,0.5574125973956512,False,False,False
07,458,536,173,0.02239043265581131,0.9403449250777507,0.5091526235539802,0.014133633605129299,0.26164312857955474,0,0.26164312857955474,0.5574125973956512,False,False,False
07,459,536,175,0.021632684394717216,0.7875116119390926,0.4840617629482024,0.0,0.2420308814741012,0,0.2420308814741012,0.5574125973956512,False,False,False
07,460,536,175,0.02129092440009117,0.5867765257078231,0.472745270616815,0.0,0.2363726353084075,0,0.2363726353084075,0.5574125973956512,False,False,False
07,461,536,175,0.021461214870214462,0.5544246536612948,0.47838399612465915,0.0,0.23919199806232957,0,0.23919199806232957,0.5574125973956512,False,False,False
07,462,536,175,0.02155975066125393,0.6190072296942523,0.48164675227283105,0.0,0.24082337613641552,0,0.24082337613641552,0.5574125973956512,False,False,False
07,463,536,175,0.022245656698942184,0.7805242538066953,0.5043587447166651,0.0,0.25217937235833254,0,0.25217937235833254,0.5574125973956512,False,False,False
07,464,536,177,0.022551095113158226,0.9099721313461766,0.5144725424886046,0.011143902952229792,0.2628082227204172,0,0.2628082227204172,0.5574125973956512,False,False,False
07,465,536,178,0.021498162299394608,1.4168181267417905,0.479607414036516,0.06103503322248748,0.27032122362950173,0,0.27032122362950173,0.5574125973956512,False,False,False
07,466,536,178,0.021575476974248886,1.0681772284825723,0.48216748817874994,0.026716742004632407,0.2544421150916912,0,0.2544421150916912,0.5574125973956512,False,False,False
07,467,536,179,0.02210150845348835,1.6549133648370287,0.4995856509084029,0.08447181806137258,0.29202873448488775,0,0.29202873448488775,0.5574125973956512,False,False,False
07,468,536,179,0.022287379950284958,1.307968819419201,0.5057403015439282,0.0503205064810464,0.2780304040124873,0,0.2780304040124873,0.5574125973956512,False,False,False
07,469,536,179,0.01978578045964241,1.025647239387696,0.42290634819302403,0.022530323949442082,0.22271833607123306,0,0.22271833607123306,0.5574125973956512,False,False,False
07,470,536,179,0.02227761782705784,0.8198230946322527,0.5054170542523351,0.0022701279292624446,0.25384359109079874,0,0.25384359109079874,0.5574125973956512,False,False,False
07,471,536,179,0.022302642464637756,0.7143261036390784,0.5062456799654727,0.0,0.2531228399827363,0,0.2531228399827363,0.5574125973956512,False,False,False
07,472,536,179,0.022181164473295212,0.7057635607253926,0.5022232525922382,0.0,0.2511116262961191,0,0.2511116262961191,0.5574125973956512,False,False,False
07,473,536,180,0.020103368908166885,0.7262813522355506,0.43342246271425994,0.0,0.21671123135712997,0,0.21671123135712997,0.5574125973956512,False,False,False
07,474,536,180,0.02019498310983181,0.6616179974958595,0.4364560284530519,0.0,0.21822801422652596,0,0.21822801422652596,0.5574125973956512,False,False,False
07,475,536,181,0.02119746059179306,0.8521345773254154,0.46965045997045723,0.005450692453623506,0.23755057621204037,0,0.23755057621204037,0.5574125973956512,False,False,False
07,476,536,181,0.021053561940789223,0.6769255624217443,0.46488563083250106,0.0,0.23244281541625053,0,0.23244281541625053,0.5574125973956512,False,False,False
07,477,536,181,0.021540816873311996,0.6343551839735025,0.4810198091858163,0.0,0.24050990459290816,0,0.24050990459290816,0.5574125973956512,False,False,False
07,478,536,181,0.02080063708126545,0.7193343834565188,0.45651068268694683,0.0,0.22825534134347342,0,0.22825534134347342,0.5574125973956512,False,False,False
07,479,536,181,0.02131880633533001,0.8978553253362398,0.4736685083019624,0.009951191255594318,0.24180984977877834,0,0.24180984977877834,0.5574125973956512,False,False,False
07,480,536,181,0.020641742274165154,1.129124762712548,0.4512492948875489,0.03271608183870821,0.24198268836312856,0,0.24198268836312856,0.5574125973956512,False,False,False
07,481,536,181,0.021224265918135643,1.392705682782019,0.47053804855532977,0.05866153694618316,0.26459979275075646,0,0.26459979275075646,0.5574125973956512,False,False,False
07,482,536,181,0.01988874189555645,1.6784199684963046,0.42631564804751637,0.08678567875284525,0.2565506634001808,0,0.2565506634001808,0.5574125973956512,False,False,False
07,483,536,181,0.0210544653236866,1.9641342542105904,0.4649155440048771,0.11490982055950737,0.28991268228219225,0,0.28991268228219225,0.5574125973956512,False,False,False
07,484,536,183,0.020209074020385742,0.8127953471464926,0.43692261226547363,0.0015783551452141918,0.21925048370534392,0,0.21925048370534392,0.5574125973956512,False,False,False
07,485,536,184,0.019840311259031296,0.7159416777737406,0.4247119936249418,0.0,0.2123559968124709,0,0.2123559968124709,0.5574125973956512,False,False,False
07,486,536,184,0.02149682305753231,0.6665858879599371,0.4795630685294266,0.0,0.2397815342647133,0,0.2397815342647133,0.5574125973956512,False,False,False
07,487,536,184,0.021621322259306908,0.7090754877014425,0.48368553541934944,0.0,0.24184276770967472,0,0.24184276770967472,0.5574125973956512,False,False,False
07,488,536,184,0.021395975723862648,0.7907023708550434,0.4762237716659586,0.0,0.2381118858329793,0,0.2381118858329793,0.5574125973956512,False,False,False
07,489,536,184,0.02289419434964657,0.904640736701807,0.5258333803270814,0.01061910980571044,0.2682262450663959,0,0.2682262450663959,0.5574125973956512,False,False,False
07,490,536,185,0.02199266478419304,0.5560402277959543,0.4959815762119241,0.0,0.24799078810596206,0,0.24799078810596206,0.5574125973956512,False,False,False
07,491,536,185,0.023072684183716774,0.6240558988650607,0.5317436064221405,0.0,0.26587180321107023,0,0.26587180321107023,0.5574125973956512,False,False,False
07,492,536,186,0.02194584533572197,0.583343430671674,0.4944312720864738,0.0,0.2472156360432369,0,0.2472156360432369,0.5574125973956512,False,False,False
07,493,536,186,0.0212994534522295,0.5271618401389405,0.473027687970031,0.0,0.2365138439850155,0,0.2365138439850155,0.5574125973956512,False,False,False
07,494,536,186,0.02220200002193451,0.5679550870390555,0.5029131675328528,0.0,0.2514565837664264,0,0.2514565837664264,0.5574125973956512,False,False,False
07,495,536,186,0.022226527333259583,0.7039864291772685,0.5037253255820225,0.0,0.25186266279101127,0,0.25186266279101127,0.5574125973956512,False,False,False
07,496,536,186,0.021191241219639778,0.8536289833999758,0.46944452165589334,0.005597793562875367,0.23752115760938436,0,0.23752115760938436,0.5574125973956512,False,False,False
07,497,536,186,0.021343950182199478,1.0355830203158458,0.4745010813203207,0.023508347540683323,0.249004714430502,0,0.249004714430502,0.5574125973956512,False,False,False
07,498,536,187,0.02165413089096546,0.5543438749545612,0.4847719078280733,0.0,0.24238595391403664,0,0.24238595391403664,0.5574125973956512,False,False,False
07,499,536,187,0.022410918027162552,0.690375217092774,0.5098309432855088,0.0,0.2549154716427544,0,0.2549154716427544,0.5574125973956512,False,False,False
07,500,536,187,0.022428274154663086,0.8910295246173099,0.5104056462549926,0.009279296999823114,0.25984247162740787,0,0.25984247162740787,0.5574125973956512,False,False,False
07,501,536,187,0.021715072914958,1.1546104446867809,0.4867898442688946,0.035224752107298064,0.2610072981880963,0,0.2610072981880963,0.5574125973956512,False,False,False
07,502,536,187,0.020922528579831123,1.4403247304010667,0.46054680227516576,0.06334889391396017,0.26194784809456295,0,0.26194784809456295,0.5574125973956512,False,False,False
07,503,536,187,0.023107271641492844,1.7260390161153523,0.5328888800259552,0.09147303572062228,0.31218095787328876,0,0.31218095787328876,0.5574125973956512,False,False,False
07,504,536,189,0.022090764716267586,0.6614564400823949,0.49922990002538264,0.0,0.24961495001269132,0,0.24961495001269132,0.5574125973956512,False,False,False
07,505,536,189,0.022234585136175156,0.7294721111515013,0.5039921387442877,0.0,0.25199606937214386,0,0.25199606937214386,0.5574125973956512,False,False,False
07,506,536,189,0.02210332080721855,0.8144916999878831,0.49964566228308716,0.001745334782743091,0.2506954985329151,0,0.2506954985329151,0.5574125973956512,False,False,False
07,507,536,190,0.02308865822851658,0.5526475221131735,0.5322725453217213,0.0,0.26613627266086065,0,0.26613627266086065,0.5574125973956512,False,False,False
07,508,536,190,0.022253410890698433,0.5611292863201284,0.5046155045859462,0.0,0.2523077522929731,0,0.2523077522929731,0.5574125973956512,False,False,False
07,509,536,190,0.021377094089984894,0.6665454986065689,0.47559855552497793,0.0,0.23779927776248896,0,0.23779927776248896,0.5574125973956512,False,False,False
07,510,536,191,0.020717469975352287,0.5356839936992609,0.4537568205290316,0.0,0.2268784102645158,0,0.2268784102645158,0.5574125973956512,False,False,False
07,511,536,191,0.02187112160027027,0.4863282038854574,0.49195699015614713,0.0,0.24597849507807357,0,0.24597849507807357,0.5574125973956512,False,False,False
07,512,536,191,0.02216745726764202,0.5662183448442997,0.5017693741684958,0.0,0.2508846870842479,0,0.2508846870842479,0.5574125973956512,False,False,False
07,513,536,193,0.021777955815196037,1.2739609838846477,0.48887204777284127,0.04697296231915644,0.26792250504599885,0,0.26792250504599885,0.5574125973956512,False,False,False
07,514,536,193,0.021858328953385353,0.9729391332444772,0.49153339496464515,0.017342028069078384,0.2544377115168618,0,0.2544377115168618,0.5574125973956512,False,False,False
07,515,536,193,0.020624445751309395,0.7042287652974667,0.4506765655706754,0.0,0.2253382827853377,0,0.2253382827853377,0.5574125973956512,False,False,False
07,516,536,193,0.021464336663484573,0.49327517266448373,0.4784873661801276,0.0,0.2392436830900638,0,0.2392436830900638,0.5574125973956512,False,False,False
07,517,536,194,0.021775133907794952,0.9287127913082104,0.4887786076570688,0.012988630376359148,0.25088361901671397,0,0.25088361901671397,0.5574125973956512,False,False,False
07,518,536,195,0.021952485665678978,1.4644371743608382,0.4946511493225985,0.0657223901902645,0.28018676975643153,0,0.28018676975643153,0.5574125973956512,False,False,False
07,519,536,195,0.021913528442382812,1.119188981784401,0.49336118231178555,0.03173805824746723,0.26254962027962636,0,0.26254962027962636,0.5574125973956512,False,False,False
07,520,536,195,0.02246188372373581,0.8402601074356769,0.5115185396206684,0.004281834990920699,0.25790018730579456,0,0.25790018730579456,0.5574125973956512,False,False,False
07,521,536,195,0.022129513323307037,0.6565693283250509,0.5005129592520593,0.0,0.25025647962602965,0,0.25025647962602965,0.5574125973956512,False,False,False
07,522,536,196,0.021951770409941673,0.9338018498323845,0.49462746549127395,0.013489569288946108,0.25405851739011004,0,0.25405851739011004,0.5574125973956512,False,False,False
07,523,536,196,0.022219082340598106,0.6446544690819497,0.5034788040356577,0.0,0.25173940201782885,0,0.25173940201782885,0.5574125973956512,False,False,False
07,524,536,196,0.021761054173111916,0.4813603134213798,0.48831239390451153,0.0,0.24415619695225577,0,0.24415619695225577,0.5574125973956512,False,False,False
07,525,536,196,0.021632222458720207,0.5272022294923033,0.484046467140472,0.0,0.242023233570236,0,0.242023233570236,0.5574125973956512,False,False,False
07,526,536,196,0.022821491584181786,0.6972010178117041,0.5234260175555753,0.0,0.26171300877778764,0,0.26171300877778764,0.5574125973956512,False,False,False
07,527,536,196,0.02223566174507141,0.9641342542105904,0.5040277878445626,0.016475324236189998,0.2602515560403763,0,0.2602515560403763,0.5574125973956512,False,False,False
07,528,536,196,0.022507229819893837,1.249848539924876,0.513020057520656,0.04459946604285209,0.2788097617817541,0,0.2788097617817541,0.5574125973956512,False,False,False
07,529,536,196,0.022510064765810966,1.5355628256391618,0.513113929372937,0.0727236078495142,0.29291876861122557,0,0.29291876861122557,0.5574125973956512,False,False,False
07,530,536,196,0.022714683786034584,1.8212771113534476,0.5198893554310696,0.10084774965617632,0.31036855254362294,0,0.31036855254362294,0.5574125973956512,False,False,False
07,531,536,196,0.023354604840278625,2.0593723494486857,0.5410786748859986,0.12428453449506141,0.33268160469053,0,0.33268160469053,0.5574125973956512,False,False,False
07,532,536,196,0.022599542513489723,2.297467587543924,0.5160767520009758,0.1477213193339465,0.33189903566746115,0,0.33189903566746115,0.5574125973956512,False,False,False
07,533,536,196,0.022551273927092552,2.535562825639162,0.5144784634464358,0.1711581041728316,0.3428182838096337,0,0.3428182838096337,0.5574125973956512,False,False,False
07,534,536,196,0.02665065787732601,2.678419968496305,0.6502188887908077,0.18522017507616265,0.41771953193348516,0,0.41771953193348516,0.5574125973956512,False,False,False
07,535,536,196,0.027436651289463043,2.8212771113534476,0.6762450140273274,0.19928224597949368,0.43776363000341056,0,0.43776363000341056,0.5574125973956512,False,False,False
08,35,784,12,0.017822949215769768,0.9406276505513137,0.35791230246395256,0.014161463544717244,0.1860368830043349,0,0.1860368830043349,0.5574125973956512,False,False,False
08,36,784,13,0.01797104999423027,1.5596752695989327,0.36281627411094025,0.07509710412581846,0.21895668911837934,0,0.21895668911837934,0.5574125973956512,False,False,False
08,37,784,13,0.018819518387317657,1.2110343713397147,0.39091109566635435,0.04077881290796341,0.21584495428715889,0,0.21584495428715889,0.5574125973956512,False,False,False
08,38,784,13,0.018792586401104927,0.8964013086150483,0.3900193130696848,0.009808065851998152,0.19991368946084148,0,0.19991368946084148,0.5574125973956512,False,False,False
08,39,784,13,0.018942691385746002,0.6531766226422707,0.39498964878569637,0.0,0.19749482439284818,0,0.19749482439284818,0.5574125973956512,False,False,False
08,40,784,13,0.019332682713866234,0.5136717961145433,0.40790319613874243,0.0,0.20395159806937121,0,0.20395159806937121,0.5574125973956512,False,False,False
08,41,784,15,0.02111785113811493,1.5596752695989333,0.46701440020272383,0.07509710412581853,0.2710557521642712,0,0.2710557521642712,0.5574125973956512,False,False,False
08,42,784,16,0.022229885682463646,2.083484793408457,0.5038365285712884,0.12665803077136573,0.31524727967132704,0,0.31524727967132704,0.5574125973956512,False,False,False
08,43,784,16,0.02055714838206768,1.6396057999111437,0.4484481884202728,0.08296502561795661,0.2657066070191147,0,0.2657066070191147,0.5574125973956512,False,False,False
08,44,784,16,0.0207462590187788,1.27735368956743,0.4547100947398432,0.04730692159421437,0.2510085081670288,0,0.2510085081670288,0.5574125973956512,False,False,False
08,45,784,16,0.02143927663564682,0.9831172502928225,0.47765756861075265,0.01834390589425202,0.24800073725250232,0,0.24800073725250232,0.5574125973956512,False,False,False
08,46,784,16,0.021776903420686722,0.7535037764045394,0.48883720046893936,0.0,0.24441860023446968,0,0.24441860023446968,0.5574125973956512,False,False,False
08,47,784,16,0.02063661627471447,0.6429177268871924,0.45107956076305655,0.0,0.22553978038152828,0,0.22553978038152828,0.5574125973956512,False,False,False
08,48,784,16,0.019504085183143616,0.641140595339067,0.41357874260309896,0.0,0.20678937130154948,0,0.20678937130154948,0.5574125973956512,False,False,False
08,49,784,17,0.01963965781033039,0.624217456278524,0.41806787714204324,0.0,0.20903393857102162,0,0.20903393857102162,0.5574125973956512,False,False,False
08,50,784,18,0.01894633285701275,0.8623530837271283,0.3951102266248615,0.006456545984452704,0.2007833863046571,0,0.2007833863046571,0.5574125973956512,False,False,False
08,51,784,20,0.019621016457676888,2.273960983884647,0.41745061728814814,0.14540745864247373,0.28142903796531094,0,0.28142903796531094,0.5574125973956512,False,False,False
08,52,784,20,0.02113209292292595,1.8300819903873335,0.4674859798233155,0.10171445348906462,0.28460021665619006,0,0.28460021665619006,0.5574125973956512,False,False,False
08,53,784,20,0.0200840774923563,1.4185144795831817,0.43278367771158294,0.06120201286001645,0.24699284528579968,0,0.24699284528579968,0.5574125973956512,False,False,False
08,54,784,20,0.0210171677172184,1.0936629104568032,0.4636805308839343,0.02922541227322207,0.24645297157857818,0,0.24645297157857818,0.5574125973956512,False,False,False
08,55,784,20,0.019138822332024574,0.833434306716749,0.40148401437678266,0.0036099407351496923,0.20254697755596618,0,0.20254697755596618,0.5574125973956512,False,False,False
08,56,784,20,0.019085396081209183,0.6973221858718052,0.39971494319480094,0.0,0.19985747159740047,0,0.19985747159740047,0.5574125973956512,False,False,False
08,57,784,20,0.020540257915854454,0.726200573528819,0.44788890461180747,0.0,0.22394445230590374,0,0.22394445230590374,0.5574125973956512,False,False,False
08,58,784,20,0.02018236741423607,0.8247909850963295,0.436038292542737,0.002759139724883262,0.21939871613381015,0,0.21939871613381015,0.5574125973956512,False,False,False
08,59,784,21,0.019942674785852432,0.6683630195080571,0.4281014952766863,0.0,0.21405074763834314,0,0.21405074763834314,0.5574125973956512,False,False,False
08,60,784,21,0.02040771022439003,0.6853265479219682,0.4434999329428398,0.0,0.2217499664714199,0,0.2217499664714199,0.5574125973956512,False,False,False
08,61,784,21,0.018975431099534035,0.8060099357809295,0.39607373915858946,0.0009104365950984751,0.19849208787684397,0,0.19849208787684397,0.5574125973956512,False,False,False
08,62,784,21,0.01994212716817856,1.0355830203158458,0.42808336234332844,0.023508347540683323,0.22579585494200588,0,0.22579585494200588,0.5574125973956512,False,False,False
08,63,784,21,0.01985129527747631,1.249848539924876,0.42507570079504764,0.04459946604285209,0.23483758341894986,0,0.23483758341894986,0.5574125973956512,False,False,False
08,64,784,23,0.02026204951107502,0.7653782462942764,0.43867675769958936,0.0,0.21933837884979468,0,0.21933837884979468,0.5574125973956512,False,False,False
08,65,784,23,0.019916526973247528,0.6428773375338256,0.4272356785471719,0.0,0.21361783927358596,0,0.21361783927358596,0.5574125973956512,False,False,False
08,66,784,23,0.020019734278321266,0.6411405953390683,0.43065311971868203,0.0,0.21532655985934102,0,0.21532655985934102,0.5574125973956512,False,False,False
08,67,784,23,0.019207097589969635,0.7465164182721421,0.40374477176532425,0.0,0.20187238588266213,0,0.20187238588266213,0.5574125973956512,False,False,False
08,68,784,23,0.019199995324015617,0.9658709964053462,0.40350959872146913,0.01664627957937424,0.2100779391504217,0,0.2100779391504217,0.5574125973956512,False,False,False
08,69,784,25,0.019443074241280556,0.882709317823821,0.4115585241264469,0.008460301634800193,0.21000941288062355,0,0.21000941288062355,0.5574125973956512,False,False,False
08,70,784,25,0.01954765059053898,0.6751888202269883,0.4150212976313516,0.0,0.2075106488156758,0,0.2075106488156758,0.5574125973956512,False,False,False
08,71,784,25,0.01989089697599411,0.6190072296942536,0.42638700792471024,0.0,0.21319350396235512,0,0.21319350396235512,0.5574125973956512,False,False,False
08,72,784,25,0.020663488656282425,0.5849590048063336,0.45196936970711576,0.0,0.22598468485355788,0,0.22598468485355788,0.5574125973956512,False,False,False
08,73,784,25,0.019786546006798744,0.6478452279978991,0.4229316972937386,0.0,0.2114658486468693,0,0.2114658486468693,0.5574125973956512,False,False,False
08,74,784,25,0.0197879821062088,0.7991841350619983,0.4229792499863198,0.00023854233932714083,0.21160889616282347,0,0.21160889616282347,0.5574125973956512,False,False,False
08,75,784,25,0.019159991294145584,1.011753301829638,0.40218496943668647,0.02116268120396702,0.21167382532032675,0,0.21167382532032675,0.5574125973956512,False,False,False
08,76,784,25,0.019843069836497307,1.249848539924876,0.42480333673481574,0.04459946604285209,0.2347014013888339,0,0.2347014013888339,0.5574125973956512,False,False,False
08,77,784,27,0.020467890426516533,0.5799911143422586,0.4454926436362347,0.0,0.22274632181811735,0,0.22274632181811735,0.5574125973956512,False,False,False
08,78,784,27,0.020349036902189255,0.49319439395775144,0.4415571186545009,0.0,0.22077855932725046,0,0.22077855932725046,0.5574125973956512,False,False,False
08,79,784,27,0.020638367161154747,0.5356436043458941,0.45113753680848634,0.0,0.22556876840424317,0,0.22556876840424317,0.5574125973956512,False,False,False
08,80,784,27,0.02030625380575657,0.6478452279978991,0.4401404678167595,0.0,0.22007023390837974,0,0.22007023390837974,0.5574125973956512,False,False,False
08,81,784,29,0.01984574645757675,1.0902702047740216,0.42489196607235047,0.028891452998164206,0.22689170953525734,0,0.22689170953525734,0.5574125973956512,False,False,False
08,82,784,29,0.019880251958966255,0.7909043176218747,0.4260345259038259,0.0,0.21301726295191295,0,0.21301726295191295,0.5574125973956512,False,False,False
08,83,784,29,0.017957624047994614,0.5918655842319958,0.36237170886045306,0.0,0.18118585443022653,0,0.18118585443022653,0.5574125973956512,False,False,False
08,84,784,29,0.020085474476218224,0.5220727816147652,0.43282993519463864,0.0,0.21641496759731932,0,0.21641496759731932,0.5574125973956512,False,False,False
08,85,784,29,0.019338874146342278,0.5696514398804473,0.4081082093036452,0.0,0.2040541046518226,0,0.2040541046518226,0.5574125973956512,False,False,False
08,86,784,29,0.019792048260569572,0.7141645462256152,0.4231138901003339,0.0,0.21155694505016695,0,0.21155694505016695,0.5574125973956512,False,False,False
08,87,784,29,0.02021031640470028,0.942041277919141,0.43696375058707115,0.014300613242658187,0.22563218191486467,0,0.22563218191486467,0.5574125973956512,False,False,False
08,88,784,32,0.019658874720335007,1.6549133648370287,0.4187041950789573,0.08447181806137258,0.25158800657016495,0,0.25158800657016495,0.5574125973956512,False,False,False
08,89,784,32,0.020099131390452385,1.2586534189587628,0.43328214834899104,0.045466169875740474,0.23937415911236576,0,0.23937415911236576,0.5574125973956512,False,False,False
08,90,784,32,0.019226092845201492,0.9950321095359265,0.40437375018159344,0.019516739062610183,0.21194524462210182,0,0.21194524462210182,0.5574125973956512,False,False,False
08,91,784,32,0.019808335229754448,0.7960337654994143,0.4236531906761191,0.0,0.21182659533805956,0,0.21182659533805956,0.5574125973956512,False,False,False
08,92,784,32,0.020390430465340614,0.6701401510561812,0.44292775871576295,0.0,0.22146387935788148,0,0.22146387935788148,0.5574125973956512,False,False,False
08,93,784,32,0.020760580897331238,0.6411809846924366,0.4551843264561301,0.0,0.22759216322806505,0,0.22759216322806505,0.5574125973956512,False,False,False
08,94,784,32,0.021149514243006706,0.7091562664081762,0.468062841475342,0.0,0.234031420737671,0,0.234031420737671,0.5574125973956512,False,False,False
08,95,784,32,0.020820703357458115,0.8740659962034001,0.45717512517355874,0.007609500624533621,0.2323923128990462,0,0.2323923128990462,0.5574125973956512,False,False,False
08,96,784,32,0.01948414370417595,1.1274284098711576,0.41291843245164,0.032549102201179306,0.22273376732640965,0,0.22273376732640965,0.5574125973956512,False,False,False
08,97,784,33,0.020199451595544815,0.6869825114099919,0.43660399072218603,0.0,0.21830199536109302,0,0.21830199536109302,0.5574125973956512,False,False,False
08,98,784,33,0.019016126170754433,0.8297992649137692,0.39742125047832366,0.003252127226159172,0.20033668885224143,0,0.20033668885224143,0.5574125973956512,False,False,False
08,99,784,33,0.01934169791638851,1.0593723494486855,0.4082017110960618,0.02585003817174402,0.2170258746339029,0,0.2170258746339029,0.5574125973956512,False,False,False
08,100,784,33,0.019121624529361725,1.3450866351629713,0.40091455392204506,0.05397417997840614,0.2274443669502256,0,0.2274443669502256,0.5574125973956512,False,False,False
08,101,784,33,0.01952514611184597,1.6308009208772571,0.4142761204176465,0.08209832178506825,0.24818722110135738,0,0.24818722110135738,0.5574125973956512,False,False,False
08,102,784,35,0.020048607140779495,0.72616018417545,0.431609169378477,0.0,0.2158045846892385,0,0.2158045846892385,0.5574125973956512,False,False,False
08,103,784,36,0.019890114665031433,0.971162001696351,0.42636110373419905,0.017167097020238303,0.22176410037721866,0,0.22176410037721866,0.5574125973956512,False,False,False
08,104,784,36,0.018675701692700386,0.8061714931943934,0.38614898030073747,0.0009263394177200929,0.19353765985922877,0,0.19353765985922877,0.5574125973956512,False,False,False
08,105,784,36,0.01877257414162159,0.7075003029201492,0.389356659205751,0.0,0.1946783296028755,0,0.1946783296028755,0.5574125973956512,False,False,False
08,106,784,36,0.01808384619653225,0.7091562664081741,0.3665512266461446,0.0,0.1832756133230723,0,0.1832756133230723,0.5574125973956512,False,False,False
08,107,784,38,0.017843153327703476,1.374247748293548,0.35858130902222596,0.05684463946164173,0.20771297424193386,0,0.20771297424193386,0.5574125973956512,False,False,False
08,108,784,38,0.01868572272360325,1.0527888848499534,0.38648080064585694,0.025201998149905428,0.20584139939788118,0,0.20584139939788118,0.5574125973956512,False,False,False
08,109,784,38,0.01991821452975273,0.835090270204774,0.42729155758670323,0.003772944667023236,0.21553225112686322,0,0.21553225112686322,0.5574125973956512,False,False,False
08,110,784,38,0.01998916082084179,0.6820146209459177,0.42964075928284734,0.0,0.21482037964142367,0,0.21482037964142367,0.5574125973956512,False,False,False
08,111,784,38,0.017952676862478256,0.5986509955975609,0.3622078956937918,0.0,0.1811039478468959,0,0.1811039478468959,0.5574125973956512,False,False,False
08,112,784,38,0.01846430078148842,0.615614524011472,0.3791489895815305,0.0,0.18957449479076524,0,0.18957449479076524,0.5574125973956512,False,False,False
08,113,784,40,0.01824546977877617,1.3725917848055245,0.3719029707291113,0.05668163552976833,0.21429230312943984,0,0.21429230312943984,0.5574125973956512,False,False,False
08,114,784,40,0.018968073651194572,1.05965507492225,0.39583011641449617,0.02587786811133211,0.21085399226291412,0,0.21085399226291412,0.5574125973956512,False,False,False
08,115,784,40,0.017545342445373535,0.8181267417908642,0.3487200771077704,0.002103148291733742,0.17541161269975208,0,0.17541161269975208,0.5574125973956512,False,False,False
08,116,784,41,0.018288327381014824,1.1855083000121163,0.37332208863261573,0.03826616693371818,0.20579412778316697,0,0.20579412778316697,0.5574125973956512,False,False,False
08,117,784,41,0.018556253984570503,0.8606567308857391,0.38219378046954394,0.0062895663469239365,0.19424167340823395,0,0.19424167340823395,0.5574125973956512,False,False,False
08,118,784,41,0.01983805000782013,0.6888404216648503,0.42463711817903566,0.0,0.21231855908951783,1,0.21231855908951783,0.5574125973956512,False,False,False
08,119,784,41,0.01954304799437523,0.6445736903752194,0.41486889464384413,0.0,0.20743444732192207,1,0.20743444732192207,0.5574125973956512,False,False,False
08,120,784,41,0.018126575276255608,0.7074195242134182,0.36796608886120785,0.0,0.18398304443060393,1,0.18398304443060393,0.5574125973956512,False,False,False
08,121,784,41,0.01828130893409252,0.8893331717759201,0.3730896910377439,0.009112317362294281,0.1911010042000191,1,0.1911010042000191,0.5574125973956512,False,False,False
08,122,784,41,0.01792089082300663,1.1546104446867815,0.36115538376266476,0.035224752107298134,0.19819006793498145,1,0.19819006793498145,0.5574125973956512,False,False,False
08,123,784,42,0.018802836537361145,0.6291449573892327,0.3903587196420254,0.0,0.1951793598210127,1,0.1951793598210127,0.5574125973956512,False,False,False
08,124,784,42,0.018528873100876808,0.8042731935861716,0.38128713380165247,0.000739481251914024,0.19101330752678325,1,0.19101330752678325,0.5574125973956512,False,False,False
08,125,784,42,0.01853586733341217,1.0593723494486862,0.3815187296001513,0.025850038171744086,0.2036843838859477,1,0.2036843838859477,0.5574125973956512,False,False,False
08,126,784,42,0.01836293376982212,1.345086635162972,0.37579248493436573,0.0539741799784062,0.21488333245638597,1,0.21488333245638597,0.5574125973956512,False,False,False
08,127,784,42,0.018831390887498856,1.6308009208772578,0.39130422259568365,0.08209832178506832,0.23670127219037598,1,0.23670127219037598,0.5574125973956512,False,False,False
08,128,784,42,0.018745075911283493,1.8212771113534483,0.3884461269092829,0.10084774965617639,0.24464693828272963,1,0.24464693828272963,0.5574125973956512,False,False,False
08,129,784,42,0.0192092377692461,2.0117533018296387,0.40381563822936556,0.11959717752728445,0.261706407878325,1,0.261706407878325,0.5574125973956512,False,False,False
08,130,784,42,0.018813971430063248,2.202229492305829,0.39072742262030125,0.1383466053983925,0.26453701400934687,1,0.26453701400934687,0.5574125973956512,False,False,False
08,131,784,45,0.019159581512212753,0.9047619047619028,0.4021714005749901,0.01063103692267644,0.20640121874883327,1,0.20640121874883327,0.5574125973956512,False,False,False
08,132,784,45,0.019541708752512932,0.8417949028636048,0.4148245491367547,0.004432911805828111,0.2096287304712914,1,0.2096287304712914,0.5574125973956512,False,False,False
08,133,784,45,0.018353627994656563,0.8757623490447926,0.37548434842057077,0.007776480262062717,0.19163041434131675,1,0.19163041434131675,0.5574125973956512,False,False,False
08,134,784,45,0.01962043158710003,0.8995516781776323,0.4174312508219088,0.010118170893123415,0.2137747108575161,1,0.2137747108575161,0.5574125973956512,False,False,False
08,135,784,45,0.019282730296254158,0.9811785613312332,0.4062491518979592,0.018153072022790397,0.21220111196037478,1,0.21220111196037478,0.5574125973956512,False,False,False
08,136,784,45,0.019000176340341568,1.0951169271779968,0.39689311337511585,0.029368537676818445,0.21313082552596715,1,0.21313082552596715,0.5574125973956512,False,False,False
08,137,784,45,0.019696151837706566,1.1937477280988742,0.4199385297568152,0.039077210887430394,0.2295078703221228,1,0.2295078703221228,0.5574125973956512,False,False,False
08,138,784,45,0.019433071836829185,1.3246900117129132,0.41122732054776817,0.0519664486224033,0.23159688458508573,1,0.23159688458508573,0.5574125973956512,False,False,False
08,139,784,45,0.019193625077605247,1.4879437780201148,0.4032986645987352,0.06803625088173725,0.23566745774023623,1,0.23566745774023623,0.5574125973956512,False,False,False
08,140,784,45,0.019069407135248184,1.6784199684963053,0.39918551088206755,0.08678567875284532,0.24298559481745644,1,0.24298559481745644,0.5574125973956512,False,False,False
08,141,784,45,0.018455134704709053,1.8688961589724957,0.3788454788160411,0.10553510662395339,0.24219029271999723,1,0.24219029271999723,0.5574125973956512,False,False,False
08,142,784,45,0.017874455079436302,2.059372349448686,0.3596177850258937,0.12428453449506145,0.24195115976047757,1,0.24195115976047757,0.5574125973956512,False,False,False
08,143,784,45,0.019150251522660255,2.249848539924877,0.40186246226482225,0.14303396236616955,0.2724482123154959,1,0.2724482123154959,0.5574125973956512,False,False,False
08,144,784,45,0.018960218876600266,2.3927056827820197,0.39557002600643504,0.15709603326950058,0.2763330296379678,1,0.2763330296379678,0.5574125973956512,False,False,False
08,145,784,45,0.01877029985189438,2.5355628256391625,0.38928135202333636,0.17115810417283164,0.280219728098084,1,0.280219728098084,0.5574125973956512,False,False,False
08,146,784,45,0.019237922504544258,2.6784199684963053,0.404765458548109,0.1852201750761627,0.29499281681213585,1,0.29499281681213585,0.5574125973956512,False,False,False
08,147,784,45,0.018991058692336082,2.821277111353448,0.39659120620237237,0.19928224597949376,0.2979367260909331,1,0.2979367260909331,0.5574125973956512,False,False,False
08,148,784,45,0.01802690513432026,2.964134254210591,0.36466577163679476,0.21334431688282476,0.2890050442598098,1,0.2890050442598098,0.5574125973956512,False,False,False
08,149,784,45,0.018666855990886688,3.106991397067734,0.38585607791802884,0.22740638778615585,0.3066312328520924,1,0.3066312328520924,0.5574125973956512,False,False,False
08,150,784,45,0.019030259922146797,3.249848539924877,0.3978892528535591,0.24146845868948694,0.319678855771523,1,0.319678855771523,0.5574125973956512,False,False,False
08,151,784,45,0.019352512434124947,3.3927056827820197,0.40855980569155687,0.25553052959281797,0.3320451676421874,1,0.3320451676421874,0.5574125973956512,False,False,False
08,152,784,45,0.020135609433054924,3.3927056827820197,0.4344900237465411,0.25553052959281797,0.34501027666967954,1,0.34501027666967954,0.5574125973956512,False,False,False
08,153,784,45,0.018994294106960297,3.3927056827820197,0.39669833853312936,0.25553052959281797,0.3261144340629737,1,0.3261144340629737,0.5574125973956512,False,False,False
08,154,784,45,0.01908276416361332,3.3927056827820197,0.399627794096724,0.25553052959281797,0.327579161844771,1,0.327579161844771,0.5574125973956512,False,False,False
08,155,784,45,0.019148146733641624,3.3927056827820197,0.4017927676570183,0.25553052959281797,0.32866164862491815,1,0.32866164862491815,0.5574125973956512,False,False,False
08,156,784,45,0.018180837854743004,3.3927056827820197,0.3697628528563789,0.25553052959281797,0.3126466912245984,1,0.3126466912245984,0.5574125973956512,False,False,False
08,157,784,42,0.018329832702875137,6.249848539924877,0.3746964292925222,0.536771947659439,0.45573418847598063,1,0.45573418847598063,0.5574125973956512,False,False,False
08,158,784,42,0.018794948235154152,6.106991397067735,0.3900975190543709,0.522709876756108,0.4564036979052395,1,0.4564036979052395,0.5574125973956512,False,False,False
08,159,784,45,0.01873113214969635,3.5814855204168183,0.38798441555174307,0.27411297782639704,0.33104869668907005,1,0.33104869668907005,0.5574125973956512,False,False,False
08,160,784,42,0.018776442855596542,5.964134254210591,0.3894847615954933,0.5086478058527769,0.4490662837241351,1,0.4490662837241351,0.5574125973956512,False,False,False
08,161,784,42,0.01865900680422783,5.8212771113534485,0.3855961725399,0.49458573494944585,0.4400909537446729,1,0.4400909537446729,0.5574125973956512,False,False,False
08,162,784,42,0.018619239330291748,5.678419968496305,0.3842793761889147,0.4805236640461148,0.43240152011751476,1,0.43240152011751476,0.5574125973956512,False,False,False
08,163,784,42,0.01929049752652645,5.535562825639163,0.4065063435037488,0.4664615931427838,0.4364839683232663,1,0.4364839683232663,0.5574125973956512,False,False,False
08,164,784,42,0.01905502751469612,5.39270568278202,0.39870936718981437,0.4523995222394527,0.42555444471463355,1,0.42555444471463355,0.5574125973956512,False,False,False
08,165,784,42,0.01928682066500187,5.249848539924876,0.40638459380834624,0.4383374513361216,0.42236102257223396,1,0.42236102257223396,0.5574125973956512,False,False,False
08,166,784,42,0.018534092232584953,5.106991397067734,0.3814599517583485,0.4242753804327906,0.40286766609556957,0,0.40286766609556957,0.5574125973956512,False,False,False
08,167,784,42,0.018029114231467247,4.964134254210591,0.3647389201366668,0.4102133095294595,0.38747611483306316,0,0.38747611483306316,0.5574125973956512,False,False,False
08,168,784,42,0.017998406663537025,4.8212771113534485,0.3637221189824587,0.3961512386261285,0.3799366788042936,0,0.3799366788042936,0.5574125973956512,False,False,False
08,169,784,42,0.017882565036416054,4.678419968496305,0.359886325134193,0.3820891677227974,0.3709877464284952,0,0.3709877464284952,0.5574125973956512,False,False,False
08,170,784,45,0.01837676204741001,2.800920877256755,0.37625037233997294,0.19727849032914618,0.28676443133455953,0,0.28676443133455953,0.5574125973956512,False,False,False
08,171,784,45,0.01970645599067211,2.547518074235632,0.42027972495183397,0.17233491304684517,0.2963073189993396,0,0.2963073189993396,0.5574125973956512,False,False,False
08,172,784,45,0.018813418224453926,2.3264267539076706,0.3907091046570112,0.15057190028890508,0.2706405024729581,0,0.2706405024729581,0.5574125973956512,False,False,False
08,173,784,45,0.01849817857146263,2.13764691627287,0.3802707643839529,0.13198945205532586,0.2561301082196394,0,0.2561301082196394,0.5574125973956512,False,False,False
08,174,784,45,0.019614726305007935,1.9811785613312332,0.4172423352611094,0.11658756834610777,0.2669149518036086,0,0.2669149518036086,0.5574125973956512,False,False,False
08,175,784,45,0.019552409648895264,1.8570216890827587,0.4151788814569613,0.10436624916125072,0.25977256530910603,0,0.25977256530910603,0.5574125973956512,False,False,False
08,176,784,45,0.01997377537190914,1.7651762995274456,0.429131310202794,0.0953254945007546,0.2622284023517743,0,0.2622284023517743,0.5574125973956512,False,False,False
08,177,784,45,0.018650706857442856,1.7056423926652942,0.3853213414139051,0.08946530436461944,0.2373933228892623,0,0.2373933228892623,0.5574125973956512,False,False,False
08,178,784,45,0.019808946177363396,1.8212771113534483,0.4236734206153755,0.10084774965617639,0.26226058513577594,0,0.26226058513577594,0.5574125973956512,False,False,False
08,179,784,45,0.02044731378555298,1.964134254210591,0.44481130174914646,0.11490982055950744,0.27986056115432695,0,0.27986056115432695,0.5574125973956512,False,False,False
08,180,784,45,0.01979784294962883,1.964134254210591,0.4233057661400489,0.11490982055950744,0.2691077933497782,0,0.2691077933497782,0.5574125973956512,False,False,False
08,181,784,45,0.01995478942990303,2.106991397067734,0.4285026401697452,0.1289718914628385,0.2787372658162919,0,0.2787372658162919,0.5574125973956512,False,False,False
08,182,784,45,0.019755560904741287,2.249848539924877,0.4219057063195634,0.14303396236616955,0.2824698343428665,0,0.2824698343428665,0.5574125973956512,False,False,False
08,183,784,45,0.019160671159625053,2.3927056827820197,0.4022074814117736,0.15709603326950058,0.2796517573406371,0,0.2796517573406371,0.5574125973956512,False,False,False
08,184,784,45,0.018634101375937462,2.5355628256391625,0.38477149413198314,0.17115810417283164,0.2779647991524074,0,0.2779647991524074,0.5574125973956512,False,False,False
08,185,784,45,0.020516760647296906,2.6784199684963053,0.4471108537468108,0.1852201750761627,0.31616551441148677,0,0.31616551441148677,0.5574125973956512,False,False,False
08,186,784,49,0.019611425697803497,1.3452885819298022,0.41713304424780984,0.05399405850668325,0.23556355137724655,0,0.23556355137724655,0.5574125973956512,False,False,False
08,187,784,49,0.020746789872646332,1.212609556121006,0.45472767258340435,0.04093386542852597,0.24783076900596515,0,0.24783076900596515,0.5574125973956512,False,False,False
08,188,784,49,0.020598338916897774,1.1445534956985326,0.4498121057273307,0.034234801399090554,0.24202345356321064,0,0.24202345356321064,0.5574125973956512,False,False,False
08,189,784,49,0.020253444090485573,1.1411204006623836,0.43839181160396634,0.03389686641837714,0.23614433901117174,0,0.23614433901117174,0.5574125973956512,False,False,False
08,190,784,49,0.020108480006456375,1.2023102710125602,0.43359170342559966,0.03992006048638586,0.23675588195599276,0,0.23675588195599276,0.5574125973956512,False,False,False
08,191,784,49,0.02013237774372101,1.1733914940021808,0.4343830147690723,0.037073455237082845,0.23572823500307757,0,0.23572823500307757,0.5574125973956512,False,False,False
08,192,784,50,0.020138919353485107,0.9625590694292984,0.43459962314306105,0.01632027171562736,0.22545994742934422,0,0.22545994742934422,0.5574125973956512,False,False,False
08,193,784,50,0.02168848179280758,0.887717597641262,0.48590934849809064,0.008953289136076235,0.24743131881708344,0,0.24743131881708344,0.5574125973956512,False,False,False
08,194,784,50,0.020933127030730247,0.8774990912395498,0.46089774237994824,0.007947435605247102,0.23442258899259766,0,0.23442258899259766,0.5574125973956512,False,False,False
08,195,784,50,0.021615473553538322,0.9302071973827715,0.4834918707569563,0.013135731485611073,0.2483138011212837,0,0.2483138011212837,0.5574125973956512,False,False,False
08,196,784,50,0.021391771733760834,1.0152267862191546,0.476084567480283,0.02150459189033599,0.2487945796853095,0,0.2487945796853095,0.5574125973956512,False,False,False
08,197,784,50,0.02182057686150074,1.132557857748699,0.49028333274254826,0.03305401681942181,0.26166867478098504,0,0.26166867478098504,0.5574125973956512,False,False,False
08,198,784,50,0.0218003261834383,1.2822004119714063,0.489612784268173,0.04778400627286872,0.26869839527052086,0,0.26869839527052086,0.5574125973956512,False,False,False
08,199,784,50,0.02140258625149727,1.464154448887275,0.47644266207577807,0.06569456025067655,0.27106861116322734,0,0.27106861116322734,0.5574125973956512,False,False,False
08,200,784,52,0.021957188844680786,0.8486610929359015,0.49480688284888596,0.005108781767254801,0.2499578323080704,0,0.2499578323080704,0.5574125973956512,False,False,False
08,201,784,53,0.022560175508260727,1.0714891554586203,0.5147732161284666,0.027042749868379297,0.27090798299842295,0,0.27090798299842295,0.5574125973956512,False,False,False
08,202,784,53,0.021383296698331833,0.8962801405549505,0.47580393874974514,0.009796138735031955,0.24280003874238854,0,0.24280003874238854,0.5574125973956512,False,False,False
08,203,784,53,0.0230218768119812,0.8197019265721556,0.5300612526017272,0.0022582008122963133,0.26615972670701177,0,0.26615972670701177,0.5574125973956512,False,False,False
08,204,784,54,0.022254450246691704,0.8911910820307751,0.5046499201533395,0.009295199822444864,0.2569725599878922,0,0.2569725599878922,0.5574125973956512,False,False,False
08,205,784,54,0.022188344970345497,0.7057635607253919,0.5024610160551445,0.0,0.25123050802757224,0,0.25123050802757224,0.5574125973956512,False,False,False
08,206,784,54,0.02158268913626671,0.6529746758754393,0.48240630014460545,0.0,0.24120315007230272,0,0.24120315007230272,0.5574125973956512,False,False,False
08,207,784,56,0.022557809948921204,1.4644371743608375,0.5146948867904922,0.06572239019026445,0.29020863849037837,0,0.29020863849037837,0.5574125973956512,False,False,False
08,208,784,56,0.021945087239146233,1.163415323720667,0.4944061696923356,0.03609145594018639,0.265248812816261,0,0.265248812816261,0.5574125973956512,False,False,False
08,209,784,56,0.020745281130075455,0.8947049557736578,0.4546777145017042,0.009641086214469253,0.23215940035808671,0,0.23215940035808671,0.5574125973956512,False,False,False
08,210,784,56,0.02183522656559944,0.6769659517751118,0.4907684195481922,0.0,0.2453842097740961,0,0.2453842097740961,0.5574125973956512,False,False,False
08,211,784,56,0.022166782990098,0.5884728785492142,0.501747047223341,0.0,0.2508735236116705,0,0.2508735236116705,0.5574125973956512,False,False,False
08,212,784,58,0.021683454513549805,1.7025324124560757,0.4857428832357342,0.08915917502914954,0.28745102913244186,0,0.28745102913244186,0.5574125973956512,False,False,False
08,213,784,58,0.022380521520972252,1.3572842198796398,0.5088244421308611,0.055174843086352385,0.2819996426086067,0,0.2819996426086067,0.5574125973956512,False,False,False
08,214,784,58,0.022161127999424934,1.0766589926895267,0.5015597969319315,0.0275516401922771,0.2645557185621043,0,0.2645557185621043,0.5574125973956512,False,False,False
08,215,784,58,0.02233275957405567,0.8606567308857378,0.5072429296235091,0.0062895663469238056,0.25676624798521647,0,0.25676624798521647,0.5574125973956512,False,False,False
08,216,784,58,0.02173513174057007,0.724544610040794,0.4874540400489302,0.0,0.2437270200244651,0,0.2437270200244651,0.5574125973956512,False,False,False
08,217,784,58,0.02240632474422455,0.7176784199684986,0.5096788486812217,0.0,0.25483942434061085,0,0.25483942434061085,0.5574125973956512,False,False,False
08,218,784,58,0.022400854155421257,0.846843572034412,0.5094977043775756,0.004929875012759574,0.25721378969516756,0,0.25721378969516756,0.5574125973956512,False,False,False
08,219,784,58,0.02210916206240654,1.0798093622521105,0.499839080238904,0.02786174523340235,0.2638504127361532,0,0.2638504127361532,0.5574125973956512,False,False,False
08,220,784,58,0.020970890298485756,1.345086635162972,0.46214817466190955,0.0539741799784062,0.2580611773201579,0,0.2580611773201579,0.5574125973956512,False,False,False
08,221,784,60,0.021484987810254097,0.5986913849509263,0.4791711751329788,0.0,0.2395855875664894,0,0.2395855875664894,0.5574125973956512,False,False,False
08,222,784,60,0.021528275683522224,0.5442061472595819,0.4806045403412644,0.0,0.2403022701706322,0,0.2403022701706322,0.5574125973956512,False,False,False
08,223,784,60,0.021204471588134766,0.6189668403408861,0.4698826108587527,0.0,0.23494130542937636,0,0.23494130542937636,0.5574125973956512,False,False,False
08,224,784,61,0.02187420055270195,0.5646431600630076,0.4920589416488019,0.0,0.24602947082440094,0,0.24602947082440094,0.5574125973956512,False,False,False
08,225,784,61,0.021689195185899734,0.537380346540652,0.4859329706527711,0.0,0.24296648532638554,0,0.24296648532638554,0.5574125973956512,False,False,False
08,226,784,61,0.02227521687746048,0.6393634637909449,0.5053375530581233,0.0,0.25266877652906167,0,0.25266877652906167,0.5574125973956512,False,False,False
08,227,784,62,0.021372269839048386,0.5322912880164766,0.4754388130168256,0.0,0.2377194065084128,0,0.2377194065084128,0.5574125973956512,False,False,False
08,228,784,62,0.021916182711720467,0.4846318510440636,0.4934490715295914,0.0,0.2467245357647957,0,0.2467245357647957,0.5574125973956512,False,False,False
08,229,784,62,0.02154054492712021,0.566218344844299,0.4810108043957815,0.0,0.24050540219789074,0,0.24050540219789074,0.5574125973956512,False,False,False
08,230,784,62,0.022113453596830368,0.7617835938446634,0.4999811832268511,0.0,0.24999059161342554,0,0.24999059161342554,0.5574125973956512,False,False,False
08,231,784,64,0.023504100739955902,0.9932953673411672,0.5460288423393979,0.0193457837194256,0.28268731302941175,0,0.28268731302941175,0.5574125973956512,False,False,False
08,232,784,64,0.02229500375688076,0.7194555515166199,0.5059927440481241,0.0,0.25299637202406206,0,0.25299637202406206,0.5574125973956512,False,False,False
08,233,784,64,0.023416578769683838,0.5136314067611791,0.543130780187637,0.0,0.2715653900938185,0,0.2715653900938185,0.5574125973956512,False,False,False
08,234,784,64,0.022256026044487953,0.43705319277838417,0.5047020985942264,0.0,0.2523510492971132,0,0.2523510492971132,0.5574125973956512,False,False,False
08,235,784,64,0.02410435490310192,0.4897209095682376,0.5659046959821216,0.0,0.2829523479910608,0,0.2829523479910608,0.5574125973956512,False,False,False
08,236,784,64,0.023596540093421936,0.6597600872410038,0.5490897308315147,0.0,0.27454486541575734,0,0.27454486541575734,0.5574125973956512,False,False,False
08,237,784,64,0.02365734800696373,0.8910295246173119,0.5511032265539627,0.009279296999823312,0.280191261776893,0,0.280191261776893,0.5574125973956512,False,False,False
08,238,784,66,0.02423059195280075,0.7892483541338505,0.5700847071809657,0.0,0.28504235359048286,0,0.28504235359048286,0.5574125973956512,False,False,False
08,239,784,66,0.023328587412834167,0.5340684195646022,0.5402171755215694,0.0,0.2701085877607847,0,0.2701085877607847,0.5574125973956512,False,False,False
08,240,784,66,0.025006933137774467,0.4404458984611664,0.5957912240478926,0.0,0.2978956120239463,0,0.2978956120239463,0.5574125973956512,False,False,False
08,241,784,66,0.023610476404428482,0.5083807908235392,0.5495511954824782,0.0,0.2747755977412391,0,0.2747755977412391,0.5574125973956512,False,False,False
08,242,784,66,0.024111995473504066,0.7073387455066845,0.5661576935761141,0.0,0.28307884678805706,0,0.28307884678805706,0.5574125973956512,False,False,False
08,243,784,66,0.02330271154642105,0.9641342542105897,0.5393603635820899,0.01647532423618993,0.2779178439091399,0,0.2779178439091399,0.5574125973956512,False,False,False
08,244,784,67,0.023406565189361572,0.501595379457976,0.5427992065490939,0.0,0.27139960327454693,0,0.27139960327454693,0.5574125973956512,False,False,False
08,245,784,69,0.023822514340281487,1.321580031503696,0.5565722796139586,0.05166031928693353,0.30411629945044605,0,0.30411629945044605,0.5574125973956512,False,False,False
08,246,784,69,0.024230092763900757,0.9814208974514314,0.5700681778403538,0.018176926256723056,0.29412255204853843,0,0.29412255204853843,0.5574125973956512,False,False,False
08,247,784,69,0.02522432617843151,0.710973787309665,0.6029896285310865,0.0,0.30149481426554325,0,0.30149481426554325,0.5574125973956512,False,False,False
08,248,784,69,0.024088403210043907,0.585080172866432,0.5653764972022697,0.0,0.28268824860113484,0,0.28268824860113484,0.5574125973956512,False,False,False
08,249,784,69,0.023472394794225693,0.5561210065026846,0.544978982503966,0.0,0.272489491251983,0,0.272489491251983,0.5574125973956512,False,False,False
08,250,784,69,0.02364179491996765,0.6274889939012065,0.5505882265759428,0.0,0.2752941132879714,0,0.2752941132879714,0.5574125973956512,False,False,False
08,251,784,69,0.02308993972837925,0.8247102063895946,0.5323149788528443,0.002751188313572158,0.2675330835832082,0,0.2675330835832082,0.5574125973956512,False,False,False
08,252,784,70,0.024588879197835922,0.5169837230905932,0.581948456375224,0.0,0.290974228187612,0,0.290974228187612,0.5574125973956512,False,False,False
08,253,784,70,0.02565246820449829,0.5356436043458934,0.6171664369080613,0.0,0.30858321845403064,0,0.30858321845403064,0.5574125973956512,False,False,False
08,254,784,70,0.02371852472424507,0.6784603578496708,0.5531289342519373,0.0,0.27656446712596866,0,0.27656446712596866,0.5574125973956512,False,False,False
08,255,784,70,0.02373596280813217,0.9165152065915421,0.5537063509937605,0.011787967268412908,0.2827471591310867,0,0.2827471591310867,0.5574125973956512,False,False,False
08,256,784,70,0.023289712145924568,1.2022294923058279,0.5389299222830958,0.039912109075075024,0.2894210156790854,0,0.2894210156790854,0.5574125973956512,False,False,False
08,257,784,72,0.024755707010626793,0.6837109737873102,0.5874725250017341,0.0,0.29373626250086704,0,0.29373626250086704,0.5574125973956512,False,False,False
08,258,784,72,0.023061370477080345,0.5475988529423649,0.5313689824860335,0.0,0.26568449124301674,0,0.26568449124301674,0.5574125973956512,False,False,False
08,259,784,72,0.021689871326088905,0.5373399571872859,0.48595535927457,0.0,0.242977679637285,0,0.242977679637285,0.5574125973956512,False,False,False
08,260,784,73,0.022924071177840233,0.6395250212044102,0.5268226736980324,0.0,0.2634113368490162,0,0.2634113368490162,0.5574125973956512,False,False,False
08,261,784,73,0.02219165489077568,0.5136314067611771,0.5025706154516644,0.0,0.2512853077258322,0,0.2512853077258322,0.5574125973956512,False,False,False
08,262,784,73,0.022975334897637367,0.5271618401389392,0.5285201382962439,0.0,0.26426006914812195,0,0.26426006914812195,0.5574125973956512,False,False,False
08,263,784,73,0.022511152550578117,0.690375217092774,0.5131499485330764,0.0,0.2565749742665382,0,0.2565749742665382,0.5574125973956512,False,False,False
08,264,784,73,0.02230714075267315,0.9437376307605315,0.5063946290609119,0.014467592880187086,0.2604311109705495,0,0.2604311109705495,0.5574125973956512,False,False,False
08,265,784,74,0.022687213495373726,0.5407326628700682,0.5189797482842626,0.0,0.2594898741421313,1,0.2594898741421313,0.5574125973956512,False,False,False
08,266,784,74,0.023968426510691643,0.6019225332202434,0.5614037812041591,0.0,0.28070189060207956,1,0.28070189060207956,0.5574125973956512,False,False,False
08,267,784,74,0.02302936092019081,0.7515650874429506,0.5303090693576175,0.0,0.26515453467880873,1,0.26515453467880873,0.5574125973956512,False,False,False
08,268,784,74,0.02214629389345646,0.9641342542105904,0.5010686041385242,0.016475324236189998,0.2587719641873571,1,0.2587719641873571,0.5574125973956512,False,False,False
08,269,784,74,0.023355131968855858,1.2022294923058285,0.5410961293762716,0.039912109075075086,0.2905041192256733,1,0.2905041192256733,0.5574125973956512,False,False,False
08,270,784,74,0.023464709520339966,1.4403247304010667,0.5447245046705156,0.06334889391396017,0.30403669929223787,1,0.30403669929223787,0.5574125973956512,False,False,False
08,271,784,74,0.022527363151311874,1.6784199684963046,0.5136867203664546,0.08678567875284525,0.3002361995596499,1,0.3002361995596499,0.5574125973956512,False,False,False
08,272,784,75,0.02339845709502697,1.0576759966072953,0.5425307281174386,0.025683058534215143,0.2841068933258269,1,0.2841068933258269,0.5574125973956512,False,False,False
08,273,784,75,0.0238511823117733,1.2328446221575995,0.5575215448429054,0.04292569396190712,0.30022361940240627,1,0.30022361940240627,0.5574125973956512,False,False,False
08,274,784,75,0.023217976093292236,1.4403247304010667,0.5365545696898641,0.06334889391396017,0.29995173180191215,1,0.29995173180191215,0.5574125973956512,False,False,False
08,275,784,75,0.023660538718104362,1.6784199684963046,0.5512088786452619,0.08678567875284525,0.3189972786990536,1,0.3189972786990536,0.5574125973956512,False,False,False
08,276,784,75,0.023312292993068695,1.9165152065915427,0.539677628239208,0.11022246359173034,0.32495004591546917,1,0.32495004591546917,0.5574125973956512,False,False,False
08,277,784,75,0.02351175807416439,2.1546104446867806,0.5462823950231871,0.1336592484306154,0.33997082172690124,1,0.33997082172690124,0.5574125973956512,False,False,False
08,278,784,75,0.024580055847764015,2.297467587543924,0.5816562941122442,0.1477213193339465,0.36468880672309534,1,0.36468880672309534,0.5574125973956512,False,False,False
08,279,784,75,0.02367498353123665,2.4403247304010667,0.5516871810200576,0.16178339023727756,0.35673528562866763,1,0.35673528562866763,0.5574125973956512,False,False,False
08,280,784,75,0.02425689995288849,2.5831818732582095,0.5709558281018704,0.1758454611406086,0.3734006446212395,1,0.3734006446212395,0.5574125973956512,False,False,False
08,281,784,75,0.024648545309901237,2.678419968496305,0.5839241443148544,0.18522017507616265,0.3845721596955085,1,0.3845721596955085,0.5574125973956512,False,False,False
08,282,784,75,0.024220695719122887,2.7736580637343997,0.5697570191709992,0.19459488901171665,0.3821759540913579,1,0.3821759540913579,0.5574125973956512,False,False,False
08,283,784,75,0.025023607537150383,2.868896158972495,0.5963433533656454,0.20396960294727068,0.40015647815645805,1,0.40015647815645805,0.5574125973956512,False,False,False
08,284,784,75,0.023280328139662743,2.9641342542105904,0.5386191953502497,0.21334431688282476,0.3759817561165372,1,0.3759817561165372,0.5574125973956512,False,False,False
08,285,784,75,0.023929214105010033,3.0593723494486857,0.560105364493108,0.22271903081837877,0.39141219765574337,1,0.39141219765574337,0.5574125973956512,False,False,False
08,286,784,75,0.024249253794550896,3.106991397067733,0.5707026454779456,0.22740638778615577,0.39905451663205066,1,0.39905451663205066,0.5574125973956512,False,False,False
08,287,784,74,0.025676317512989044,4.106991397067733,0.617956144658788,0.32584088410947315,0.47189851438413055,1,0.47189851438413055,0.5574125973956512,False,False,False
08,288,784,74,0.024485819041728973,4.106991397067733,0.5785358876585956,0.32584088410947315,0.4521883858840344,1,0.4521883858840344,0.5574125973956512,False,False,False
08,289,784,74,0.025056397542357445,4.106991397067733,0.5974291090079284,0.32584088410947315,0.46163499655870077,1,0.46163499655870077,0.5574125973956512,False,False,False
08,290,784,74,0.023247545585036278,4.106991397067733,0.5375336864145429,0.32584088410947315,0.43168728526200806,0,0.43168728526200806,0.5574125973956512,False,False,False
08,291,784,75,0.025173142552375793,3.2481521870834857,0.6012948160285702,0.24130147905195792,0.42129814754026407,0,0.42129814754026407,0.5574125973956512,False,False,False
08,292,784,75,0.024955319240689278,3.2328446221575993,0.5940821642405951,0.2397946866085418,0.4169384254245685,0,0.4169384254245685,0.5574125973956512,False,False,False
08,293,784,75,0.023584192618727684,3.2022294923058285,0.5486808763579465,0.23678110172170985,0.39273098903982817,0,0.39273098903982817,0.5574125973956512,False,False,False
08,294,784,75,0.021705301478505135,3.2022294923058285,0.4864662885940811,0.23678110172170985,0.3616236951578955,0,0.3616236951578955,0.5574125973956512,False,False,False
08,295,784,75,0.023342924192547798,3.2022294923058285,0.5406919006510089,0.23678110172170985,0.3887365011863594,0,0.3887365011863594,0.5574125973956512,False,False,False
08,296,784,75,0.022688768804073334,3.2022294923058285,0.5190312482820646,0.23678110172170985,0.3779061750018872,0,0.3779061750018872,0.5574125973956512,False,False,False
08,297,784,75,0.022623363882303238,3.2022294923058285,0.5168655346020414,0.23678110172170985,0.37682331816187564,0,0.37682331816187564,0.5574125973956512,False,False,False
08,298,784,76,0.022746292874217033,2.343390282321581,0.5209360080810097,0.15224169666419463,0.33658885237260217,0,0.33658885237260217,0.5574125973956512,False,False,False
08,299,784,76,0.02277451381087303,2.3280827173956946,0.5218704709153786,0.1507349042207785,0.3363026875680786,0,0.3363026875680786,0.5574125973956512,False,False,False
08,300,784,76,0.022662527859210968,2.3450866351629713,0.5181623477203466,0.1524086763017235,0.33528551201103507,0,0.33528551201103507,0.5574125973956512,False,False,False
08,301,784,77,0.02221430093050003,1.624015509511694,0.5033204800903192,0.08143040323495253,0.29237544166263585,0,0.29237544166263585,0.5574125973956512,False,False,False
08,302,784,77,0.022427141666412354,1.5950967325013135,0.5103681468553956,0.07858379798564939,0.2944759724205225,0,0.2944759724205225,0.5574125973956512,False,False,False
08,303,784,78,0.021341117098927498,1.1342542105900901,0.4744072711446838,0.03322099645695077,0.2538141338008173,0,0.2538141338008173,0.5574125973956512,False,False,False
08,304,784,78,0.022717876359820366,1.0287976089502815,0.519995069199013,0.022840428990567485,0.2714177490947902,0,0.2714177490947902,0.5574125973956512,False,False,False
08,305,784,78,0.02299811877310276,1.0202754553899598,0.5292745670065602,0.022001555097267252,0.2756380610519137,0,0.2756380610519137,0.5574125973956512,False,False,False
08,306,784,78,0.023132864385843277,1.1069913970677332,0.5337363171155354,0.030537395139521042,0.2821368561275282,0,0.2821368561275282,0.5574125973956512,False,False,False
08,307,784,80,0.022956613451242447,0.831657175168627,0.5279002263466536,0.003435009686310028,0.2656676180164818,0,0.2656676180164818,0.5574125973956512,False,False,False
08,308,784,80,0.023667503148317337,0.6513591017407818,0.5514394876174555,0.0,0.27571974380872777,0,0.27571974380872777,0.5574125973956512,False,False,False
08,309,784,82,0.024001242592930794,1.988246698170362,0.5624904003194592,0.1172833168358117,0.33988685857763545,0,0.33988685857763545,0.5574125973956512,False,False,False
08,310,784,82,0.024792129173874855,1.6396057999111424,0.588678550099962,0.08296502561795649,0.3358217878589592,0,0.3358217878589592,0.5574125973956512,False,False,False
08,311,784,82,0.023602932691574097,1.3232763843450859,0.5493014050739775,0.05182729892446236,0.30056435199921994,0,0.30056435199921994,0.5574125973956512,False,False,False
08,312,784,82,0.02423640340566635,1.0868774990912382,0.5702771383104773,0.02855749372310617,0.2994173160167917,0,0.2994173160167917,0.5574125973956512,False,False,False
08,313,784,82,0.024108227342367172,0.8861828022133355,0.5660329217251518,0.008802212321168955,0.2874175670231604,0,0.2874175670231604,0.5574125973956512,False,False,False
08,314,784,82,0.024301744997501373,0.7501110707217558,0.572440754984602,0.0,0.286220377492301,0,0.286220377492301,0.5574125973956512,False,False,False
08,315,784,83,0.024280406534671783,1.0460438628377549,0.5717341873500874,0.02453805530544498,0.2981361213277662,0,0.2981361213277662,0.5574125973956512,False,False,False
08,316,784,83,0.02303948812186718,0.833434306716747,0.5306444052714492,0.003609940735149496,0.26712717300329936,0,0.26712717300329936,0.5574125973956512,False,False,False
08,317,784,83,0.022000351920723915,0.7177591986752274,0.4962361157220186,0.0,0.2481180578610093,0,0.2481180578610093,0.5574125973956512,False,False,False
08,318,784,85,0.022541172802448273,1.6123833757421537,0.514143991005621,0.08028540000618238,0.2972146955059017,0,0.2972146955059017,0.5574125973956512,False,False,False
08,319,784,87,0.023150280117988586,3.083484793408457,0.5343129937376296,0.2250925270946831,0.37970276041615636,0,0.37970276041615636,0.5574125973956512,False,False,False
08,320,784,87,0.023165028542280197,2.5919867522920947,0.5348013494054096,0.17671216497349684,0.3557567571894532,0,0.3557567571894532,0.5574125973956512,False,False,False
08,321,784,87,0.02360168844461441,2.132800193868895,0.5492602050757359,0.13151236737667163,0.34038628622620376,0,0.34038628622620376,0.5574125973956512,False,False,False
08,322,784,87,0.022731272503733635,1.7535441657579047,0.5204386476231949,0.0941804912719844,0.30730956944758964,0,0.30730956944758964,0.5574125973956512,False,False,False
08,323,784,87,0.022960707545280457,1.406599620340077,0.5280357916103288,0.06002917969165822,0.2940324856509935,0,0.2940324856509935,0.5574125973956512,False,False,False
08,324,784,87,0.02183367870748043,1.1514600751241955,0.49071716625696654,0.034914647066172665,0.2628159066615696,0,0.2628159066615696,0.5574125973956512,False,False,False
08,325,784,87,0.02247161976993084,0.9898622723050188,0.5118409234392445,0.01900784873871225,0.26542438608897834,0,0.26542438608897834,0.5574125973956512,False,False,False
08,326,784,87,0.023485062643885612,0.8928874348721663,0.545398445360315,0.00946217945997383,0.27743031241014443,0,0.27743031241014443,0.5574125973956512,False,False,False
08,327,784,89,0.02328396961092949,1.3810735490124801,0.5387397731894149,0.05751653371741315,0.29812815345341404,0,0.29812815345341404,0.5574125973956512,False,False,False
08,328,784,89,0.02379009686410427,1.0851407568964808,0.5554988593004904,0.02838653837992177,0.29194269884020607,0,0.29194269884020607,0.5574125973956512,False,False,False
08,329,784,89,0.024295881390571594,0.8538309301668072,0.5722465969090563,0.005617672091152537,0.2889321345001044,0,0.2889321345001044,0.5574125973956512,False,False,False
08,330,784,89,0.024325428530573845,0.7891675754271161,0.5732249735140061,0.0,0.28661248675700307,0,0.28661248675700307,0.5574125973956512,False,False,False
08,331,784,89,0.02503945305943489,0.8146532574013476,0.596868036576785,0.0017612376053647743,0.29931463709107486,0,0.29931463709107486,0.5574125973956512,False,False,False
08,332,784,89,0.02507966198027134,0.9047619047619034,0.5981994502924158,0.010631036922676505,0.3044152436075462,0,0.3044152436075462,0.5574125973956512,False,False,False
08,333,784,89,0.02373391017317772,1.066278928874348,0.5536383833319907,0.026529883838826086,0.29008413358540835,0,0.29008413358540835,0.5574125973956512,False,False,False
08,334,784,89,0.023905960842967033,1.2924189183731165,0.559335393268485,0.04878985980369765,0.30406262653609134,0,0.30406262653609134,0.5574125973956512,False,False,False
08,335,784,89,0.02525482140481472,1.5831818732582095,0.6039993985478701,0.07741096481729123,0.3407051816825807,0,0.3407051816825807,0.5574125973956512,False,False,False
08,336,784,89,0.023845333606004715,1.868896158972495,0.5573278801805123,0.10553510662395332,0.33143149340223277,0,0.33143149340223277,0.5574125973956512,False,False,False
08,337,784,89,0.025149531662464142,2.1546104446867806,0.600513002888285,0.1336592484306154,0.3670861256594502,0,0.3670861256594502,0.5574125973956512,False,False,False
08,338,784,89,0.024555832147598267,2.4403247304010667,0.5808541893560586,0.16178339023727756,0.3713187897966681,0,0.3713187897966681,0.5574125973956512,False,False,False
08,339,784,89,0.024446092545986176,2.630800920877257,0.57722044819378,0.1805328181083856,0.37887663315108283,0,0.37887663315108283,0.5574125973956512,False,False,False
08,340,784,91,0.02452552691102028,1.2889858233369702,0.5798507103569706,0.04845192482298451,0.31415131758997755,0,0.31415131758997755,0.5574125973956512,False,False,False
08,341,784,91,0.024218719452619553,1.3212973060301316,0.5696915802516364,0.05163248934734544,0.3106620347994909,0,0.3106620347994909,0.5574125973956512,False,False,False
08,342,784,92,0.023561319336295128,0.9913970677329473,0.5479234871687148,0.019158925553619727,0.28354120636116725,0,0.28354120636116725,0.5574125973956512,False,False,False
08,343,784,92,0.02504928968846798,0.9777858556484516,0.5971937509341411,0.017819112747732534,0.3075064318409368,0,0.3075064318409368,0.5574125973956512,False,False,False
08,344,784,92,0.023849008604884148,1.0287976089502815,0.5574495681992708,0.022840428990567485,0.29014499859491916,0,0.29014499859491916,0.5574125973956512,False,False,False
08,345,784,95,0.02528553269803524,1.9031867199806134,0.6050163230553663,0.10891048072543144,0.3569634018903989,0,0.3569634018903989,0.5574125973956512,False,False,False
08,346,784,95,0.02475942298769951,1.5970354214629021,0.5875955699066623,0.07877463185711095,0.33318510088188663,0,0.33318510088188663,0.5574125973956512,False,False,False
08,347,784,95,0.024851864203810692,1.3555070883315163,0.5906565200754231,0.05499991203751258,0.32282821605646783,0,0.32282821605646783,0.5574125973956512,False,False,False
08,348,784,95,0.02399900183081627,1.1667272506967161,0.5624162033166379,0.03641746380393339,0.29941683356028564,0,0.29941683356028564,0.5574125973956512,False,False,False
08,349,784,95,0.023955440148711205,1.0102588957550789,0.5609737716416734,0.02101558009471528,0.29099467586819433,0,0.29099467586819433,0.5574125973956512,False,False,False
08,350,784,96,0.025024326518177986,1.3283654428692584,0.596367160550258,0.052328237837049166,0.3243476991936536,0,0.3243476991936536,0.5574125973956512,False,False,False
08,351,784,96,0.02575785480439663,1.125974393149964,0.6206560397531383,0.03240597679758293,0.32653100827536063,0,0.32653100827536063,0.5574125973956512,False,False,False
08,352,784,96,0.025145843625068665,0.9882063088169938,0.6003908831330179,0.018844844806838706,0.3096178639699283,0,0.3096178639699283,0.5574125973956512,False,False,False
08,353,784,96,0.025403311476111412,0.9133648370289574,0.6089162606134693,0.01147786222728758,0.3101970614203784,0,0.3101970614203784,0.5574125973956512,False,False,False
08,354,784,96,0.025429878383874893,0.8776202592996469,0.6097959545879004,0.007959362722213233,0.3088776586550568,0,0.3088776586550568,0.5574125973956512,False,False,False
08,355,784,96,0.024565652012825012,0.9149804111636156,0.581179348623618,0.011636890453505638,0.29640811953856183,0,0.29640811953856183,0.5574125973956512,False,False,False
08,356,784,98,0.024870192632079124,1.2466981703622921,0.5912634182531138,0.04428936100172684,0.31777638962742033,0,0.31777638962742033,0.5574125973956512,False,False,False
08,357,784,98,0.02574463188648224,0.9881659194636283,0.6202181972568552,0.01884086910118335,0.3195295331790193,0,0.3195295331790193,0.5574125973956512,False,False,False
08,358,784,98,0.025618135929107666,0.8265681166444516,0.6160296130044848,0.0029340707737229373,0.3094818418891039,0,0.3094818418891039,0.5574125973956512,False,False,False
08,359,784,98,0.02493870072066784,0.7568157033805879,0.5935318852221647,0.0,0.29676594261108236,0,0.29676594261108236,0.5574125973956512,False,False,False
08,360,784,98,0.025712760165333748,0.761864372551395,0.6191628482001007,0.0,0.30958142410005035,0,0.30958142410005035,0.5574125973956512,False,False,False
08,361,784,101,0.026554416865110397,1.9406276505513145,0.6470321182681353,0.1125959598680347,0.37981403906808503,0,0.37981403906808503,0.5574125973956512,False,False,False
08,362,784,101,0.02572936750948429,1.4967486570539996,0.6197127571586667,0.06890295471462544,0.3443078559366461,0,0.3443078559366461,0.5574125973956512,False,False,False
08,363,784,101,0.02686324529349804,1.142978310917242,0.65725816753229,0.034079748878528056,0.34566895820540905,0,0.34566895820540905,0.5574125973956512,False,False,False
08,364,784,101,0.026522286236286163,0.8538309301668072,0.6459681961578545,0.005617672091152537,0.3257929341245035,0,0.3257929341245035,0.5574125973956512,False,False,False
08,365,784,101,0.025524739176034927,0.6428773375338256,0.6129370227173138,0.0,0.3064685113586569,0,0.3064685113586569,0.5574125973956512,False,False,False
08,366,784,101,0.02617950737476349,0.5969142534028029,0.6346179667021584,0.0,0.3173089833510792,0,0.3173089833510792,0.5574125973956512,False,False,False
08,367,784,101,0.027097154408693314,0.6478856173512659,0.6650034588184902,0.0,0.3325017294092451,0,0.3325017294092451,0.5574125973956512,False,False,False
08,368,784,101,0.026265235617756844,0.7856133123308693,0.6374566342456758,0.0,0.3187283171228379,0,0.3187283171228379,0.5574125973956512,False,False,False
08,369,784,101,0.02676343359053135,0.9879639726967969,0.6539531628829273,0.01882099057290618,0.33638707672791673,0,0.33638707672791673,0.5574125973956512,False,False,False
08,370,784,101,0.02675131894648075,1.249848539924876,0.6535520179898683,0.04459946604285209,0.34907574201636016,0,0.34907574201636016,0.5574125973956512,False,False,False
08,371,784,101,0.027352992445230484,1.4879437780201141,0.6734748692353766,0.06803625088173718,0.37075556005855687,0,0.37075556005855687,0.5574125973956512,False,False,False
08,372,784,101,0.026826903223991394,1.7260390161153523,0.6560547945297573,0.09147303572062228,0.3737639151251898,0,0.3737639151251898,0.5574125973956512,False,False,False
08,373,784,101,0.028157034888863564,1.9641342542105904,0.7000986411529758,0.11490982055950737,0.4075042308562416,0,0.4075042308562416,0.5574125973956512,False,False,False
08,374,784,101,0.02692246437072754,2.2022294923058285,0.6592190530773426,0.13834660539839247,0.39878282923786756,0,0.39878282923786756,0.5574125973956512,False,False,False
08,375,784,101,0.028028756380081177,2.4403247304010667,0.6958510323522262,0.16178339023727756,0.4288172112947519,0,0.4288172112947519,0.5574125973956512,False,False,False
08,376,784,101,0.028485015034675598,2.678419968496305,0.7109588496715019,0.18522017507616265,0.44808951237383227,0,0.44808951237383227,0.5574125973956512,False,False,False
08,377,784,101,0.030984070152044296,2.8212771113534476,0.7937085527266007,0.19928224597949368,0.4964953993530472,0,0.4964953993530472,0.5574125973956512,False,False,False
08,378,784,101,0.030997812747955322,2.9641342542105904,0.7941636030065805,0.21334431688282476,0.5037539599447026,0,0.5037539599447026,0.5574125973956512,False,False,False
08,379,784,101,0.035132985562086105,3.106991397067733,0.9310890833901951,0.22740638778615577,0.5792477355881754,0,0.5792477355881754,0.5574125973956512,True,False,False
08,380,784,101,0.04056442528963089,3.249848539924876,1.1109370673311143,0.24146845868948685,0.6762027630103006,0,0.6762027630103006,0.5574125973956512,True,False,False
08,381,784,103,0.042536329478025436,1.955652490003637,1.1762315399934715,0.11407492237186276,0.6451532311826671,0,0.6451532311826671,0.5574125973956512,True,True,True
08,382,784,103,0.04253075271844864,1.892725877458703,1.1760468801211132,0.10788077296066964,0.6419638265408915,0,0.6419638265408915,0.5574125973956512,True,True,False
08,383,784,104,0.04075780510902405,1.4675875439234236,1.117340336518903,0.06603249523138992,0.5916864158751465,0,0.5916864158751465,0.5574125973956512,True,True,False
08,384,784,104,0.042987894266843796,1.3587382366008325,1.19118393216968,0.055317968489948674,0.6232509503298144,0,0.6232509503298144,0.5574125973956512,True,True,False
08,385,784,104,0.040179960429668427,1.314511894664567,1.0982065145810365,0.05096457079722958,0.574585542689133,0,0.574585542689133,0.5574125973956512,True,True,False
08,386,784,105,0.042414817959070206,1.0237489397794757,1.1722080024406436,0.022343465783636156,0.5972757341121399,0,0.5972757341121399,0.5574125973956512,True,True,False
08,387,784,105,0.04286912828683853,0.902984773213782,1.1872513059902177,0.010456105873836895,0.5988537059320272,0,0.5988537059320272,0.5574125973956512,True,True,False
08,388,784,105,0.04404003918170929,0.8791550547275742,1.226022971401325,0.008110439537120581,0.6170667054692228,0,0.6170667054692228,0.5574125973956512,True,True,False
08,389,784,105,0.04387286677956581,0.9471707257966806,1.2204874925956612,0.014805527860900503,0.6176465102282809,0,0.6176465102282809,0.5574125973956512,True,True,False
08,390,784,105,0.06141630932688713,1.0474978795589485,1.801392912114204,0.024681180709041354,0.9130370464116228,0,0.9130370464116228,0.5574125973956512,True,True,False
08,391,784,105,0.0644913911819458,1.1801365160143793,1.9032162407025528,0.03773739808154329,0.970476819392048,0,0.970476819392048,0.5574125973956512,True,True,False
08,392,784,106,0.05777869001030922,0.6546710287168305,1.6809426202489912,0.0,0.8404713101244956,0,0.8404713101244956,0.5574125973956512,True,True,False
08,393,784,107,0.03368876501917839,0.5374207358940195,0.8832674806407848,0.0,0.4416337403203924,0,0.4416337403203924,0.5574125973956512,False,False,False
08,394,784,107,0.03038840927183628,0.46084252191122455,0.7739847936881641,0.0,0.38699239684408204,0,0.38699239684408204,0.5574125973956512,False,False,False
08,395,784,107,0.028775615617632866,0.5033321216527327,0.720581331296746,0.0,0.360290665648373,0,0.360290665648373,0.5574125973956512,False,False,False
08,396,784,107,0.029020877555012703,0.641059816632336,0.7287025417285787,0.0,0.36435127086428937,0,0.36435127086428937,0.5574125973956512,False,False,False
08,397,784,108,0.02878440171480179,0.4455753463387052,0.7208722600268442,0.0,0.3604361300134221,0,0.3604361300134221,0.5574125973956512,False,False,False
08,398,784,108,0.026204492896795273,0.4778464396784998,0.6354452972057705,0.0,0.31772264860288524,0,0.31772264860288524,0.5574125973956512,False,False,False
08,399,784,108,0.02729818783700466,0.6359707581081621,0.67166015733678,0.0,0.33583007866839,0,0.33583007866839,0.5574125973956512,False,False,False
08,400,784,109,0.026143759489059448,0.41661617997495914,0.6334342685490855,0.0,0.31671713427454273,0,0.31671713427454273,0.5574125973956512,False,False,False
08,401,784,109,0.02659698761999607,0.4403651197544334,0.6484417379684523,0.0,0.32422086898422614,0,0.32422086898422614,0.5574125973956512,False,False,False
08,402,784,109,0.026153797283768654,0.6087079445858078,0.6337666439840016,0.0,0.3168833219920008,0,0.3168833219920008,0.5574125973956512,False,False,False
08,403,784,110,0.027459707111120224,0.38091199159901545,0.6770084475276785,0.0,0.33850422376383926,0,0.33850422376383926,0.5574125973956512,False,False,False
08,404,784,110,0.02559776045382023,0.3689567430025447,0.6153549321949565,0.0,0.30767746609747826,0,0.30767746609747826,0.5574125973956512,False,False,False
08,405,784,110,0.025085698813199997,0.5117734965063208,0.5983993442958604,0.0,0.2991996721479302,0,0.2991996721479302,0.5574125973956512,False,False,False
08,406,784,111,0.025176778435707092,0.3622521103437139,0.6014152088378031,0.0,0.30070760441890154,0,0.30070760441890154,0.5574125973956512,False,False,False
08,407,784,112,0.025744570419192314,0.8453895553132191,0.6202161619276008,0.004786749609163276,0.312501455768382,0,0.312501455768382,0.5574125973956512,False,False,False
08,408,784,112,0.025905638933181763,0.5528494688800022,0.6255495263706333,0.0,0.31277476318531666,0,0.31277476318531666,0.5574125973956512,False,False,False
08,409,784,112,0.02540862187743187,0.3418958762470205,0.609092100725725,0.0,0.3045460503628625,0,0.3045460503628625,0.5574125973956512,False,False,False
08,410,784,112,0.024496540427207947,0.3332929439799665,0.578890898421887,0.0,0.2894454492109435,0,0.2894454492109435,0.5574125973956512,False,False,False
08,411,784,112,0.02466990053653717,0.5083807908235385,0.5846312670391657,0.0,0.29231563351958284,0,0.29231563351958284,0.5574125973956512,False,False,False
08,412,784,112,0.023994021117687225,0.8212771113534475,0.5622512799703834,0.002413253332858939,0.28233226665162114,0,0.28233226665162114,0.5574125973956512,False,False,False
08,413,784,112,0.024665534496307373,1.1069913970677332,0.5844866969854556,0.030537395139521042,0.30751204606248833,0,0.30751204606248833,0.5574125973956512,False,False,False
08,414,784,114,0.02545131929218769,0.5987721636576593,0.610505914437839,0.0,0.3052529572189195,0,0.3052529572189195,0.5574125973956512,False,False,False
08,415,784,114,0.024236567318439484,0.3963003352316326,0.5702825658551559,0.0,0.28514128292757795,0,0.28514128292757795,0.5574125973956512,False,False,False
08,416,784,114,0.025245467200875282,0.3826083444404059,0.6036896584413292,0.0,0.3018448292206646,0,0.3018448292206646,0.5574125973956512,False,False,False
08,417,784,114,0.027587270364165306,0.5304737671149892,0.6812323724971036,0.0,0.3406161862485518,0,0.3406161862485518,0.5574125973956512,False,False,False
08,418,784,114,0.02589510753750801,0.7549577931257329,0.6252008066250375,0.0,0.31260040331251876,0,0.31260040331251876,0.5574125973956512,False,False,False
08,419,784,114,0.023980312049388885,1.011753301829638,0.5617973398699969,0.02116268120396702,0.29148001053698197,0,0.29148001053698197,0.5574125973956512,False,False,False
08,420,784,114,0.026043692603707314,1.2974675875439237,0.6301208141994845,0.049286823010629116,0.33970381860505683,0,0.33970381860505683,0.5574125973956512,False,False,False
08,421,784,114,0.026345370337367058,1.5355628256391618,0.6401100868270382,0.0727236078495142,0.35641684733827617,0,0.35641684733827617,0.5574125973956512,False,False,False
08,422,784,114,0.025367483496665955,1.7736580637344,0.6077299103647011,0.0961603926883993,0.3519451515265502,0,0.3519451515265502,0.5574125973956512,False,False,False
08,423,784,116,0.026532933115959167,0.658063734399614,0.646320739855383,0.0,0.3231603699276915,0,0.3231603699276915,0.5574125973956512,False,False,False
08,424,784,116,0.026243606582283974,0.7277757583101109,0.6367404450546856,0.0,0.3183702225273428,0,0.3183702225273428,0.5574125973956512,False,False,False
08,425,784,117,0.025454185903072357,0.6564481602649546,0.6106008347930693,0.0,0.30530041739653463,0,0.30530041739653463,0.5574125973956512,False,False,False
08,426,784,117,0.02520933374762535,0.629185346742599,0.6024931932229328,0.0,0.3012465966114664,0,0.3012465966114664,0.5574125973956512,False,False,False
08,427,784,117,0.02495698630809784,0.6716749464841071,0.5941373648370416,0.0,0.2970686824185208,0,0.2970686824185208,0.5574125973956512,False,False,False
08,428,784,117,0.025026530027389526,0.7617835938446628,0.5964401240201979,0.0,0.29822006201009893,0,0.29822006201009893,0.5574125973956512,False,False,False
08,429,784,121,0.024166559800505638,2.988246698170362,0.5679644491876252,0.2157178131591291,0.39184113117337716,0,0.39184113117337716,0.5574125973956512,False,False,False
08,430,784,121,0.024747690185904503,2.5919867522920947,0.5872070687256385,0.17671216497349684,0.3819596168495677,0,0.3819596168495677,0.5574125973956512,False,False,False
08,431,784,121,0.023522112518548965,2.2280382891069905,0.5466252554875959,0.1408870813122257,0.3437561683999108,0,0.3437561683999108,0.5574125973956512,False,False,False
08,432,784,121,0.02586790733039379,1.8964013086150477,0.6243001425916213,0.10824256217531547,0.36627135238346836,0,0.36627135238346836,0.5574125973956512,False,False,False
08,433,784,121,0.022643789649009705,1.5970758108162675,0.5175418806809596,0.07877860756276629,0.298160244121863,0,0.298160244121863,0.5574125973956512,False,False,False
08,434,784,122,0.023865872994065285,1.8997940142978298,0.558007988534719,0.10857652145037337,0.33329225499254617,0,0.33329225499254617,0.5574125973956512,False,False,False
08,435,784,122,0.021457798779010773,1.649783916959488,0.478270881159427,0.08396690344313014,0.28111889230127857,0,0.28111889230127857,0.5574125973956512,False,False,False
08,436,784,122,0.02267611399292946,1.46439678500747,0.5186122171622242,0.06571841448460888,0.29216531582341654,0,0.29216531582341654,0.5574125973956512,False,False,False
08,437,784,122,0.022629952058196068,1.341936265600386,0.5170836848921321,0.05366407493728073,0.2853738799147064,0,0.2853738799147064,0.5574125973956512,False,False,False
08,438,784,122,0.022585371509194374,1.2517872288864633,0.5156075160928589,0.04479029991431351,0.2801989080035862,0,0.2801989080035862,0.5574125973956512,False,False,False
08,439,784,125,0.02380605787038803,2.750151460075124,0.5560273664635627,0.192281028320244,0.3741541973919033,0,0.3741541973919033,0.5574125973956512,False,False,False
08,440,784,125,0.02251952886581421,2.2586534189587617,0.5134273084014783,0.14390066619905773,0.328663987300268,0,0.328663987300268,0.5574125973956512,False,False,False
08,441,784,125,0.02175496332347393,1.8062522719011265,0.48811071127838873,0.09936878715234838,0.29373974921536855,0,0.29373974921536855,0.5574125973956512,False,False,False
08,442,784,125,0.02176576480269432,1.418474090229814,0.4884683741373753,0.06119803715436089,0.2748332056458681,0,0.2748332056458681,0.5574125973956512,False,False,False
08,443,784,125,0.021416714414954185,1.1004079324690001,0.4769104794210813,0.029889355117682367,0.2533999172693818,0,0.2533999172693818,0.5574125973956512,False,False,False
08,444,784,125,0.020998787134885788,0.9745143180257672,0.4630719057602096,0.017497080589640814,0.24028449317492523,0,0.24028449317492523,0.5574125973956512,False,False,False
08,445,784,125,0.02175131067633629,0.9455551516620211,0.4879897633793591,0.014646499634682314,0.2513181315070207,0,0.2513181315070207,0.5574125973956512,False,False,False
08,446,784,125,0.02129519358277321,1.054364069631244,0.4728866334850331,0.025357050670467923,0.2491218420777505,0,0.2491218420777505,0.5574125973956512,False,False,False
08,447,784,125,0.02107101120054722,1.2277959529867923,0.46546341763418864,0.042428730754975656,0.25394607419458215,0,0.25394607419458215,0.5574125973956512,False,False,False
08,448,784,125,0.0212372038513422,1.4607617432044908,0.4709664545250695,0.06536060097561842,0.26816352775034397,0,0.26816352775034397,0.5574125973956512,False,False,False
08,449,784,126,0.02264746092259884,0.892725877458703,0.5176634453464299,0.009446276637352277,0.2635548609918911,0,0.2635548609918911,0.5574125973956512,False,False,False
08,450,784,126,0.0206906795501709,1.042368431681409,0.4528697253573117,0.02417626609079905,0.23852299572405536,0,0.23852299572405536,0.5574125973956512,False,False,False
08,451,784,126,0.021101931110024452,1.249848539924876,0.4664872499258212,0.04459946604285209,0.25554335798433664,0,0.25554335798433664,0.5574125973956512,False,False,False
08,452,784,126,0.021106654778122902,1.4879437780201141,0.4666436618951935,0.06803625088173718,0.26733995638846536,0,0.26733995638846536,0.5574125973956512,False,False,False
08,453,784,126,0.022015443071722984,1.7260390161153523,0.49673581989230814,0.09147303572062228,0.29410442780646523,0,0.29410442780646523,0.5574125973956512,False,False,False
08,454,784,126,0.02029159851372242,1.9641342542105904,0.43965519598118324,0.11490982055950737,0.2772825082703453,0,0.2772825082703453,0.5574125973956512,False,False,False
08,455,784,126,0.020615341141819954,2.1546104446867806,0.4503750901344405,0.1336592484306154,0.29201716928252797,0,0.29201716928252797,0.5574125973956512,False,False,False
08,456,784,127,0.0212403554469347,1.4862474251787237,0.47107081140684315,0.06786927124420829,0.2694700413255257,0,0.2694700413255257,0.5574125973956512,False,False,False
08,457,784,127,0.020698124542832375,1.661416050729028,0.4531162469036764,0.08511190667190029,0.26911407678778837,0,0.26911407678778837,0.5574125973956512,False,False,False
08,458,784,127,0.02270037680864334,1.868896158972495,0.5194156171279354,0.10553510662395332,0.3124753618759444,0,0.3124753618759444,0.5574125973956512,False,False,False
08,459,784,129,0.021365690976381302,1.0645421866795932,0.47522097110995537,0.02635892849564195,0.2507899498027987,0,0.2507899498027987,0.5574125973956512,False,False,False
08,460,784,129,0.021484989672899246,0.9760895028070625,0.4791712368096229,0.017652133110203777,0.24841168495991334,0,0.24841168495991334,0.5574125973956512,False,False,False
08,461,784,131,0.022946683689951897,1.449048830728221,0.5275714281570938,0.0642076463355377,0.2958895372463157,0,0.2958895372463157,0.5574125973956512,False,False,False
08,462,784,131,0.022122176364064217,1.1956460277070982,0.5002700149510508,0.03926406905323667,0.26976704200214374,0,0.26976704200214374,0.5574125973956512,False,False,False
08,463,784,131,0.02185772731900215,0.9745547073791353,0.4915134734086092,0.01750105629529643,0.2545072648519528,0,0.2545072648519528,0.5574125973956512,False,False,False
08,464,784,131,0.02101036161184311,0.7942566339512902,0.463455164426487,0.0,0.2317275822132435,0,0.2317275822132435,0.5574125973956512,False,False,False
08,465,784,131,0.021873539313673973,0.6819742315925514,0.4920370464401555,0.0,0.24601852322007775,0,0.24601852322007775,0.5574125973956512,False,False,False
08,466,784,132,0.021314576268196106,0.9474130619168788,0.47352844064326977,0.014829382094833159,0.24417891136905145,0,0.24417891136905145,0.5574125973956512,False,False,False
08,467,784,132,0.023071149364113808,0.755200129245931,0.5316927848674233,0.0,0.26584639243371166,0,0.26584639243371166,0.5574125973956512,False,False,False
08,468,784,132,0.020355425775051117,0.6650107031786417,0.44176866954367555,0.0,0.22088433477183778,0,0.22088433477183778,0.5574125973956512,False,False,False
08,469,784,133,0.021158786490559578,0.906579425663393,0.4683698678095436,0.010809943677171733,0.23958990574335767,0,0.23958990574335767,0.5574125973956512,False,False,False
08,470,784,133,0.02026348002254963,0.7398925643200449,0.43872412536223837,0.0,0.21936206268111919,0,0.21936206268111919,0.5574125973956512,False,False,False
08,471,784,133,0.021764561533927917,0.6769255624217443,0.48842853102530337,0.0,0.24421426551265168,0,0.24421426551265168,0.5574125973956512,False,False,False
08,472,784,133,0.022562013939023018,0.7381154327719208,0.5148340909761678,0.0,0.2574170454880839,0,0.2574170454880839,0.5574125973956512,False,False,False
08,473,784,133,0.022936835885047913,0.8571428571428558,0.5272453437398732,0.005943679954899482,0.26659451184738636,0,0.26659451184738636,0.5574125973956512,False,False,False
08,474,784,133,0.022331478074193,1.0186598812553003,0.5072004960923862,0.021842526871049064,0.2645215114817176,0,0.2645215114817176,0.5574125973956512,False,False,False
08,475,784,134,0.021411219611763954,0.7142453249323468,0.47672853332106224,0.0,0.23836426666053112,0,0.23836426666053112,0.5574125973956512,False,False,False
08,476,784,134,0.021884335204958916,0.8196615372187901,0.4923945242692098,0.002254225106640958,0.2473243746879254,0,0.2473243746879254,0.5574125973956512,False,False,False
08,477,784,134,0.022487079724669456,1.0373197625106025,0.5123528395850608,0.023679302883867655,0.26801607123446425,0,0.26801607123446425,0.5574125973956512,False,False,False
08,478,784,134,0.020927676931023598,1.3179046003473487,0.460717276519387,0.05129853007228744,0.2560079032958372,0,0.2560079032958372,0.5574125973956512,False,False,False
08,479,784,137,0.022474437952041626,1.2365200533139453,0.5119342402017288,0.04328748317655305,0.27761086168914095,0,0.27761086168914095,0.5574125973956512,False,False,False
08,480,784,137,0.02174023538827896,0.9303687547962354,0.48762303405369367,0.013151634308232692,0.2503873341809632,0,0.2503873341809632,0.5574125973956512,False,False,False
08,481,784,138,0.022687271237373352,1.4168181267417905,0.518981660260229,0.06103503322248748,0.2900083467413582,0,0.2900083467413582,0.5574125973956512,False,False,False
08,482,784,138,0.022442953661084175,1.1174926289430105,0.5108917198869418,0.03157107860993833,0.2712313992484401,0,0.2712313992484401,0.5574125973956512,False,False,False
08,483,784,139,0.022271785885095596,1.7025324124560763,0.5052239446797386,0.0891591750291496,0.2971915598544441,0,0.2971915598544441,0.5574125973956512,False,False,False
08,484,784,139,0.022322526201605797,1.3555878670382486,0.5069040781409653,0.05500786344882342,0.28095597079489437,0,0.28095597079489437,0.5574125973956512,False,False,False
08,485,784,139,0.02219589799642563,1.0766589926895247,0.5027111148468655,0.0275516401922769,0.26513137751957117,0,0.26513137751957117,0.5574125973956512,False,False,False
08,486,784,139,0.02259296178817749,0.8929682135788986,0.5158588484174615,0.00947013087128467,0.2626644896443731,0,0.2626644896443731,0.5574125973956512,False,False,False
08,487,784,139,0.023604130372405052,0.8283048588392076,0.5493410631561173,0.0031050261169071917,0.27622304463651226,0,0.27622304463651226,0.5574125973956512,False,False,False
08,488,784,142,0.02430558018386364,2.750151460075124,0.5725677471947509,0.192281028320244,0.38242438775749743,0,0.38242438775749743,0.5574125973956512,False,False,False
08,489,784,142,0.02473713457584381,2.3062724665778105,0.5868575471836698,0.14858802316683486,0.3677227851752523,0,0.3677227851752523,0.5574125973956512,False,False,False
08,490,784,142,0.024477994069457054,1.9423240033927047,0.5782767840768398,0.11276293950556357,0.3455198617912017,0,0.3455198617912017,0.5574125973956512,False,False,False
08,491,784,142,0.024021228775382042,1.610687022900762,0.5631521907103759,0.08011842036865335,0.32163530553951464,0,0.32163530553951464,0.5574125973956512,False,False,False
08,492,784,142,0.02309235744178295,1.3164505836261557,0.5323950351368527,0.05115540466869113,0.29177521990277194,0,0.29177521990277194,0.5574125973956512,False,False,False
08,493,784,142,0.02318175882101059,1.0936225211034372,0.5353553290224845,0.02922143656756666,0.2822883827950256,0,0.2822883827950256,0.5574125973956512,False,False,False
08,494,784,142,0.023163417354226112,0.976210670867159,0.5347479991082853,0.017664060227169844,0.27620602966772756,0,0.27620602966772756,0.5574125973956512,False,False,False
08,495,784,142,0.02412586286664009,0.9812593400379648,0.5666168761912469,0.018161023434101174,0.29238894981267405,0,0.29238894981267405,0.5574125973956512,False,False,False
08,496,784,142,0.02400030381977558,1.1223797407003517,0.5624593152908458,0.032052138994247976,0.2972557271425469,1,0.2972557271425469,0.5574125973956512,False,False,False
08,497,784,144,0.024410957470536232,1.0528292742033194,0.5760570416566075,0.02520597385556084,0.3006315077560842,1,0.3006315077560842,0.5574125973956512,False,False,False
08,498,784,145,0.024139247834682465,1.3640696312452034,0.5670600845555644,0.05584276163646816,0.3114514230960163,1,0.3114514230960163,0.5574125973956512,False,False,False
08,499,784,145,0.02287190593779087,0.9422836140393394,0.525095357604089,0.014324467476590854,0.26970991254033994,1,0.26970991254033994,0.5574125973956512,False,False,False
08,500,784,145,0.02331400103867054,0.7296740579183314,0.539734185721824,0.0,0.269867092860912,1,0.269867092860912,0.5574125973956512,False,False,False
08,501,784,145,0.02322433888912201,0.6224807140837667,0.5367652571060219,0.0,0.2683826285530109,1,0.2683826285530109,0.5574125973956512,False,False,False
08,502,784,145,0.02347288839519024,0.6598408659477354,0.5449953268146457,0.0,0.27249766340732284,1,0.27249766340732284,0.5574125973956512,False,False,False
08,503,784,145,0.023644136264920235,0.7941354658911897,0.550665754117544,0.0,0.275332877058772,1,0.275332877058772,0.5574125973956512,False,False,False
08,504,784,145,0.02333052083849907,0.9658709964053462,0.5402811958781185,0.01664627957937424,0.2784637377287464,1,0.2784637377287464,0.5574125973956512,False,False,False
08,505,784,145,0.0232883058488369,1.2022294923058285,0.5388833564168197,0.039912109075075086,0.2893977327459474,1,0.2893977327459474,0.5574125973956512,False,False,False
08,506,784,145,0.024446405470371246,1.4879437780201141,0.5772308098699845,0.06803625088173718,0.32263353037586084,1,0.32263353037586084,0.5574125973956512,False,False,False
08,507,784,145,0.02538406103849411,1.7736580637344,0.6082788324969619,0.0961603926883993,0.3522196125926806,1,0.3522196125926806,0.5574125973956512,False,False,False
08,508,784,145,0.023553356528282166,2.0593723494486857,0.5476598195152973,0.12428453449506141,0.33597217700517934,1,0.33597217700517934,0.5574125973956512,False,False,False
08,509,784,145,0.023063598200678825,2.2022294923058285,0.5314427477523463,0.13834660539839247,0.3348946765753694,1,0.3348946765753694,0.5574125973956512,False,False,False
08,510,784,145,0.02379925176501274,2.3450866351629713,0.5558020000061153,0.1524086763017235,0.3541053381539194,1,0.3541053381539194,0.5574125973956512,False,False,False
08,511,784,145,0.02427298203110695,2.487943778020114,0.5714883442468075,0.16647074720505456,0.36897954572593106,1,0.36897954572593106,0.5574125973956512,False,False,False
08,512,784,145,0.023762600496411324,2.630800920877257,0.5545883886806663,0.1805328181083856,0.36756060339452595,1,0.36756060339452595,0.5574125973956512,False,False,False
08,513,784,145,0.023962564766407013,2.7736580637343997,0.5612096848052575,0.19459488901171665,0.37790228690848704,1,0.37790228690848704,0.5574125973956512,False,False,False
08,514,784,145,0.023134009912610054,2.916515206591543,0.5337742482516411,0.20865695991504776,0.3712156040833444,1,0.3712156040833444,0.5574125973956512,False,False,False
08,515,784,145,0.023488884791731834,3.0593723494486857,0.5455250058339554,0.22271903081837877,0.38412201832616705,1,0.38412201832616705,0.5574125973956512,False,False,False
08,516,784,145,0.0238893274217844,3.2022294923058285,0.558784620836902,0.23678110172170985,0.3977828612793059,1,0.3977828612793059,0.5574125973956512,False,False,False
08,517,784,145,0.024547042325139046,3.3450866351629713,0.5805631372726722,0.25084317262504086,0.4157031549488565,1,0.4157031549488565,0.5574125973956512,False,False,False
08,518,784,145,0.0235992893576622,3.392705682782019,0.5491807655581683,0.25553052959281786,0.4023556475754931,1,0.4023556475754931,0.5574125973956512,False,False,False
08,519,784,145,0.023008449003100395,3.392705682782019,0.5296166256745959,0.25553052959281786,0.39257357763370687,1,0.39257357763370687,0.5574125973956512,False,False,False
08,520,784,145,0.02328401245176792,3.392705682782019,0.5387411917522286,0.25553052959281786,0.3971358606725232,1,0.3971358606725232,0.5574125973956512,False,False,False
08,521,784,145,0.023658644407987595,3.392705682782019,0.5511461534982384,0.25553052959281786,0.4033383415455281,1,0.4033383415455281,0.5574125973956512,False,False,False
08,522,784,145,0.02265673317015171,3.392705682782019,0.5179704716806316,0.25553052959281786,0.3867505006367247,1,0.3867505006367247,0.5574125973956512,False,False,False
08,523,784,145,0.023173773661255836,3.392705682782019,0.5350909212493382,0.25553052959281786,0.39531072542107804,1,0.39531072542107804,0.5574125973956512,False,False,False
08,524,784,145,0.02305269055068493,3.392705682782019,0.5310815693246475,0.25553052959281786,0.39330604945873265,1,0.39330604945873265,0.5574125973956512,False,False,False
08,525,784,145,0.02344367280602455,3.392705682782019,0.5440279286523411,0.25553052959281786,0.39977922912257946,1,0.39977922912257946,0.5574125973956512,False,False,False
08,526,784,145,0.022522514685988426,3.392705682782019,0.5135261760619293,0.25553052959281786,0.3845283528273736,1,0.3845283528273736,0.5574125973956512,False,False,False
08,527,784,145,0.024192804470658302,3.392705682782019,0.5688334731026313,0.25553052959281786,0.4121820013477246,1,0.4121820013477246,0.5574125973956512,False,False,False
08,528,784,145,0.02381126955151558,3.392705682782019,0.5561999377136824,0.25553052959281786,0.4058652336532501,1,0.4058652336532501,0.5574125973956512,False,False,False
08,529,784,145,0.025295192375779152,3.392705682782019,0.6053361781315354,0.25553052959281786,0.4304333538621766,1,0.4304333538621766,0.5574125973956512,False,False,False
08,530,784,145,0.024145785719156265,3.392705682782019,0.567276569576265,0.25553052959281786,0.41140354958454145,1,0.41140354958454145,0.5574125973956512,False,False,False
08,531,784,145,0.024025538936257362,3.392705682782019,0.5632949104647638,0.25553052959281786,0.4094127200287908,1,0.4094127200287908,0.5574125973956512,False,False,False
08,532,784,145,0.025371072813868523,3.392705682782019,0.6078487612578322,0.25553052959281786,0.431689645425325,1,0.431689645425325,0.5574125973956512,False,False,False
08,533,784,145,0.02422437071800232,3.392705682782019,0.5698787071897576,0.25553052959281786,0.41270461839128775,1,0.41270461839128775,0.5574125973956512,False,False,False
08,534,784,145,0.02407059632241726,3.392705682782019,0.5647868684849199,0.25553052959281786,0.41015869903886887,1,0.41015869903886887,0.5574125973956512,False,False,False
08,535,784,145,0.024240078404545784,3.392705682782019,0.5703988263292358,0.25553052959281786,0.4129646779610268,1,0.4129646779610268,0.5574125973956512,False,False,False
08,536,784,145,0.0241202674806118,3.392705682782019,0.5664315995524478,0.25553052959281786,0.41098106457263284,1,0.41098106457263284,0.5574125973956512,False,False,False
08,537,784,145,0.02542787790298462,3.392705682782019,0.6097297138721646,0.25553052959281786,0.4326301217324912,1,0.4326301217324912,0.5574125973956512,False,False,False
08,538,784,145,0.024186307564377785,3.392705682782019,0.5686183449681004,0.25553052959281786,0.4120744372804591,1,0.4120744372804591,0.5574125973956512,False,False,False
08,539,784,145,0.023248039186000824,3.392705682782019,0.5375500307252226,0.25553052959281786,0.3965402801590202,1,0.3965402801590202,0.5574125973956512,False,False,False
08,540,784,145,0.024324340745806694,3.392705682782019,0.5731889543538667,0.25553052959281786,0.4143597419733423,1,0.4143597419733423,0.5574125973956512,False,False,False
08,541,784,145,0.023297009989619255,3.392705682782019,0.5391715713745787,0.25553052959281786,0.3973510504836983,1,0.3973510504836983,0.5574125973956512,False,False,False
08,542,784,145,0.024364693090319633,3.392705682782019,0.5745251171710913,0.25553052959281786,0.4150278233819546,1,0.4150278233819546,0.5574125973956512,False,False,False
08,543,784,145,0.022993547841906548,3.392705682782019,0.5291232125220019,0.25553052959281786,0.3923268710574099,1,0.3923268710574099,0.5574125973956512,False,False,False
08,544,784,145,0.02421242743730545,3.392705682782019,0.5694832365479536,0.25553052959281786,0.41250688307038574,1,0.41250688307038574,0.5574125973956512,False,False,False
08,545,784,145,0.023862268775701523,3.392705682782019,0.5578886442284353,0.25553052959281786,0.4067095869106266,1,0.4067095869106266,0.5574125973956512,False,False,False
08,546,784,145,0.023495782166719437,3.392705682782019,0.5457533944469622,0.25553052959281786,0.40064196201989005,1,0.40064196201989005,0.5574125973956512,False,False,False
08,547,784,145,0.023715000599622726,3.392705682782019,0.5530122420413489,0.25553052959281786,0.4042713858170834,1,0.4042713858170834,0.5574125973956512,False,False,False
08,548,784,145,0.023129964247345924,3.392705682782019,0.5336402865807118,0.25553052959281786,0.39458540808676484,1,0.39458540808676484,0.5574125973956512,False,False,False
08,549,784,145,0.02383342944085598,3.392705682782019,0.5569337047482338,0.25553052959281786,0.4062321171705258,1,0.4062321171705258,0.5574125973956512,False,False,False
08,550,784,145,0.02380702644586563,3.392705682782019,0.5560594383184813,0.25553052959281786,0.40579498395564956,1,0.40579498395564956,0.5574125973956512,False,False,False
08,551,784,145,0.023488091304898262,3.392705682782019,0.5454987315835796,0.25553052959281786,0.40051463058819875,1,0.40051463058819875,0.5574125973956512,False,False,False
08,552,784,145,0.023126251995563507,3.392705682782019,0.5335173650290719,0.25553052959281786,0.39452394731094487,1,0.39452394731094487,0.5574125973956512,False,False,False
08,553,784,145,0.02422039397060871,3.392705682782019,0.5697470275546591,0.25553052959281786,0.4126387785737385,1,0.4126387785737385,0.5574125973956512,False,False,False
08,554,784,145,0.02390800230205059,3.392705682782019,0.5594029908703905,0.25553052959281786,0.40746676023160416,1,0.40746676023160416,0.5574125973956512,False,False,False
08,555,784,145,0.024826541543006897,3.392705682782019,0.5898180260992337,0.25553052959281786,0.4226742778460258,1,0.4226742778460258,0.5574125973956512,False,False,False
08,556,784,145,0.025086767971515656,3.392705682782019,0.5984347466895591,0.25553052959281786,0.4269826381411885,1,0.4269826381411885,0.5574125973956512,False,False,False
08,557,784,145,0.024889551103115082,3.392705682782019,0.5919044236149775,0.25553052959281786,0.4237174766038977,1,0.4237174766038977,0.5574125973956512,False,False,False
08,558,784,145,0.023881910368800163,3.392705682782019,0.5585390244401983,0.25553052959281786,0.4070347770165081,1,0.4070347770165081,0.5574125973956512,False,False,False
08,559,784,145,0.023286612704396248,3.392705682782019,0.5388272923473563,0.25553052959281786,0.39717891097008706,0,0.39717891097008706,0.5574125973956512,False,False,False
08,560,784,145,0.023339563980698586,3.392705682782019,0.540580635985099,0.25553052959281786,0.3980555827889584,0,0.3980555827889584,0.5574125973956512,False,False,False
08,561,784,145,0.02334628812968731,3.392705682782019,0.540803288670207,0.25553052959281786,0.3981669091315124,0,0.3981669091315124,0.5574125973956512,False,False,False
08,562,784,145,0.02457767352461815,3.392705682782019,0.5815774096844732,0.25553052959281786,0.41855396963864555,0,0.41855396963864555,0.5574125973956512,False,False,False
08,563,784,145,0.02413044683635235,3.392705682782019,0.5667686624123136,0.25553052959281786,0.41114959600256573,0,0.41114959600256573,0.5574125973956512,False,False,False
08,564,784,145,0.024152614176273346,3.392705682782019,0.5675026761534413,0.25553052959281786,0.4115166028731296,0,0.4115166028731296,0.5574125973956512,False,False,False
08,565,784,145,0.023687873035669327,3.392705682782019,0.5521139833970515,0.25553052959281786,0.4038222564949347,0,0.4038222564949347,0.5574125973956512,False,False,False
08,566,784,145,0.02516462840139866,3.392705682782019,0.6010128920885067,0.25553052959281786,0.4282717108406623,0,0.4282717108406623,0.5574125973956512,False,False,False
08,567,784,145,0.02458258345723152,3.392705682782019,0.581739989318253,0.25553052959281786,0.4186352594555354,0,0.4186352594555354,0.5574125973956512,False,False,False
08,568,784,145,0.022768810391426086,3.392705682782019,0.5216816170312233,0.25553052959281786,0.3886060733120206,0,0.3886060733120206,0.5574125973956512,False,False,False
08,569,784,145,0.02387082763016224,3.392705682782019,0.5581720484079565,0.25553052959281786,0.4068512890003872,0,0.4068512890003872,0.5574125973956512,False,False,False
08,570,784,145,0.023885199800133705,3.392705682782019,0.5586479453936335,0.25553052959281786,0.4070892374932257,0,0.4070892374932257,0.5574125973956512,False,False,False
08,571,784,148,0.024936426430940628,1.658063734399614,0.59345657803975,0.08478192310249798,0.339119250571124,0,0.339119250571124,0.5574125973956512,False,False,False
08,572,784,148,0.02403384819626808,1.547518074235634,0.563570049973979,0.073900416723528,0.3187352333487535,0,0.3187352333487535,0.5574125973956512,False,False,False
08,573,784,148,0.024545768275856972,1.4692838967648139,0.5805209504481255,0.06619947486891879,0.3233602126585221,0,0.3233602126585221,0.5574125973956512,False,False,False
08,574,784,148,0.024475015699863434,1.4233612019871569,0.578178163122965,0.06167909753867069,0.31992863033081786,0,0.31992863033081786,0.5574125973956512,False,False,False
08,575,784,148,0.02324243076145649,1.4097499899026624,0.537364322349915,0.060339284732783625,0.2988518035413493,0,0.2988518035413493,0.5574125973956512,False,False,False
08,576,784,148,0.02429444156587124,1.4284502605113307,0.5721989208631869,0.06218003645125762,0.31718947865722225,0,0.31718947865722225,0.5574125973956512,False,False,False
08,577,784,148,0.02345406264066696,1.4794620138131593,0.5443719609729872,0.06720135269409244,0.30578665683353984,0,0.30578665683353984,0.5574125973956512,False,False,False
08,578,784,148,0.022700302302837372,1.5627852498081505,0.5194131500621724,0.07540323346128831,0.29740819176173033,0,0.29740819176173033,0.5574125973956512,False,False,False
08,579,784,149,0.0226289015263319,0.9930934205743378,0.5170488992648742,0.019325905191148626,0.2681874022280114,0,0.2681874022280114,0.5574125973956512,False,False,False
08,580,784,149,0.023412732407450676,1.0304939617916746,0.5430034179176236,0.023007408628096648,0.28300541327286016,0,0.28300541327286016,0.5574125973956512,False,False,False
08,581,784,149,0.0243375301361084,1.1325174683953316,0.5736256866705565,0.03305004111376627,0.3033378638921614,0,0.3033378638921614,0.5574125973956512,False,False,False
08,582,784,149,0.02313099056482315,1.2974675875439237,0.5336742704115968,0.049286823010629116,0.29148054671111295,0,0.29148054671111295,0.5574125973956512,False,False,False
08,583,784,149,0.022938616573810577,1.4879437780201141,0.5273043066116082,0.06803625088173718,0.2976702787466727,0,0.2976702787466727,0.5574125973956512,False,False,False
08,584,784,149,0.023557856678962708,1.6784199684963046,0.5478088302873807,0.08678567875284525,0.317297254520113,0,0.317297254520113,0.5574125973956512,False,False,False
08,585,784,149,0.024162324145436287,1.868896158972495,0.5678241964990003,0.10553510662395332,0.33667965156147683,0,0.33667965156147683,0.5574125973956512,False,False,False
08,586,784,152,0.02563047781586647,1.0187810493154008,0.6164382824481207,0.021854453988015533,0.31914636821806813,0,0.31914636821806813,0.5574125973956512,False,False,False
08,587,784,152,0.025869475677609444,0.8537905408134431,0.6243520743259318,0.0056136963854973125,0.31498288535571456,0,0.31498288535571456,0.5574125973956512,False,False,False
08,588,784,152,0.025103580206632614,0.7585120562219824,0.5989914400789732,0.0,0.2994957200394866,0,0.2994957200394866,0.5574125973956512,False,False,False
08,589,784,152,0.024738067761063576,0.7601680197100047,0.586888447182351,0.0,0.2934442235911755,0,0.2934442235911755,0.5574125973956512,False,False,False
08,590,784,152,0.02475549280643463,0.8587584312775153,0.5874654321876656,0.006102708181117671,0.2967840701843916,0,0.2967840701843916,0.5574125973956512,False,False,False
08,591,784,152,0.023977797478437424,1.0474978795589498,0.5617140764004966,0.024681180709041486,0.29319762855476905,0,0.29319762855476905,0.5574125973956512,False,False,False
08,592,784,152,0.024920426309108734,1.1461286804798259,0.5929267756671522,0.03438985391965331,0.3136583147934028,0,0.3136583147934028,0.5574125973956512,False,False,False
08,593,784,152,0.024167519062757492,1.277070964093865,0.5679962126593234,0.04727909165462622,0.3076376521569748,0,0.3076376521569748,0.5574125973956512,False,False,False
08,594,784,152,0.024212146177887917,1.4403247304010667,0.5694739233746984,0.06334889391396017,0.31641140864432926,0,0.31641140864432926,0.5574125973956512,False,False,False
08,595,784,152,0.023462798446416855,1.6308009208772571,0.5446612244336955,0.08209832178506825,0.31337977310938187,0,0.31337977310938187,0.5574125973956512,False,False,False
08,596,784,152,0.023118242621421814,1.8212771113534476,0.5332521554595525,0.10084774965617632,0.3170499525578644,0,0.3170499525578644,0.5574125973956512,False,False,False
08,597,784,152,0.02476436085999012,2.011753301829638,0.587759074690103,0.11959717752728437,0.3536781261086937,0,0.3536781261086937,0.5574125973956512,False,False,False
08,598,784,155,0.023656778037548065,0.9218062118825469,0.5510843535008759,0.012308784709276972,0.28169656910507646,0,0.28169656910507646,0.5574125973956512,False,False,False
08,599,784,155,0.023684771731495857,0.8299204329738697,0.5520112917846679,0.0032640543431256427,0.27763767306389675,0,0.27763767306389675,0.5574125973956512,False,False,False
08,600,784,157,0.02479398436844349,1.9406276505513145,0.58873998003746,0.1125959598680347,0.35066796995274735,0,0.35066796995274735,0.5574125973956512,False,False,False
08,601,784,157,0.02465144917368889,1.600468516499051,0.5840202982029661,0.07911256683782435,0.3315664325203952,0,0.3315664325203952,0.5574125973956512,False,False,False
08,602,784,157,0.024702660739421844,1.3249323478331108,0.5857160358551435,0.05199030285633589,0.3188531693557397,0,0.3188531693557397,0.5574125973956512,False,False,False
08,603,784,157,0.02441716007888317,1.114019144553496,0.5762624248813748,0.03122916792356956,0.3037457964024722,0,0.3037457964024722,0.5574125973956512,False,False,False
08,604,784,157,0.024459131062030792,0.9711216123429849,0.5776521847022998,0.017163121314582884,0.29740765300844135,0,0.29740765300844135,0.5574125973956512,False,False,False
08,605,784,157,0.025255193933844566,0.9251585282119622,0.6040117338766849,0.012638768278679404,0.30832525107768216,0,0.30832525107768216,0.5574125973956512,False,False,False
08,606,784,157,0.024444423615932465,0.9727371864776444,0.5771651859206895,0.017322149540801073,0.2972436677307453,0,0.2972436677307453,0.5574125973956512,False,False,False
08,607,784,161,0.02328013814985752,3.2263419362656003,0.5386129043325542,0.2391545979980142,0.3888837511652842,0,0.3888837511652842,0.5574125973956512,False,False,False
08,608,784,161,0.023337261751294136,2.830081990387334,0.5405044036530232,0.20014894981238207,0.37032667673270264,0,0.37032667673270264,0.5574125973956512,False,False,False
08,609,784,161,0.022188765928149223,2.4661335272022287,0.5024749549767052,0.16432386615111078,0.333399410563908,0,0.333399410563908,0.5574125973956512,False,False,False
08,610,784,163,0.02352035790681839,3.8453895553132194,0.546567156088878,0.3000902385791154,0.4233286973339967,0,0.4233286973339967,0.5574125973956512,False,False,False
08,611,784,163,0.02262805961072445,3.353891514196858,0.5170210214217527,0.25170987645792925,0.3843654489398409,0,0.3843654489398409,0.5574125973956512,False,False,False
08,612,784,163,0.023102207109332085,2.894704955773657,0.5327211812307173,0.20651007886110395,0.36961563004591064,0,0.36961563004591064,0.5574125973956512,False,False,False
08,613,784,163,0.02288959175348282,2.4712225857264,0.525680977339574,0.16482480506369745,0.3452528912016357,0,0.3452528912016357,0.5574125973956512,False,False,False
08,614,784,164,0.02320440113544464,2.73823660083202,0.536105070307851,0.19110819515188582,0.36360663272986843,0,0.36360663272986843,0.5574125973956512,False,False,False
08,615,784,164,0.022671815007925034,2.265438830324327,0.5184698674677009,0.1445685847491737,0.33151922610843726,0,0.33151922610843726,0.5574125973956512,False,False,False
08,616,784,164,0.02397931180894375,1.862353083727129,0.561764219512129,0.10489104230777015,0.33332763090994955,0,0.33332763090994955,0.5574125973956512,False,False,False
08,617,784,164,0.02418539486825466,1.5545054323680259,0.568588123412504,0.07458821380192063,0.3215881686072123,0,0.3215881686072123,0.5574125973956512,False,False,False
08,618,784,164,0.022759491577744484,1.3112807463952483,0.5213730487809198,0.050646514344793225,0.2860097815628565,0,0.2860097815628565,0.5574125973956512,False,False,False
08,619,784,164,0.022969333454966545,1.270447110141765,0.5283214161490367,0.04662707592713204,0.28747424603808436,0,0.28747424603808436,0.5574125973956512,False,False,False
08,620,784,164,0.02262989804148674,1.2619249565814445,0.5170818962694539,0.04578820203383194,0.2814350491516429,0,0.2814350491516429,0.5574125973956512,False,False,False
08,621,784,165,0.022699030116200447,1.0935417423967035,0.5193710249142697,0.029213485156255686,0.27429225503526267,0,0.27429225503526267,0.5574125973956512,False,False,False
08,622,784,165,0.02280878834426403,1.134334989296821,0.5230053828429889,0.033228947868261485,0.2781171653556252,0,0.2781171653556252,0.5574125973956512,False,False,False
08,623,784,165,0.022090187296271324,1.2397512015832617,0.49921078026571963,0.043605539628989165,0.2714081599473544,0,0.2714081599473544,0.5574125973956512,False,False,False
08,624,784,165,0.022594807669520378,1.4080940264146373,0.5159199699717391,0.06017628080091007,0.28804812538632457,0,0.28804812538632457,0.5574125973956512,False,False,False
08,625,784,167,0.02347477711737156,0.903065551920513,0.545057866931737,0.010464057285147606,0.2777609621084423,0,0.2777609621084423,0.5574125973956512,False,False,False
08,626,784,167,0.02274104580283165,0.7329455955410159,0.5207622649746525,0.0,0.26038113248732625,0,0.26038113248732625,0.5574125973956512,False,False,False
08,627,784,167,0.022390563040971756,0.6631527929237853,0.5091569409190654,0.0,0.2545784704595327,0,0.2545784704595327,0.5574125973956512,False,False,False
08,628,784,167,0.0219285786151886,0.7957914293792147,0.4938595295959055,0.0,0.24692976479795276,0,0.24692976479795276,0.5574125973956512,False,False,False
08,629,784,167,0.022377271205186844,0.9930530312209696,0.5087168163869515,0.019321929485492998,0.2640193729362223,0,0.2640193729362223,0.5574125973956512,False,False,False
08,630,784,167,0.02226000465452671,1.249848539924876,0.504833839905969,0.04459946604285209,0.2747166529744105,0,0.2747166529744105,0.5574125973956512,False,False,False
08,631,784,168,0.022277547046542168,0.6937679227755577,0.5054147105398603,0.0,0.25270735526993016,0,0.25270735526993016,0.5574125973956512,False,False,False
08,632,784,168,0.022402292117476463,0.7838765701361134,0.509545318746801,0.0,0.2547726593734005,0,0.2547726593734005,0.5574125973956512,False,False,False
08,633,784,168,0.02273700013756752,0.9641342542105904,0.5206283033037232,0.016475324236189998,0.2685518137699566,0,0.2685518137699566,0.5574125973956512,False,False,False
08,634,784,168,0.0228319950401783,1.2022294923058285,0.52377381215151,0.039912109075075086,0.2818429606132925,0,0.2818429606132925,0.5574125973956512,False,False,False
08,635,784,168,0.022374900057911873,1.392705682782019,0.508638302019045,0.05866153694618316,0.2836499194826141,0,0.2836499194826141,0.5574125973956512,False,False,False
08,636,784,170,0.022075839340686798,0.5697322185871796,0.4987356850764157,0.0,0.24936784253820785,0,0.24936784253820785,0.5574125973956512,False,False,False
08,637,784,171,0.022536717355251312,0.9950321095359265,0.5139964604729955,0.019516739062610183,0.26675659976780286,0,0.26675659976780286,0.5574125973956512,False,False,False
08,638,784,171,0.02173614501953125,0.7331071529544831,0.4874875921433066,0.0,0.2437437960716533,0,0.2437437960716533,0.5574125973956512,False,False,False
08,639,784,171,0.0225337166339159,0.5476796316490958,0.5138970993993919,0.0,0.25694854969969594,0,0.25694854969969594,0.5574125973956512,False,False,False
08,640,784,171,0.02279929257929325,0.49489074679914324,0.5226909553114985,0.0,0.2613454776557492,0,0.2613454776557492,0.5574125973956512,False,False,False
08,641,784,171,0.022479817271232605,0.5713477927218391,0.5121123623498153,0.0,0.25605618117490764,0,0.25605618117490764,0.5574125973956512,False,False,False
08,642,784,171,0.0234421044588089,0.7175572519083974,0.5439759969180306,0.0,0.2719879984590153,0,0.2719879984590153,0.5574125973956512,False,False,False
08,643,784,173,0.02383386716246605,1.0018175209014881,0.5569481987595912,0.020184657612725757,0.2885664281861585,0,0.2885664281861585,0.5574125973956512,False,False,False
08,644,784,173,0.022320885211229324,0.7313704107597219,0.5068497410175359,0.0,0.25342487050876794,0,0.25342487050876794,0.5574125973956512,False,False,False
08,645,784,173,0.022720051929354668,0.5629468072216152,0.5200671075192916,0.0,0.2600335537596458,0,0.2600335537596458,0.5574125973956512,False,False,False
08,646,784,173,0.023415230214595795,0.5152873702491994,0.5430861262973272,0.0,0.2715430631486636,0,0.2715430631486636,0.5574125973956512,False,False,False
08,647,784,173,0.023423312231898308,0.564562381356272,0.5433537412559655,0.0,0.27167687062798274,0,0.27167687062798274,0.5574125973956512,False,False,False
08,648,784,173,0.024112103506922722,0.7107718405428329,0.5661612708214704,0.0,0.2830806354107352,0,0.2830806354107352,0.5574125973956512,False,False,False
08,649,784,173,0.02386048436164856,0.9403449250777507,0.5578295580034123,0.014133633605129299,0.2859815958042708,0,0.2859815958042708,0.5574125973956512,False,False,False
08,650,784,173,0.02394016459584236,1.2022294923058285,0.5604679614836204,0.039912109075075086,0.30019003527934773,0,0.30019003527934773,0.5574125973956512,False,False,False
08,651,784,173,0.023406164720654488,1.4879437780201141,0.5427859460706179,0.06803625088173718,0.30541109847617753,0,0.30541109847617753,0.5574125973956512,False,False,False
08,652,784,175,0.023687822744250298,0.6479663960579997,0.5521123181276615,0.0,0.27605615906383074,0,0.27605615906383074,0.5574125973956512,False,False,False
08,653,784,175,0.022623391821980476,0.6479260067046342,0.5168664597517025,0.0,0.25843322987585127,0,0.25843322987585127,0.5574125973956512,False,False,False
08,654,784,175,0.023783845826983452,0.7448200654307516,0.5552918724829772,0.0,0.2776459362414886,0,0.2776459362414886,0.5574125973956512,False,False,False
08,655,784,175,0.023105138912796974,0.931863160870793,0.5328182602684902,0.013298735417484279,0.27305849784298725,0,0.27305849784298725,0.5574125973956512,False,False,False
08,656,784,175,0.023592675104737282,1.18352922169716,0.5489617517950607,0.03807135735660107,0.29351655457583087,0,0.29351655457583087,0.5574125973956512,False,False,False
08,657,784,175,0.023595793172717094,1.392705682782019,0.549064998497241,0.05866153694618316,0.30386326772171207,0,0.30386326772171207,0.5574125973956512,False,False,False
08,658,784,179,0.022822512313723564,2.2263419362656003,0.5234598163565279,0.1407201016746968,0.3320899590156124,0,0.3320899590156124,0.5574125973956512,False,False,False
08,659,784,179,0.023839980363845825,1.8777010380063819,0.5571506215054429,0.1064018104568417,0.3317762159811423,0,0.3317762159811423,0.5574125973956512,False,False,False
08,660,784,179,0.025271445512771606,1.5613716224403238,0.6045498625962328,0.07526408376334744,0.33990697317979013,0,0.33990697317979013,0.5574125973956512,False,False,False
08,661,784,179,0.025423415005207062,1.287531806615774,0.6095819366329627,0.04830879941938787,0.32894536802617524,0,0.32894536802617524,0.5574125973956512,False,False,False
08,662,784,179,0.02411450631916523,1.0783149561775496,0.5662408336923263,0.027714644124150437,0.29697773890823836,0,0.29697773890823836,0.5574125973956512,False,False,False
08,663,784,179,0.023303356021642685,0.9337210711256508,0.5393817037009396,0.013481617877635134,0.2764316607892874,0,0.2764316607892874,0.5574125973956512,False,False,False
08,664,784,179,0.023862501606345177,0.8486610929359009,0.5578963538089446,0.005108781767254735,0.2815025677880997,0,0.2815025677880997,0.5574125973956512,False,False,False
08,665,784,179,0.023416435346007347,0.8282240801324766,0.5431260310860433,0.003097074705596481,0.2731115528958199,0,0.2731115528958199,0.5574125973956512,False,False,False
08,666,784,180,0.024333924055099487,0.911668484187567,0.5735062806876288,0.01131088258975868,0.2924085816386937,0,0.2924085816386937,0.5574125973956512,False,False,False
08,667,784,180,0.02521040476858616,0.8146936467547159,0.6025286572932755,0.0017652133110204029,0.302146935302148,0,0.302146935302148,0.5574125973956512,False,False,False
08,668,784,181,0.024354632943868637,1.0426107678016059,0.5741920016164462,0.024200120324731577,0.29919606097058893,0,0.29919606097058893,0.5574125973956512,False,False,False
08,669,784,181,0.023350263014435768,0.8606163415323703,0.5409349066286615,0.0062855906412682535,0.27361024863496486,1,0.27361024863496486,0.5574125973956512,False,False,False
08,670,784,181,0.024364713579416275,0.7857344803909657,0.574525795614176,0.0,0.287262897807088,1,0.287262897807088,0.5574125973956512,False,False,False
08,671,784,181,0.023702001199126244,0.8384021971808219,0.5525818007423546,0.0040989525307701166,0.27834037663656236,1,0.27834037663656236,0.5574125973956512,False,False,False
08,672,784,181,0.02470383793115616,0.9846116563673801,0.5857550154941985,0.018491007003503607,0.30212301124885105,1,0.30212301124885105,0.5574125973956512,False,False,False
08,673,784,181,0.025454631075263023,1.1835696110505256,0.610615575511003,0.03807533306225643,0.3243454542866297,1,0.3243454542866297,0.5574125973956512,False,False,False
08,674,784,181,0.024446750059723854,1.4148390484268336,0.5772422200491383,0.0608402236453703,0.3190412218472543,1,0.3190412218472543,0.5574125973956512,False,False,False
08,675,784,181,0.02367480657994747,1.6784199684963046,0.5516813217388706,0.08678567875284525,0.31923350024585795,1,0.31923350024585795,0.5574125973956512,False,False,False
08,676,784,181,0.023765714839100838,1.9641342542105904,0.5546915120295585,0.11490982055950737,0.3348006662945329,1,0.3348006662945329,0.5574125973956512,False,False,False
08,677,784,181,0.024404704570770264,2.249848539924876,0.5758499931624502,0.14303396236616947,0.35944197776430986,1,0.35944197776430986,0.5574125973956512,False,False,False
08,678,784,181,0.02451629377901554,2.535562825639162,0.5795449792322945,0.1711581041728316,0.3753515417025631,1,0.3753515417025631,0.5574125973956512,False,False,False
08,679,784,181,0.02270178496837616,2.630800920877257,0.5194622446708554,0.1805328181083856,0.34999753138962053,1,0.34999753138962053,0.5574125973956512,False,False,False
08,680,784,181,0.024617649614810944,2.7260390161153523,0.5829011138195948,0.18990753204393965,0.3864043229317672,1,0.3864043229317672,0.5574125973956512,False,False,False
08,681,784,181,0.02337610349059105,2.8212771113534476,0.5417905467119035,0.19928224597949368,0.37053639634569857,1,0.37053639634569857,0.5574125973956512,False,False,False
08,682,784,181,0.023027360439300537,2.916515206591543,0.5302428286418818,0.20865695991504776,0.36944989427846475,1,0.36944989427846475,0.5574125973956512,False,False,False
08,683,784,181,0.02332213521003723,3.011753301829638,0.5400035276264963,0.21803167385060176,0.379017600738549,1,0.379017600738549,0.5574125973956512,False,False,False
08,684,784,181,0.02333173342049122,3.106991397067733,0.5403213473734109,0.22740638778615577,0.3838638675797833,1,0.3838638675797833,0.5574125973956512,False,False,False
08,685,784,181,0.024339325726032257,3.2022294923058285,0.573685142955444,0.23678110172170985,0.40523312233857695,1,0.40523312233857695,0.5574125973956512,False,False,False
08,686,784,181,0.022938257083296776,3.297467587543924,0.5272924030193019,0.24615581565726385,0.3867241093382829,1,0.3867241093382829,0.5574125973956512,False,False,False
08,687,784,181,0.024287760257720947,3.3450866351629713,0.5719776867408926,0.25084317262504086,0.4114104296829667,1,0.4114104296829667,0.5574125973956512,False,False,False
08,688,784,181,0.024116672575473785,3.392705682782019,0.5663125636293845,0.25553052959281786,0.4109215466111012,1,0.4109215466111012,0.5574125973956512,False,False,False
08,689,784,181,0.023240534588694572,3.392705682782019,0.5373015355262475,0.25553052959281786,0.39641603255953267,1,0.39641603255953267,0.5574125973956512,False,False,False
08,690,784,181,0.023582803085446358,3.392705682782019,0.5486348655814671,0.25553052959281786,0.4020826975871425,1,0.4020826975871425,0.5574125973956512,False,False,False
08,691,784,181,0.023536063730716705,3.392705682782019,0.547087213551712,0.25553052959281786,0.4013088715722649,1,0.4013088715722649,0.5574125973956512,False,False,False
08,692,784,181,0.024044141173362732,3.392705682782019,0.5639108751091333,0.25553052959281786,0.4097207023509756,1,0.4097207023509756,0.5574125973956512,False,False,False
08,693,784,181,0.023223038762807846,3.392705682782019,0.5367222068084581,0.25553052959281786,0.39612636820063796,1,0.39612636820063796,0.5574125973956512,False,False,False
08,694,784,181,0.024082152172923088,3.392705682782019,0.5651695103847565,0.25553052959281786,0.4103500199887872,1,0.4103500199887872,0.5574125973956512,False,False,False
08,695,784,181,0.02351960726082325,3.392705682782019,0.546542300401316,0.25553052959281786,0.40103641499706694,1,0.40103641499706694,0.5574125973956512,False,False,False
08,696,784,181,0.023115340620279312,3.392705682782019,0.5331560632480848,0.25553052959281786,0.39434329642045135,1,0.39434329642045135,0.5574125973956512,False,False,False
08,697,784,181,0.024692455306649208,3.392705682782019,0.5853781095222608,0.25553052959281786,0.4204543195575393,1,0.4204543195575393,0.5574125973956512,False,False,False
08,698,784,181,0.02408912405371666,3.392705682782019,0.5654003660635264,0.25553052959281786,0.4104654478281721,1,0.4104654478281721,0.5574125973956512,False,False,False
08,699,784,181,0.024155285209417343,3.392705682782019,0.5675911204610438,0.25553052959281786,0.4115608250269308,1,0.4115608250269308,0.5574125973956512,False,False,False
08,700,784,181,0.024456169456243515,3.392705682782019,0.5775541188382217,0.25553052959281786,0.4165423242155198,1,0.4165423242155198,0.5574125973956512,False,False,False
08,701,784,181,0.0248345248401165,3.392705682782019,0.590082372195736,0.25553052959281786,0.42280645089427693,1,0.42280645089427693,0.5574125973956512,False,False,False
08,702,784,181,0.025046661496162415,3.392705682782019,0.5971067251893523,0.25553052959281786,0.42631862739108506,1,0.42631862739108506,0.5574125973956512,False,False,False
08,703,784,181,0.024816742166876793,3.392705682782019,0.5894935452747592,0.25553052959281786,0.4225120374337885,1,0.4225120374337885,0.5574125973956512,False,False,False
08,704,784,181,0.023750092834234238,3.392705682782019,0.5541742300157078,0.25553052959281786,0.4048523798042628,1,0.4048523798042628,0.5574125973956512,False,False,False
08,705,784,181,0.024500466883182526,3.392705682782019,0.5790209127875956,0.25553052959281786,0.4172757211902067,1,0.4172757211902067,0.5574125973956512,False,False,False
08,706,784,181,0.02464275248348713,3.392705682782019,0.5837323299517835,0.25553052959281786,0.41963142977230067,1,0.41963142977230067,0.5574125973956512,False,False,False
08,707,784,181,0.025485098361968994,3.392705682782019,0.6116244203781255,0.25553052959281786,0.43357747498547167,1,0.43357747498547167,0.5574125973956512,False,False,False
08,708,784,181,0.024410564452409744,3.392705682782019,0.5760440278847079,0.25553052959281786,0.41578727873876287,1,0.41578727873876287,0.5574125973956512,False,False,False
08,709,784,181,0.023802006617188454,3.392705682782019,0.5558932197627011,0.25553052959281786,0.4057118746777595,1,0.4057118746777595,0.5574125973956512,False,False,False
08,710,784,181,0.023835191503167152,3.392705682782019,0.556992050853528,0.25553052959281786,0.4062612902231729,1,0.4062612902231729,0.5574125973956512,False,False,False
08,711,784,181,0.02534080110490322,3.392705682782019,0.6068463924383375,0.25553052959281786,0.4311884610155777,1,0.4311884610155777,0.5574125973956512,False,False,False
08,712,784,181,0.02439154125750065,3.392705682782019,0.5754141243187775,0.25553052959281786,0.41547232695579767,1,0.41547232695579767,0.5574125973956512,False,False,False
08,713,784,181,0.0249942559748888,3.392705682782019,0.5953714528083233,0.25553052959281786,0.42545099120057056,1,0.42545099120057056,0.5574125973956512,False,False,False
08,714,784,181,0.024018418043851852,3.392705682782019,0.5630591206544678,0.25553052959281786,0.40929482512364285,1,0.40929482512364285,0.5574125973956512,False,False,False
08,715,784,181,0.0241224467754364,3.392705682782019,0.5665037612260148,0.25553052959281786,0.4110171454094163,1,0.4110171454094163,0.5574125973956512,False,False,False
08,716,784,181,0.023995378986001015,3.392705682782019,0.5622962422439135,0.25553052959281786,0.4089133859183657,1,0.4089133859183657,0.5574125973956512,False,False,False
08,717,784,181,0.02460269257426262,3.392705682782019,0.5824058503676786,0.25553052959281786,0.4189681899802482,1,0.4189681899802482,0.5574125973956512,False,False,False
08,718,784,181,0.023540237918496132,3.392705682782019,0.5472254309110823,0.25553052959281786,0.4013779802519501,1,0.4013779802519501,0.5574125973956512,False,False,False
08,719,784,181,0.0235801562666893,3.392705682782019,0.5485472230702376,0.25553052959281786,0.40203887633152774,1,0.40203887633152774,0.5574125973956512,False,False,False
08,720,784,181,0.02434917539358139,3.392705682782019,0.5740112890493088,0.25553052959281786,0.4147709093210633,1,0.4147709093210633,0.5574125973956512,False,False,False
08,721,784,181,0.022992068901658058,3.392705682782019,0.529074241266607,0.25553052959281786,0.3923023854297124,1,0.3923023854297124,0.5574125973956512,False,False,False
08,722,784,181,0.022963618859648705,3.392705682782019,0.5281321922050168,0.25553052959281786,0.39183136089891735,1,0.39183136089891735,0.5574125973956512,False,False,False
08,723,784,181,0.02292049676179886,3.392705682782019,0.5267043162180539,0.25553052959281786,0.3911174229054359,1,0.3911174229054359,0.5574125973956512,False,False,False
08,724,784,181,0.02398773841559887,3.392705682782019,0.562043244649921,0.25553052959281786,0.4087868871213694,1,0.4087868871213694,0.5574125973956512,False,False,False
08,725,784,181,0.02510787546634674,3.392705682782019,0.5991336664202085,0.25553052959281786,0.4273320980065132,1,0.4273320980065132,0.5574125973956512,False,False,False
08,726,784,181,0.023045819252729416,3.392705682782019,0.5308540441846575,0.25553052959281786,0.3931922868887377,1,0.3931922868887377,0.5574125973956512,False,False,False
08,727,784,181,0.024308763444423676,3.392705682782019,0.5726731525794738,0.25553052959281786,0.41410184108614584,0,0.41410184108614584,0.5574125973956512,False,False,False
08,728,784,181,0.023156480863690376,3.392705682782019,0.5345183152857529,0.25553052959281786,0.39502442243928537,0,0.39502442243928537,0.5574125973956512,False,False,False
08,729,784,181,0.025335077196359634,3.392705682782019,0.6066568601110973,0.25553052959281786,0.4310936948519576,0,0.4310936948519576,0.5574125973956512,False,False,False
08,730,784,181,0.023424731567502022,3.392705682782019,0.54340073885875,0.25553052959281786,0.3994656342257839,0,0.3994656342257839,0.5574125973956512,False,False,False
08,731,784,181,0.023501014336943626,3.392705682782019,0.5459266441401668,0.25553052959281786,0.4007285868664923,0,0.4007285868664923,0.5574125973956512,False,False,False
08,732,784,181,0.023426303640007973,3.392705682782019,0.5434527939463487,0.25553052959281786,0.3994916617695833,0,0.3994916617695833,0.5574125973956512,False,False,False
08,733,784,181,0.02302967570722103,3.392705682782019,0.5303194927104661,0.25553052959281786,0.39292501115164197,0,0.39292501115164197,0.5574125973956512,False,False,False
08,734,784,181,0.02328849956393242,3.392705682782019,0.5388897707878034,0.25553052959281786,0.39721015019031064,0,0.39721015019031064,0.5574125973956512,False,False,False
08,735,784,181,0.023611463606357574,3.392705682782019,0.5495838841038376,0.25553052959281786,0.40255720684832774,0,0.40255720684832774,0.5574125973956512,False,False,False
08,736,784,181,0.023665720596909523,3.392705682782019,0.5513804630690764,0.25553052959281786,0.4034554963309471,0,0.4034554963309471,0.5574125973956512,False,False,False
08,737,784,183,0.024980321526527405,1.9556524900036354,0.5949100498340039,0.1140749223718626,0.3544924861029332,0,0.3544924861029332,0.5574125973956512,False,False,False
08,738,784,184,0.023882519453763962,1.5628256391615187,0.5585591927028106,0.07540720916694393,0.3169832009348773,0,0.3169832009348773,0.5574125973956512,False,False,False
08,739,784,184,0.024001700803637505,1.4522799789975387,0.5625055727739015,0.06452570278797395,0.3135156377809377,0,0.3135156377809377,0.5574125973956512,False,False,False
08,740,784,184,0.02526087313890457,1.3757421543681092,0.6041997859644673,0.056991740570893665,0.3305957632676805,0,0.3305957632676805,0.5574125973956512,False,False,False
08,741,784,184,0.02442217618227005,1.3621309422836148,0.5764285200838667,0.055651927765006604,0.31604022392443665,0,0.31604022392443665,0.5574125973956512,False,False,False
08,742,784,184,0.023460617288947105,1.3808312128922833,0.5445890010834845,0.05749267948348062,0.30104084028348255,0,0.30104084028348255,0.5574125973956512,False,False,False
08,743,784,186,0.02339709922671318,1.0952380952380967,0.5424857658439085,0.02938046479378485,0.2859331153188467,0,0.2859331153188467,0.5574125973956512,False,False,False
08,744,784,186,0.02341924048960209,0.8928470455188021,0.5432189161120191,0.009458203754318604,0.27633855993316886,0,0.27633855993316886,0.5574125973956512,False,False,False
08,745,784,186,0.022899560630321503,0.7550789611858306,0.5260110707386594,0.0,0.2630055353693297,0,0.2630055353693297,0.5574125973956512,False,False,False
08,746,784,186,0.023029668256640434,0.6870229007633587,0.5303192460038898,0.0,0.2651596230019449,0,0.2651596230019449,0.5574125973956512,False,False,False
08,747,784,186,0.024045288562774658,0.7108122298961984,0.563948867921883,0.0,0.2819744339609415,0,0.2819744339609415,0.5574125973956512,False,False,False
08,748,784,186,0.023558150976896286,0.7992245244153637,0.5478185751971445,0.0002425180449824961,0.2740305466210635,0,0.2740305466210635,0.5574125973956512,False,False,False
08,749,784,186,0.022883350029587746,0.9488670786380711,0.5254742989052812,0.014972507498429401,0.2702234032018553,0,0.2702234032018553,0.5574125973956512,False,False,False
08,750,784,186,0.022875845432281494,1.1308211155539412,0.525225803706306,0.03288306147623737,0.27905443259127166,0,0.27905443259127166,0.5574125973956512,False,False,False
08,751,784,187,0.022072985768318176,0.6495819701926564,0.49864119645769395,0.0,0.24932059822884697,0,0.24932059822884697,0.5574125973956512,False,False,False
08,752,784,187,0.02300541289150715,0.7856133123308693,0.5295160927447549,0.0,0.26475804637237743,0,0.26475804637237743,0.5574125973956512,False,False,False
08,753,784,187,0.02264205552637577,0.9862676198554051,0.5174844597253265,0.01865401093537715,0.2680692353303518,0,0.2680692353303518,0.5574125973956512,False,False,False
08,754,784,187,0.02252086065709591,1.249848539924876,0.5134714072019914,0.04459946604285209,0.2790354366224217,0,0.2790354366224217,0.5574125973956512,False,False,False
08,755,784,187,0.023273227736353874,1.5355628256391618,0.5383840839830387,0.0727236078495142,0.30555384591627643,0,0.30555384591627643,0.5574125973956512,False,False,False
08,756,784,187,0.02312593348324299,1.8212771113534476,0.5335068183229351,0.10084774965617632,0.3171772839895557,0,0.3171772839895557,0.5574125973956512,False,False,False
08,757,784,189,0.02323784865438938,0.7566945353204901,0.5372125978054924,0.0,0.2686062989027462,0,0.2686062989027462,0.5574125973956512,False,False,False
08,758,784,189,0.023111864924430847,0.8247102063895966,0.5330409746302424,0.0027511883135723546,0.26789608147190735,0,0.26789608147190735,0.5574125973956512,False,False,False
08,759,784,189,0.022448327392339706,0.9097297952259783,0.511069657005096,0.011120048718297125,0.26109485286169654,0,0.26109485286169654,0.5574125973956512,False,False,False
08,760,784,190,0.02273598685860634,0.6478856173512687,0.5205947512093468,0.0,0.2602973756046734,0,0.2602973756046734,0.5574125973956512,False,False,False
08,761,784,190,0.02155890315771103,0.6563673815582236,0.48161868939977726,0.0,0.24080934469988863,0,0.24080934469988863,0.5574125973956512,False,False,False
08,762,784,190,0.022656366229057312,0.7617835938446641,0.517958321381749,0.0,0.2589791606908745,0,0.2589791606908745,0.5574125973956512,False,False,False
08,763,784,191,0.022316912189126015,0.6309220889373561,0.5067181847357255,0.0,0.25335909236786275,0,0.25335909236786275,0.5574125973956512,False,False,False
08,764,784,191,0.022028611972928047,0.5339472515045051,0.4971718737659131,0.0,0.24858593688295655,0,0.24858593688295655,0.5574125973956512,False,False,False
08,765,784,191,0.020787518471479416,0.5662183448442997,0.4560762940827319,0.0,0.22803814704136596,0,0.22803814704136596,0.5574125973956512,False,False,False
08,766,784,193,0.021523363888263702,1.2739609838846477,0.4804418990308406,0.04697296231915644,0.2637074306749985,0,0.2637074306749985,0.5574125973956512,False,False,False
08,767,784,193,0.020916730165481567,0.9729391332444772,0.46035480288216263,0.017342028069078384,0.2388484154756205,0,0.2388484154756205,0.5574125973956512,False,False,False
08,768,784,193,0.021836761385202408,0.7042287652974667,0.4908192411029094,0.0,0.2454096205514547,0,0.2454096205514547,0.5574125973956512,False,False,False
08,769,784,194,0.023531833663582802,1.2280382891069905,0.5469471458930194,0.04245258498890831,0.2946998654409639,0,0.2946998654409639,0.5574125973956512,False,False,False
08,770,784,194,0.0232282355427742,0.9134052263823256,0.5368942846454252,0.011481837932943198,0.2741880612891842,0,0.2741880612891842,0.5574125973956512,False,False,False
08,771,784,195,0.023405952379107475,1.4168181267417905,0.5427789149331934,0.06103503322248748,0.30190697407784045,0,0.30190697407784045,0.5574125973956512,False,False,False
08,772,784,195,0.02321808412671089,1.0732662870067438,0.5365581469352205,0.027217680917219104,0.2818879139262198,0,0.2818879139262198,0.5574125973956512,False,False,False
08,773,784,195,0.021532271057367325,0.8266488953511826,0.48073683674280365,0.0029420221850336476,0.24183942946391865,0,0.24183942946391865,0.5574125973956512,False,False,False
08,774,784,195,0.022666972130537033,0.6752695989337193,0.5183095081931077,0.0,0.25915475409655386,0,0.25915475409655386,0.5574125973956512,False,False,False
08,775,784,195,0.02291090041399002,0.6105658548406628,0.5263865581477833,0.0,0.2631932790738917,0,0.2631932790738917,0.5574125973956512,False,False,False
08,776,784,196,0.02300132066011429,0.6480471747647305,0.5293805891577238,0.0,0.2646902945788619,0,0.2646902945788619,0.5574125973956512,False,False,False
08,777,784,196,0.022288495674729347,0.4847530191041634,0.5057772458537287,0.0,0.25288862292686437,0,0.25288862292686437,0.5574125973956512,False,False,False
08,778,784,196,0.022228388115763664,0.5272022294923033,0.5037869405494527,0.0,0.25189347027472636,0,0.25189347027472636,0.5574125973956512,False,False,False
08,779,784,196,0.02228546515107155,0.6972010178117041,0.5056768979538199,0.0,0.25283844897690994,0,0.25283844897690994,0.5574125973956512,False,False,False
08,780,784,196,0.02327929064631462,0.9641342542105904,0.5385848414595004,0.016475324236189998,0.2775300828478452,0,0.2775300828478452,0.5574125973956512,False,False,False
08,781,784,196,0.022823072969913483,1.249848539924876,0.5234783810263943,0.04459946604285209,0.28403892353462323,0,0.28403892353462323,0.5574125973956512,False,False,False
08,782,784,196,0.023143375292420387,1.5355628256391618,0.5340843584180465,0.0727236078495142,0.30340398313378036,0,0.30340398313378036,0.5574125973956512,False,False,False
08,783,784,196,0.023281509056687355,1.8212771113534476,0.5386582983425928,0.10084774965617632,0.31975302399938454,0,0.31975302399938454,0.5574125973956512,False,False,False
09,35,853,11,0.019861547276377678,0.34185548689365575,0.4254151690440323,0.0,0.21270758452201616,0,0.21270758452201616,0.5574125973956512,False,False,False
09,36,853,11,0.019977301359176636,0.30776687265236885,0.4292480640900266,0.0,0.2146240320450133,0,0.2146240320450133,0.5574125973956512,False,False,False
09,37,853,12,0.019156452268362045,0.5171452805040578,0.4020677838129454,0.0,0.2010338919064727,0,0.2010338919064727,0.5574125973956512,False,False,False
09,38,853,13,0.01979626901447773,1.1311038410275043,0.4232536493758062,0.03291089141582532,0.22808227039581574,0,0.22808227039581574,0.5574125973956512,False,False,False
09,39,853,13,0.01966683566570282,0.782462942768286,0.4189678010557306,0.0,0.2094839005278653,0,0.2094839005278653,0.5574125973956512,False,False,False
09,40,853,13,0.02028823271393776,0.47631164425057465,0.4395437462853411,0.0,0.21977187314267055,0,0.21977187314267055,0.5574125973956512,False,False,False
09,41,853,13,0.019384028390049934,0.32315521628498733,0.4096033745092932,0.0,0.2048016872546466,0,0.2048016872546466,0.5574125973956512,False,False,False
09,42,853,15,0.019260507076978683,1.5596752695989333,0.4055132878575093,0.07509710412581853,0.24030519599166392,0,0.24030519599166392,0.5574125973956512,False,False,False
09,43,853,15,0.019503658637404442,1.1634153237206677,0.41356461865160593,0.03609145594018645,0.22482803729589618,0,0.22482803729589618,0.5574125973956512,False,False,False
09,44,853,16,0.02012939192354679,1.7025324124560763,0.4342841471086213,0.0891591750291496,0.26172166106888545,0,0.26172166106888545,0.5574125973956512,False,False,False
09,45,853,16,0.019893169403076172,1.307968819419201,0.42646225343048083,0.0503205064810464,0.23839137995576362,0,0.23839137995576362,0.5574125973956512,False,False,False
09,46,853,16,0.019900528714060783,0.9780281917686499,0.4267059378512182,0.017842966981665202,0.2222744524164417,0,0.2222744524164417,0.5574125973956512,False,False,False
09,47,853,16,0.019628386944532394,0.7637222828062514,0.4176946717687499,0.0,0.20884733588437496,0,0.20884733588437496,0.5574125973956512,False,False,False
09,48,853,16,0.019225111231207848,0.6140393392301787,0.40434124659016635,0.0,0.20217062329508317,0,0.20217062329508317,0.5574125973956512,False,False,False
09,49,853,17,0.02036370150744915,0.796033765499413,0.44204269887329745,0.0,0.22102134943664872,0,0.22102134943664872,0.5574125973956512,False,False,False
09,50,853,17,0.018546592444181442,0.6174320449129609,0.3818738637167308,0.0,0.1909369318583654,0,0.1909369318583654,0.5574125973956512,False,False,False
09,51,853,17,0.01975824497640133,0.5357647724059932,0.42199458236367443,0.0,0.21099729118183722,0,0.21099729118183722,0.5574125973956512,False,False,False
09,52,853,17,0.018100682646036148,0.61561452401147,0.3671087218319317,0.0,0.18355436091596586,0,0.18355436091596586,0.5574125973956512,False,False,False
09,53,853,20,0.01842391863465309,2.0834847934084566,0.3778118399380007,0.12665803077136567,0.2522349353546832,0,0.2522349353546832,0.5574125973956512,False,False,False
09,54,853,20,0.01856311224400997,1.639605799911143,0.38242087387302537,0.08296502561795654,0.23269294974549096,0,0.23269294974549096,0.5574125973956512,False,False,False
09,55,853,20,0.017886193469166756,1.2756573367260389,0.36000647123684965,0.0471399419566854,0.20357320659676753,0,0.20357320659676753,0.5574125973956512,False,False,False
09,56,853,20,0.018553078174591064,0.9508057675996604,0.38208862179139735,0.015163341369891023,0.19862598158064418,0,0.19862598158064418,0.5574125973956512,False,False,False
09,57,853,20,0.018256070092320442,0.6990589280665611,0.3722539725105379,0.0,0.18612698625526894,0,0.18612698625526894,0.5574125973956512,False,False,False
09,58,853,20,0.01761060580611229,0.5969546427561705,0.350881103362844,0.0,0.175440551681422,0,0.175440551681422,0.5574125973956512,False,False,False
09,59,853,20,0.018488213419914246,0.6632335716305197,0.3799407943381557,0.0,0.18997039716907785,0,0.18997039716907785,0.5574125973956512,False,False,False
09,60,853,21,0.019278129562735558,0.6173916555595941,0.4060968105870958,0.0,0.2030484052935479,0,0.2030484052935479,0.5574125973956512,False,False,False
09,61,853,21,0.019617516547441483,0.5543842643079293,0.41733472687393264,0.0,0.20866736343696632,0,0.20866736343696632,0.5574125973956512,False,False,False
09,62,853,21,0.018943075090646744,0.6427561694737278,0.3950023541743756,0.0,0.1975011770871878,0,0.1975011770871878,0.5574125973956512,False,False,False
09,63,853,21,0.019689008593559265,0.8468031826810458,0.41970199982679046,0.004925899307104153,0.2123139495669473,0,0.2123139495669473,0.5574125973956512,False,False,False
09,64,853,23,0.020774800330400467,0.9099721313461766,0.4556551659569929,0.011143902952229792,0.23339953445461134,0,0.23339953445461134,0.5574125973956512,False,False,False
09,65,853,23,0.01940113492310047,0.7109737873096658,0.4101698128084711,0.0,0.20508490640423555,0,0.20508490640423555,0.5574125973956512,False,False,False
09,66,853,23,0.019018415361642838,0.57999111434226,0.3974970510738909,0.0,0.19874852553694544,0,0.19874852553694544,0.5574125973956512,False,False,False
09,67,853,23,0.0199386328458786,0.5561210065026839,0.42796765695904515,0.0,0.21398382847952258,0,0.21398382847952258,0.5574125973956512,False,False,False
09,68,853,23,0.021142516285181046,0.661496829435759,0.467831122323555,0.0,0.2339155611617775,0,0.2339155611617775,0.5574125973956512,False,False,False
09,69,853,25,0.02008100226521492,1.0851407568964822,0.43268184957221634,0.028386538379921902,0.2305341939760691,0,0.2305341939760691,0.5574125973956512,False,False,False
09,70,853,25,0.02153845503926277,0.8129972939133254,0.48094160320113016,0.0015982336734915038,0.24126991843731083,0,0.24126991843731083,0.5574125973956512,False,False,False
09,71,853,25,0.02100205048918724,0.637788279009653,0.4631799632406277,0.0,0.23158998162031386,0,0.23158998162031386,0.5574125973956512,False,False,False
09,72,853,25,0.020921509712934494,0.566299123551032,0.46051306515085716,0.0,0.23025653257542858,0,0.23025653257542858,0.5574125973956512,False,False,False
09,73,853,25,0.020995747298002243,0.6240558988650594,0.46297124947708046,0.0,0.23148562473854023,0,0.23148562473854023,0.5574125973956512,False,False,False
09,74,853,25,0.021760912612080574,0.7515650874429506,0.4883077064795619,0.0,0.24415385323978095,0,0.24415385323978095,0.5574125973956512,False,False,False
09,75,853,27,0.02138451300561428,0.9440203562340966,0.4758442135983256,0.01449542281977524,0.24516981820905043,0,0.24516981820905043,0.5574125973956512,False,False,False
09,76,853,27,0.02089802175760269,0.6854881053354343,0.45973532266908085,0.0,0.22986766133454042,0,0.22986766133454042,0.5574125973956512,False,False,False
09,77,853,27,0.01956566795706749,0.5238903025162575,0.4156178958094818,0.0,0.2078089479047409,0,0.2078089479047409,0.5574125973956512,False,False,False
09,78,853,27,0.02028428576886654,0.4694050648249104,0.43941305347654774,0.0,0.21970652673827387,0,0.21970652673827387,0.5574125973956512,False,False,False
09,79,853,29,0.020420938730239868,1.5120562219798859,0.4439379604690551,0.07040974715804153,0.2571738538135483,0,0.2571738538135483,0.5574125973956512,False,False,False
09,80,853,29,0.02039346471428871,1.11579627610162,0.4430282299689599,0.03140409897240943,0.23721616447068467,0,0.23721616447068467,0.5574125973956512,False,False,False
09,81,853,29,0.019244974479079247,0.80964497758391,0.40499896632257415,0.0012682501040890608,0.2031336082133316,0,0.2031336082133316,0.5574125973956512,False,False,False
09,82,853,29,0.020212356001138687,0.6106062441940296,0.4370312865123325,0.0,0.21851564325616624,0,0.21851564325616624,0.5574125973956512,False,False,False
09,83,853,29,0.01970948651432991,0.5408134415767991,0.4203800728517428,0.0,0.2101900364258714,0,0.2101900364258714,0.5574125973956512,False,False,False
09,84,853,29,0.019460661336779594,0.6002665697322184,0.41214087499979596,0.0,0.20607043749989798,0,0.20607043749989798,0.5574125973956512,False,False,False
09,85,853,29,0.019261419773101807,0.7736984530877667,0.4055435094131057,0.0,0.20277175470655284,0,0.20277175470655284,0.5574125973956512,False,False,False
09,86,853,29,0.01983388513326645,1.011753301829638,0.42449920920288564,0.02116268120396702,0.22283094520342633,0,0.22283094520342633,0.5574125973956512,False,False,False
09,87,853,29,0.02070745639503002,1.2974675875439237,0.4534252468904884,0.049286823010629116,0.25135603495055875,0,0.25135603495055875,0.5574125973956512,False,False,False
09,88,853,32,0.02006147801876068,1.2790500424088205,0.43203535498903006,0.04747390123174327,0.23975462811038667,0,0.23975462811038667,0.5574125973956512,False,False,False
09,89,853,32,0.019870499148964882,0.9201906377478901,0.42571158699545314,0.012149756483059057,0.2189306717392561,0,0.2189306717392561,0.5574125973956512,False,False,False
09,90,853,32,0.02221430093050003,0.7296740579183327,0.5033204800903192,0.0,0.2516602400451596,0,0.2516602400451596,0.5574125973956512,False,False,False
09,91,853,32,0.022100742906332016,0.6360919261682625,0.4995603018076884,0.0,0.2497801509038442,0,0.2497801509038442,0.5574125973956512,False,False,False
09,92,853,32,0.02083795703947544,0.6394442424976778,0.4577464359276185,0.0,0.22887321796380924,0,0.22887321796380924,0.5574125973956512,False,False,False
09,93,853,32,0.02131105586886406,0.739731006906579,0.47341187178596944,0.0,0.23670593589298472,0,0.23670593589298472,0.5574125973956512,False,False,False
09,94,853,32,0.02080347202718258,0.9284704551880122,0.4566045545392279,0.012964776142426492,0.23478466534082718,0,0.23478466534082718,0.5574125973956512,False,False,False
09,95,853,32,0.022046059370040894,1.1818328688557695,0.4977495988909566,0.037904377719072166,0.2678269883050144,0,0.2678269883050144,0.5574125973956512,False,False,False
09,96,853,32,0.02005157433450222,1.392705682782019,0.43170742027248726,0.05866153694618316,0.2451844786093352,0,0.2451844786093352,0.5574125973956512,False,False,False
09,97,853,32,0.020371194928884506,1.6308009208772571,0.44229082401240816,0.08209832178506825,0.2621945728987382,0,0.2621945728987382,0.5574125973956512,False,False,False
09,98,853,33,0.02097405679523945,1.0355830203158445,0.4622530249568358,0.02350834754068319,0.2428806862487595,0,0.2428806862487595,0.5574125973956512,False,False,False
09,99,853,34,0.0208074189722538,0.7907427602084088,0.4567352473480212,0.0,0.2283676236740106,0,0.2283676236740106,0.5574125973956512,False,False,False
09,100,853,34,0.02056938223540783,0.7822206066480885,0.44885328061855245,0.0,0.22442664030927623,0,0.22442664030927623,0.5574125973956512,False,False,False
09,101,853,34,0.020227568224072456,0.8400177713154814,0.43753499966448683,0.004257980756988305,0.22089649021073757,0,0.22089649021073757,0.5574125973956512,False,False,False
09,102,853,35,0.020871348679065704,0.6326184417787453,0.4588521131259376,0.0,0.2294260565629688,0,0.2294260565629688,0.5574125973956512,False,False,False
09,103,853,36,0.020145319402217865,0.8759239064582558,0.4348115440921002,0.007792383084684269,0.22130196358839224,0,0.22130196358839224,0.5574125973956512,False,False,False
09,104,853,36,0.020042002201080322,0.7109333979562982,0.4313904639985897,0.0,0.21569523199929486,0,0.21569523199929486,0.5574125973956512,False,False,False
09,105,853,36,0.02012326940894127,0.6156549133648361,0.43408141597954925,0.0,0.21704070798977462,0,0.21704070798977462,0.5574125973956512,False,False,False
09,106,853,38,0.0203732680529356,1.5698533866472781,0.44235947011726284,0.07609898195099213,0.25922922603412746,0,0.25922922603412746,0.5574125973956512,False,False,False
09,107,853,38,0.02149869129061699,1.2160830405105205,0.4796249302034331,0.04127577611489474,0.2604503531591639,0,0.2604503531591639,0.5574125973956512,False,False,False
09,108,853,38,0.019772246479988098,0.9269356597600871,0.42245820569718057,0.012813699327519353,0.21763595251234996,0,0.21763595251234996,0.5574125973956512,False,False,False
09,109,853,38,0.019725779071450233,0.7415485278080692,0.42091955845746026,0.0,0.21045977922873013,0,0.21045977922873013,0.5574125973956512,False,False,False
09,110,853,38,0.019807882606983185,0.6207843612423757,0.4236382032516091,0.0,0.21181910162580456,0,0.21181910162580456,0.5574125973956512,False,False,False
09,111,853,38,0.019420603290200233,0.5765176299527461,0.41081445709233516,0.0,0.20540722854616758,0,0.20540722854616758,0.5574125973956512,False,False,False
09,112,853,38,0.0194880198687315,0.6530150652288075,0.41304678154795854,0.0,0.20652339077397927,0,0.20652339077397927,0.5574125973956512,False,False,False
09,113,853,38,0.020916813984513283,0.8026172300981467,0.46035757833114593,0.0005764773200404911,0.23046702782559322,0,0.23046702782559322,0.5574125973956512,False,False,False
09,114,853,40,0.020949658006429672,1.0001211680600985,0.4614451225961072,0.020017677975196945,0.24073140028565207,0,0.24073140028565207,0.5574125973956512,False,False,False
09,115,853,40,0.01988658867776394,0.758592834928714,0.4262443498469665,0.0,0.21312217492348326,0,0.21312217492348326,0.5574125973956512,False,False,False
09,116,853,40,0.020596234127879143,0.6139989498768139,0.44974241111952684,0.0,0.22487120555976342,0,0.22487120555976342,0.5574125973956512,False,False,False
09,117,853,40,0.02010173536837101,0.5849993941596983,0.4333683722974068,0.0,0.2166841861487034,0,0.2166841861487034,0.5574125973956512,False,False,False
09,118,853,41,0.018702389672398567,0.5799911143422593,0.3870326832570333,0.0,0.19351634162851666,0,0.19351634162851666,0.5574125973956512,False,False,False
09,119,853,41,0.018901394680142403,0.472797770507696,0.39362221590992613,0.0,0.19681110795496307,0,0.19681110795496307,0.5574125973956512,False,False,False
09,120,853,41,0.020417343825101852,0.5526475221131714,0.4438189245459918,0.0,0.2219094622729959,0,0.2219094622729959,0.5574125973956512,False,False,False
09,121,853,41,0.019149353727698326,0.7736984530877661,0.40183273412237847,0.0,0.20091636706118923,0,0.20091636706118923,0.5574125973956512,False,False,False
09,122,853,41,0.019973022863268852,1.0593723494486862,0.42910639283858804,0.025850038171744086,0.22747821550516606,0,0.22747821550516606,0.5574125973956512,False,False,False
09,123,853,42,0.02000337466597557,0.5696110505270812,0.4301114137537779,0.0,0.21505570687688896,0,0.21505570687688896,0.5574125973956512,False,False,False
09,124,853,42,0.019404597580432892,0.7345611696756746,0.41028446968980514,0.0,0.20514223484490257,0,0.20514223484490257,0.5574125973956512,False,False,False
09,125,853,42,0.019455280154943466,0.9641342542105911,0.41196269117506545,0.016475324236190064,0.21421900770562777,0,0.21421900770562777,0.5574125973956512,False,False,False
09,126,853,42,0.020555201917886734,1.2498485399248769,0.4483837363272152,0.04459946604285218,0.2464916011850337,0,0.2464916011850337,0.5574125973956512,False,False,False
09,127,853,42,0.021522575989365578,1.4403247304010673,0.48041580981039717,0.06334889391396024,0.2718823518621787,0,0.2718823518621787,0.5574125973956512,False,False,False
09,128,853,45,0.0218195803463459,1.2263419362655994,0.49025033573796856,0.04228560535137935,0.26626797054467394,0,0.26626797054467394,0.5574125973956512,False,False,False
09,129,853,45,0.020967833697795868,0.9338018498323838,0.46204696328898376,0.013489569288946042,0.2377682662889649,0,0.2377682662889649,0.5574125973956512,False,False,False
09,130,853,45,0.02079898864030838,0.7126701401510568,0.45645609885694116,0.0,0.22822804942847058,0,0.22822804942847058,0.5574125973956512,False,False,False
09,131,853,45,0.021089453250169754,0.5884728785492142,0.4660740780871678,0.0,0.2330370390435839,0,0.2330370390435839,0.5574125973956512,False,False,False
09,132,853,45,0.020546315237879753,0.5662991235510313,0.4480894770583369,0.0,0.22404473852916845,0,0.22404473852916845,0.5574125973956512,False,False,False
09,133,853,45,0.020319875329732895,0.6648895351185432,0.44059150911487444,0.0,0.22029575455743722,0,0.22029575455743722,0.5574125973956512,False,False,False
09,134,853,45,0.02079249918460846,0.8604143947655409,0.45624121742898643,0.00626571211299128,0.23125346477098885,0,0.23125346477098885,0.5574125973956512,False,False,False
09,135,853,45,0.021302562206983566,1.0389757259986274,0.4731306262889909,0.023842306815741187,0.24848646655236603,0,0.24848646655236603,0.5574125973956512,False,False,False
09,136,853,45,0.019706284627318382,1.2498485399248769,0.42027405070057916,0.04459946604285218,0.23243675837171568,0,0.23243675837171568,0.5574125973956512,False,False,False
09,137,853,45,0.0193230751901865,1.4879437780201148,0.40758506800860744,0.06803625088173725,0.23781065944517235,0,0.23781065944517235,0.5574125973956512,False,False,False
09,138,853,49,0.01964319497346878,2.0834847934084566,0.41818500108914025,0.12665803077136567,0.272421515930253,0,0.272421515930253,0.5574125973956512,False,False,False
09,139,853,49,0.019354067742824554,1.7348438951492384,0.4086113056893589,0.0923397395535106,0.25047552262143474,0,0.25047552262143474,0.5574125973956512,False,False,False
09,140,853,50,0.01909601502120495,2.273960983884647,0.40006656174266825,0.14540745864247373,0.272737010192571,0,0.272737010192571,0.5574125973956512,False,False,False
09,141,853,50,0.020148927345871925,1.8793973908477717,0.43493101175167204,0.10656879009437054,0.2707499009230213,0,0.2707499009230213,0.5574125973956512,False,False,False
09,142,853,50,0.02048875391483307,1.5494567631972207,0.4461834837265104,0.07409125059498936,0.26013736716074987,0,0.26013736716074987,0.5574125973956512,False,False,False
09,143,853,50,0.02120680920779705,1.2909245122985582,0.4699600150470659,0.048642758694445995,0.25930138687075593,0,0.25930138687075593,0.5574125973956512,False,False,False
09,144,853,50,0.0210612490773201,1.1446342744052675,0.4651401703425955,0.03424275281040166,0.2496914615764986,0,0.2496914615764986,0.5574125973956512,False,False,False
09,145,853,50,0.0217837356030941,1.0629670018983,0.4890634303994037,0.026203875975079196,0.25763365318724146,0,0.25763365318724146,0.5574125973956512,False,False,False
09,146,853,50,0.022724801674485207,1.0459226947776565,0.5202243829616809,0.02452612818847873,0.27237525557507986,0,0.27237525557507986,0.5574125973956512,False,False,False
09,147,853,50,0.02252795919775963,1.0935013530433386,0.5137064568925583,0.029209509450600385,0.2714579831715794,0,0.2714579831715794,0.5574125973956512,False,False,False
09,148,853,50,0.023193897679448128,1.205702976695345,0.5357572757119163,0.040254019761444056,0.2880056477366802,0,0.2880056477366802,0.5574125973956512,False,False,False
09,149,853,50,0.02354910969734192,1.3230340482248895,0.547519196766808,0.05180344469052988,0.29966132072866897,0,0.29966132072866897,0.5574125973956512,False,False,False
09,150,853,50,0.023611241951584816,1.4726766024475968,0.5495765445831928,0.06653343414397679,0.30805498936358483,0,0.30805498936358483,0.5574125973956512,False,False,False
09,151,853,50,0.02205459214746952,1.6546306393634655,0.49803213959746073,0.08444398812178462,0.2912380638596227,0,0.2912380638596227,0.5574125973956512,False,False,False
09,152,853,53,0.023009760305285454,1.3129770992366407,0.5296600460320242,0.05081349398232232,0.2902367700071733,0,0.2902367700071733,0.5574125973956512,False,False,False
09,153,853,53,0.022291433066129684,1.1632941556605678,0.5058745099214338,0.03607952882322005,0.27097701937232693,0,0.27097701937232693,0.5574125973956512,False,False,False
09,154,853,53,0.021601688116788864,1.0782341774708193,0.4830354019141628,0.027706692712839792,0.2553710473135013,0,0.2553710473135013,0.5574125973956512,False,False,False
09,155,853,53,0.02278674580156803,1.0577971646673936,0.5222755014370143,0.025694985651181394,0.27398524354409787,0,0.27398524354409787,0.5574125973956512,False,False,False
09,156,853,54,0.02170640416443348,0.988085140756894,0.48650280116737304,0.018832917689872313,0.2526678594286227,0,0.2526678594286227,0.5574125973956512,False,False,False
09,157,853,54,0.021899951621890068,0.8911103033240428,0.4929116212531284,0.009287248411134022,0.2510994348321312,0,0.2510994348321312,0.5574125973956512,False,False,False
09,158,853,54,0.02237856201827526,0.8910699139706774,0.508759558301295,0.009283272705478667,0.25902141550338686,0,0.25902141550338686,0.5574125973956512,False,False,False
09,159,853,54,0.022500021383166313,0.9743931499656687,0.5127813689080887,0.01748515347267455,0.2651332611903816,0,0.2651332611903816,0.5574125973956512,False,False,False
09,160,853,54,0.02215776965022087,1.0900278686538227,0.5014485939426656,0.028867598764231485,0.26515809635344856,0,0.26515809635344856,0.5574125973956512,False,False,False
09,161,853,56,0.023230619728565216,0.9303283654428692,0.5369732307498402,0.01314765860257727,0.2750604446762087,0,0.2750604446762087,0.5574125973956512,False,False,False
09,162,853,56,0.023769211024045944,0.717718809321864,0.5548072790904859,0.0,0.27740363954524294,0,0.27740363954524294,0.5574125973956512,False,False,False
09,163,853,56,0.022745739668607712,0.6020437012803431,0.5209176901177196,0.0,0.2604588450588598,0,0.2604588450588598,0.5574125973956512,False,False,False
09,164,853,56,0.022923151031136513,0.5833030413183092,0.5267922054358597,0.0,0.26339610271792985,0,0.26339610271792985,0.5574125973956512,False,False,False
09,165,853,57,0.023284323513507843,0.6939698695423884,0.5387514917517889,0.0,0.26937574587589447,0,0.26937574587589447,0.5574125973956512,False,False,False
09,166,853,57,0.023328453302383423,0.5680762550991567,0.5402127348031961,0.0,0.27010636740159805,0,0.27010636740159805,0.5574125973956512,False,False,False
09,167,853,58,0.02281099744141102,0.9048830728220032,0.523078531342861,0.0106429640396429,0.26686074769125195,0,0.26686074769125195,0.5574125973956512,False,False,False
09,168,853,58,0.023319609463214874,0.6412213740458013,0.5399198940971316,0.0,0.2699599470485658,0,0.2699599470485658,0.5574125973956512,False,False,False
09,169,853,58,0.022941481322050095,0.5391170887354093,0.5273991652901944,0.0,0.2636995826450972,0,0.2636995826450972,0.5574125973956512,False,False,False
09,170,853,58,0.022210629656910896,0.5968738640494368,0.5031989154248487,0.0,0.25159945771242437,0,0.25159945771242437,0.5574125973956512,False,False,False
09,171,853,58,0.021626483649015427,0.7720021002463756,0.4838564414000792,0.0,0.2419282207000396,0,0.2419282207000396,0.5574125973956512,False,False,False
09,172,853,58,0.021393587812781334,1.0117533018296387,0.4761447022082554,0.021162681203967085,0.24865369170611124,0,0.24865369170611124,0.5574125973956512,False,False,False
09,173,853,58,0.021329401060938835,1.2498485399248769,0.47401932505345673,0.04459946604285218,0.25930939554815446,0,0.25930939554815446,0.5574125973956512,False,False,False
09,174,853,58,0.02250298485159874,1.4879437780201148,0.5128794964488108,0.06803625088173725,0.29045787366527404,0,0.29045787366527404,0.5574125973956512,False,False,False
09,175,853,60,0.023319382220506668,0.4982834524819248,0.5399123695465545,0.0,0.26995618477327726,0,0.26995618477327726,0.5574125973956512,False,False,False
09,176,853,60,0.021998146548867226,0.5407326628700675,0.4961630905754347,0.0,0.24808154528771734,0,0.24808154528771734,0.5574125973956512,False,False,False
09,177,853,60,0.023194408044219017,0.6461488751565094,0.5357741751123927,0.0,0.26788708755619633,0,0.26788708755619633,0.5574125973956512,False,False,False
09,178,853,61,0.023295985534787178,0.5085019588836384,0.5391376492203378,0.0,0.2695688246101689,0,0.2695688246101689,0.5574125973956512,False,False,False
09,179,853,61,0.02259467914700508,0.5135506280544442,0.515915714283298,0.0,0.257957857141649,0,0.257957857141649,0.5574125973956512,False,False,False
09,180,853,61,0.021880023181438446,0.6393634637909449,0.49225174283817796,0.0,0.24612587141908898,0,0.24612587141908898,0.5574125973956512,False,False,False
09,181,853,61,0.024370836094021797,0.8604143947655409,0.5747285267432481,0.00626571211299128,0.29049711942811973,0,0.29049711942811973,0.5574125973956512,False,False,False
09,182,853,62,0.0224978718906641,0.4778060503251323,0.512710194060827,0.0,0.2563550970304135,0,0.2563550970304135,0.5574125973956512,False,False,False
09,183,853,64,0.02311098389327526,1.5596752695989327,0.5330118015775952,0.07509710412581846,0.30405445285170685,0,0.30405445285170685,0.5574125973956512,False,False,False
09,184,853,64,0.02246844954788685,1.2110343713397147,0.5117359497910301,0.04077881290796341,0.27625738134949673,0,0.27625738134949673,0.5574125973956512,False,False,False
09,185,853,64,0.024958137422800064,0.9048830728220032,0.5941754810030795,0.0106429640396429,0.3024092225213612,0,0.3024092225213612,0.5574125973956512,False,False,False
09,186,853,64,0.022976640611886978,0.7109737873096637,0.52856337362374,0.0,0.26428168681187,0,0.26428168681187,0.5574125973956512,False,False,False
09,187,853,64,0.02335096336901188,0.5935619370733882,0.5409580970468334,0.0,0.2704790485234167,0,0.2704790485234167,0.5574125973956512,False,False,False
09,188,853,64,0.02340652048587799,0.5492952057837573,0.5427977263096361,0.0,0.27139886315481804,0,0.27139886315481804,0.5574125973956512,False,False,False
09,189,853,66,0.023009831085801125,1.4678298800436211,0.529662389744499,0.0660563494653225,0.2978593696049107,0,0.2978593696049107,0.5574125973956512,False,False,False
09,190,853,66,0.022862359881401062,1.1548931701603453,0.5247792648032085,0.03525258204688615,0.28001592342504733,0,0.28001592342504733,0.5574125973956512,False,False,False
09,191,853,66,0.024422867223620415,0.906579425663395,0.5764514021188183,0.010809943677171929,0.2936306728979951,0,0.2936306728979951,0.5574125973956512,False,False,False
09,192,853,66,0.02293306216597557,0.722888646552769,0.5271203868589788,0.0,0.2635601934294894,0,0.2635601934294894,0.5574125973956512,False,False,False
09,193,853,66,0.023756733164191246,0.6224807140837674,0.5543941072518325,0.0,0.27719705362591623,0,0.27719705362591623,0.5574125973956512,False,False,False
09,194,853,69,0.024281170219182968,2.4168181267417914,0.5717594747741579,0.15946952954580496,0.3656145021599814,0,0.3656145021599814,0.5574125973956512,False,False,False
09,195,853,69,0.023133734241127968,1.925320085625429,0.5337651201083181,0.11108916742461866,0.3224271437664684,0,0.3224271437664684,0.5574125973956512,False,False,False
09,196,853,69,0.024390265345573425,1.5613716224403245,0.5753718758175866,0.07526408376334749,0.32531797979046706,0,0.32531797979046706,0.5574125973956512,False,False,False
09,197,853,69,0.024499842897057533,1.2297346419483817,0.5790002511118307,0.042619564626437276,0.310809907869134,0,0.310809907869134,0.5574125973956512,False,False,False
09,198,853,69,0.023068102076649666,0.9439799668807292,0.5315918818777179,0.014491447114119689,0.27304166449591877,0,0.27304166449591877,0.5574125973956512,False,False,False
09,199,853,69,0.024078113958239555,0.8027787875116112,0.5650357954204035,0.0005923801426621744,0.28281408778153283,0,0.28281408778153283,0.5574125973956512,False,False,False
09,200,853,69,0.023366698995232582,0.758512056221979,0.5414791413359726,0.0,0.2707395706679863,0,0.2707395706679863,0.5574125973956512,False,False,False
09,201,853,69,0.022414401173591614,0.8111797730118324,0.5099462786099276,0.0014193269189959378,0.25568280276446176,0,0.25568280276446176,0.5574125973956512,False,False,False
09,202,853,69,0.0231579951941967,0.9607819378811729,0.5345684583973852,0.016145340666787356,0.2753568995320863,0,0.2753568995320863,0.5574125973956512,False,False,False
09,203,853,69,0.023472782224416733,1.2498485399248753,0.5449918112459334,0.044599466042852025,0.29479563864439273,0,0.29479563864439273,0.5574125973956512,False,False,False
09,204,853,69,0.022483430802822113,1.4879437780201135,0.5122320150393194,0.06803625088173712,0.29013413296052826,0,0.29013413296052826,0.5574125973956512,False,False,False
09,205,853,69,0.023819386959075928,1.7260390161153516,0.556468724528558,0.09147303572062221,0.3239708801245901,0,0.3239708801245901,0.5574125973956512,False,False,False
09,206,853,69,0.022959215566515923,1.9641342542105897,0.5279863886184253,0.1149098205595073,0.3214481045889663,0,0.3214481045889663,0.5574125973956512,False,False,False
09,207,853,70,0.02426046133041382,1.3433902823215802,0.5710737538453403,0.05380720034087717,0.31244047709310874,0,0.31244047709310874,0.5574125973956512,False,False,False
09,208,853,70,0.023407626897096634,1.566177955490932,0.5428343622362162,0.07573719273634617,0.30928577748628117,0,0.30928577748628117,0.5574125973956512,False,False,False
09,209,853,72,0.02361569181084633,0.9251181388585982,0.5497238900858862,0.012634792573024191,0.2811793413294552,0,0.2811793413294552,0.5574125973956512,False,False,False
09,210,853,72,0.02331881783902645,0.902984773213782,0.5398936815234,0.010456105873836895,0.2751748936986185,0,0.2751748936986185,0.5574125973956512,False,False,False
09,211,853,73,0.022698229178786278,0.9898218829516546,0.5193445039573178,0.019003873033057023,0.2691741884951874,0,0.2691741884951874,0.5574125973956512,False,False,False
09,212,853,73,0.02249986119568348,0.8911506926774104,0.5127760647166983,0.009291224116789586,0.261033644416744,0,0.261033644416744,0.5574125973956512,False,False,False
09,213,853,73,0.02408490888774395,0.8894139504826531,0.5652607918179864,0.0091202687736052,0.2871905302957958,0,0.2871905302957958,0.5574125973956512,False,False,False
09,214,853,73,0.02310619130730629,0.9829153035259911,0.5328531075723921,0.018324027365974847,0.2755885674691835,0,0.2755885674691835,0.5574125973956512,False,False,False
09,215,853,74,0.02258423902094364,0.8010016559634892,0.5155700166932619,0.00041744909382249916,0.25799373289354216,0,0.25799373289354216,0.5574125973956512,False,False,False
09,216,853,74,0.023430945351719856,0.6972414071650709,0.5436064921433817,0.0,0.2718032460716909,0,0.2718032460716909,0.5574125973956512,False,False,False
09,217,853,74,0.024891447275877,0.6870229007633587,0.5919672104386451,0.0,0.29598360521932254,0,0.29598360521932254,0.5574125973956512,False,False,False
09,218,853,74,0.02364381216466427,0.739731006906579,0.5506550223814751,0.0,0.27532751119073756,0,0.27532751119073756,0.5574125973956512,False,False,False
09,219,853,75,0.02225523628294468,0.53911708873541,0.5046759476971389,0.0,0.25233797384856943,0,0.25233797384856943,0.5574125973956512,False,False,False
09,220,853,75,0.024960247799754143,0.5169837230905925,0.5942453606408157,0.0,0.29712268032040784,0,0.29712268032040784,0.5574125973956512,False,False,False
09,221,853,75,0.023617302998900414,0.5883920998424812,0.5497772403830103,0.0,0.2748886201915052,1,0.2748886201915052,0.5574125973956512,False,False,False
09,222,853,75,0.02214440330862999,0.7312088533462573,0.5010060023447889,0.0,0.25050300117239443,1,0.25050300117239443,0.5574125973956512,False,False,False
09,223,853,75,0.02293521724641323,0.9386485722363589,0.5271917467361728,0.01396665396760027,0.2705792003518865,1,0.2705792003518865,0.5574125973956512,False,False,False
09,224,853,76,0.02286612056195736,0.5782139827941345,0.5249037899475943,0.0,0.2624518949737972,1,0.2624518949737972,0.5574125973956512,False,False,False
09,225,853,76,0.023403609171509743,0.7091158770548079,0.542701325714948,0.0,0.271350662857474,1,0.271350662857474,0.5574125973956512,False,False,False
09,226,853,76,0.022941000759601593,0.9369522193949671,0.5273832527160233,0.013799674330071239,0.27059146352304725,1,0.27059146352304725,0.5574125973956512,False,False,False
09,227,853,76,0.023396756500005722,1.249848539924876,0.5424744173413989,0.04459946604285209,0.2935369416921255,1,0.2935369416921255,0.5574125973956512,False,False,False
09,228,853,77,0.024082979187369347,0.7260794054687191,0.5651968948147255,0.0,0.28259844740736273,1,0.28259844740736273,0.5574125973956512,False,False,False
09,229,853,77,0.02506432682275772,0.9471303364433138,0.5976916664817525,0.014801552155245016,0.3062466093184988,1,0.3062466093184988,0.5574125973956512,False,False,False
09,230,853,77,0.0240534208714962,1.1546104446867809,0.5642181481499112,0.035224752107298064,0.2997214501286046,1,0.2997214501286046,0.5574125973956512,False,False,False
09,231,853,77,0.024744201451539993,1.392705682782019,0.5870915483712875,0.05866153694618316,0.32287654265873533,1,0.32287654265873533,0.5574125973956512,False,False,False
09,232,853,76,0.0253133662045002,2.535562825639162,0.6059379571477679,0.1711581041728316,0.38854803066029975,1,0.38854803066029975,0.5574125973956512,False,False,False
09,233,853,76,0.02464578114449978,2.678419968496305,0.5838326161750482,0.18522017507616265,0.3845263956256054,1,0.3845263956256054,0.5574125973956512,False,False,False
09,234,853,76,0.024148212745785713,2.8212771113534476,0.5673569342434939,0.19928224597949368,0.38331959011149375,1,0.38331959011149375,0.5574125973956512,False,False,False
09,235,853,76,0.024123338982462883,2.9641342542105904,0.5665333043385263,0.21334431688282476,0.38993881061067553,1,0.38993881061067553,0.5574125973956512,False,False,False
09,236,853,76,0.025113895535469055,3.0593723494486857,0.5993330053338565,0.22271903081837877,0.4110260180761176,1,0.4110260180761176,0.5574125973956512,False,False,False
09,237,853,75,0.02400224655866623,4.106991397067733,0.5625236440306153,0.32584088410947315,0.44418226407004424,1,0.44418226407004424,0.5574125973956512,False,False,False
09,238,853,75,0.023842191323637962,4.154610444686781,0.557223831681959,0.33052824107725015,0.4438760363796046,1,0.4438760363796046,0.5574125973956512,False,False,False
09,239,853,74,0.023947805166244507,5.154610444686781,0.5607209590776131,0.4289627374005675,0.4948418482390903,1,0.4948418482390903,0.5574125973956512,False,False,False
09,240,853,74,0.02428116276860237,5.106991397067733,0.5717592280675815,0.4242753804327905,0.498017304250186,1,0.498017304250186,0.5574125973956512,False,False,False
09,241,853,74,0.023089414462447166,5.059372349448686,0.5322975860392154,0.4195880234650135,0.4759428047521145,1,0.4759428047521145,0.5574125973956512,False,False,False
09,242,853,74,0.021985504776239395,5.011753301829638,0.49574449119210273,0.4149006664972365,0.45532257884466965,1,0.45532257884466965,0.5574125973956512,False,False,False
09,243,853,74,0.02192772552371025,4.96413425421059,0.4938312816929195,0.4102133095294594,0.45202229561118945,1,0.45202229561118945,0.5574125973956512,False,False,False
09,244,853,74,0.023110536858439445,4.9165152065915425,0.5329969991830174,0.4055259525616824,0.4692614758723499,1,0.4692614758723499,0.5574125973956512,False,False,False
09,245,853,74,0.02434101141989231,4.821277111353448,0.5737409603183313,0.3961512386261284,0.4849460994722299,1,0.4849460994722299,0.5574125973956512,False,False,False
09,246,853,74,0.025650272145867348,4.726039016115353,0.6170937201446978,0.3867765246905744,0.501935122417636,1,0.501935122417636,0.5574125973956512,False,False,False
09,247,853,73,0.025466417893767357,5.5831818732582095,0.6110058653147049,0.4711489501105607,0.5410774077126328,1,0.5410774077126328,0.5574125973956512,False,False,False
09,248,853,73,0.025112206116318703,5.440324730401066,0.599277064617681,0.4570868792072296,0.5281819719124553,1,0.5281819719124553,0.5574125973956512,False,False,False
09,249,853,73,0.02670629508793354,5.249848539924876,0.6520611701493055,0.4383374513361216,0.5451993107427135,1,0.5451993107427135,0.5574125973956512,False,False,False
09,250,853,73,0.02592683769762516,5.059372349448686,0.6262514682568424,0.4195880234650135,0.5229197458609279,1,0.5229197458609279,0.5574125973956512,False,False,False
09,251,853,69,0.025072477757930756,8.678419968496305,0.5979615634762214,0.7758271530160669,0.6868943582461442,1,0.6868943582461442,0.5574125973956512,True,False,False
09,252,853,69,0.02424391731619835,8.297467587543926,0.5705259418926728,0.7383282972738509,0.6544271195832618,1,0.6544271195832618,0.5574125973956512,True,False,False
09,253,853,69,0.025787845253944397,7.964134254210592,0.6216490953993778,0.7055167984994117,0.6635829469493948,1,0.6635829469493948,0.5574125973956512,True,True,True
09,254,853,69,0.025882689282298088,7.630800920877259,0.6247896084389946,0.6727052997249726,0.6487474540819835,1,0.6487474540819835,0.5574125973956512,True,True,False
09,255,853,69,0.02520633116364479,7.297467587543925,0.6023937704726852,0.6398938009505334,0.6211437857116093,1,0.6211437857116093,0.5574125973956512,True,True,False
09,256,853,69,0.024165097624063492,6.964134254210592,0.5679160330220269,0.6070823021760944,0.5874991675990606,1,0.5874991675990606,0.5574125973956512,True,True,False
09,257,853,69,0.025387445464730263,6.630800920877259,0.6083908989592448,0.5742708034016553,0.59133085118045,1,0.59133085118045,0.5574125973956512,True,True,False
09,258,853,69,0.025701988488435745,6.345086635162973,0.6188061721674193,0.5461466615949931,0.5824764168812062,1,0.5824764168812062,0.5574125973956512,True,True,False
09,259,853,69,0.02660849131643772,6.059372349448685,0.6488226529222548,0.5180225197883308,0.5834225863552929,1,0.5834225863552929,0.5574125973956512,True,True,False
09,260,853,69,0.02632513828575611,5.821277111353447,0.6394401551191037,0.4945857349494457,0.5670129450342747,1,0.5670129450342747,0.5574125973956512,True,True,False
09,261,853,69,0.026910871267318726,5.583181873258209,0.6588351776446245,0.4711489501105606,0.5649920638775926,1,0.5649920638775926,0.5574125973956512,True,True,False
09,262,853,69,0.026768643409013748,5.3450866351629704,0.654125672456403,0.4477121652716755,0.5509189188640392,1,0.5509189188640392,0.5574125973956512,False,False,False
09,263,853,69,0.02659679390490055,5.106991397067732,0.6484353235974686,0.4242753804327904,0.5363553520151295,1,0.5363553520151295,0.5574125973956512,False,False,False
09,264,853,69,0.025632189586758614,4.868896158972494,0.616494963284025,0.40083859559390533,0.5086667794389652,1,0.5086667794389652,0.5574125973956512,False,False,False
09,265,853,69,0.028120141476392746,4.630800920877256,0.6988770118637971,0.3774018107550202,0.5381394113094087,1,0.5381394113094087,0.5574125973956512,False,False,False
09,266,853,69,0.027208425104618073,4.392705682782018,0.6686878981821978,0.35396502591613516,0.5113264620491664,1,0.5113264620491664,0.5574125973956512,False,False,False
09,267,853,69,0.02527112141251564,4.15461044468678,0.6045391308601639,0.33052824107725004,0.4675336859687069,1,0.4675336859687069,0.5574125973956512,False,False,False
09,268,853,62,0.026250436902046204,10.630800920877258,0.6369666133085059,0.9680087886949247,0.8024877010017153,1,0.8024877010017153,0.5574125973956512,True,False,False
09,269,853,62,0.02560368925333023,10.106991397067734,0.6155512489530449,0.9164478620493776,0.7659995555012112,1,0.7659995555012112,0.5574125973956512,True,False,False
09,270,853,62,0.025295652449131012,9.58318187325821,0.6053514122626217,0.8648869354038303,0.735119173833226,1,0.735119173833226,0.5574125973956512,True,True,True
09,271,853,62,0.026087254285812378,9.059372349448687,0.631563245874449,0.8133260087582832,0.722444627316366,1,0.722444627316366,0.5574125973956512,True,True,False
09,272,853,62,0.0235739815980196,8.726039016115354,0.5483427649951315,0.7805145099838441,0.6644286374894878,1,0.6644286374894878,0.5574125973956512,True,True,False
09,273,853,62,0.022241191938519478,8.39270568278202,0.5042109058008191,0.7477030112094049,0.6259569585051119,1,0.6259569585051119,0.5574125973956512,True,True,False
09,274,853,62,0.022848129272460938,8.059372349448687,0.5243080552424811,0.7148915124349657,0.6195997838387235,1,0.6195997838387235,0.5574125973956512,True,True,False
09,275,853,62,0.02318516932427883,7.726039016115354,0.5354682589577844,0.6820800136605266,0.6087741363091554,1,0.6087741363091554,0.5574125973956512,True,True,False
09,276,853,62,0.02334400825202465,7.392705682782021,0.5407277964578602,0.6492685148860875,0.5949981556719739,1,0.5949981556719739,0.5574125973956512,True,True,False
09,277,853,62,0.024104947224259377,7.059372349448687,0.5659243091549372,0.6164570161116484,0.5911906626332928,1,0.5911906626332928,0.5574125973956512,True,True,False
09,278,853,62,0.02323296293616295,6.726039016115354,0.5370508199680856,0.5836455173372093,0.5603481686526475,1,0.5603481686526475,0.5574125973956512,True,True,False
09,279,853,62,0.022867891937494278,6.392705682782021,0.524962444436109,0.5508340185627701,0.5378982314994396,1,0.5378982314994396,0.5574125973956512,False,False,False
09,280,853,62,0.022246811538934708,6.059372349448687,0.5043969842359911,0.5180225197883309,0.511209752012161,1,0.511209752012161,0.5574125973956512,False,False,False
09,281,853,62,0.02262493222951889,5.726039016115353,0.5169174663363519,0.4852110210138918,0.5010642436751218,1,0.5010642436751218,0.5574125973956512,False,False,False
09,282,853,61,0.023570429533720016,6.345086635162973,0.548225147634882,0.5461466615949931,0.5471859046149375,1,0.5471859046149375,0.5574125973956512,False,False,False
09,283,853,61,0.022433102130889893,5.964134254210591,0.5105655121164331,0.5086478058527769,0.509606658984605,1,0.509606658984605,0.5574125973956512,False,False,False
09,284,853,61,0.023020658642053604,5.58318187325821,0.5300209160765026,0.4711489501105608,0.5005849330935317,1,0.5005849330935317,0.5574125973956512,False,False,False
09,285,853,61,0.024922676384449005,5.202229492305829,0.5930012810531939,0.4336500943683446,0.5133256877107693,1,0.5133256877107693,0.5574125973956512,False,False,False
09,286,853,61,0.023230819031596184,4.8212771113534485,0.5369798301507561,0.3961512386261285,0.4665655343884423,1,0.4665655343884423,0.5574125973956512,False,False,False
09,287,853,61,0.023512640967965126,4.440324730401067,0.5463116297524783,0.3586523828839123,0.4524820063181953,1,0.4524820063181953,0.5574125973956512,False,False,False
09,288,853,58,0.022911079227924347,6.916515206591544,0.5263924791056145,0.6023949452083174,0.564393712156966,1,0.564393712156966,0.5574125973956512,True,False,False
09,289,853,58,0.022655049338936806,6.726039016115354,0.5179147159943885,0.5836455173372093,0.5507801166657988,1,0.5507801166657988,0.5574125973956512,False,False,False
09,290,853,58,0.023991849273443222,6.535562825639163,0.5621793650033928,0.5648960894661011,0.563537727234747,1,0.563537727234747,0.5574125973956512,True,False,False
09,291,853,58,0.024137696251273155,6.345086635162973,0.5670087079110506,0.5461466615949931,0.5565776847530219,0,0.5565776847530219,0.5574125973956512,False,False,False
09,292,853,58,0.0238968376070261,6.154610444686782,0.5590333010658094,0.527397233723885,0.5432152673948472,0,0.5432152673948472,0.5574125973956512,False,False,False
09,293,853,58,0.024427207186818123,5.964134254210591,0.5765951086995112,0.5086478058527769,0.5426214572761441,0,0.5426214572761441,0.5574125973956512,False,False,False
09,294,853,58,0.0227836724370718,5.7736580637344,0.5221737349742918,0.4898983779816688,0.5060360564779802,0,0.5060360564779802,0.5574125973956512,False,False,False
09,295,853,58,0.0240556001663208,5.58318187325821,0.564290309823478,0.4711489501105608,0.5177196299670195,0,0.5177196299670195,0.5574125973956512,False,False,False
09,296,853,58,0.023815622553229332,5.39270568278202,0.5563440760308839,0.4523995222394527,0.5043717991351683,0,0.5043717991351683,0.5574125973956512,False,False,False
09,297,853,58,0.022662347182631493,5.202229492305829,0.5181563650858714,0.4336500943683446,0.47590322972710797,0,0.47590322972710797,0.5574125973956512,False,False,False
09,298,853,58,0.021848861128091812,5.011753301829638,0.49121989258281573,0.4149006664972365,0.45306027954002615,0,0.45306027954002615,0.5574125973956512,False,False,False
09,299,853,58,0.023728664964437485,4.8212771113534485,0.5534647019022776,0.3961512386261285,0.47480797026420307,0,0.47480797026420307,0.5574125973956512,False,False,False
09,300,853,58,0.023420043289661407,4.630800920877258,0.5432454987456151,0.3774018107550204,0.4603236547503178,0,0.4603236547503178,0.5574125973956512,False,False,False
09,301,853,58,0.02302807942032814,4.440324730401067,0.5302666358264945,0.3586523828839123,0.4444595093552034,0,0.4444595093552034,0.5574125973956512,False,False,False
09,302,853,58,0.022519942373037338,4.249848539924876,0.5134410006164628,0.3399029550128042,0.4266719778146335,0,0.4266719778146335,0.5574125973956512,False,False,False
09,303,853,58,0.02232593670487404,4.106991397067734,0.5070170080762653,0.3258408841094732,0.41642894609286923,0,0.41642894609286923,0.5574125973956512,False,False,False
09,304,853,58,0.021577712148427963,3.964134254210591,0.4822415001516391,0.31177881320614215,0.3970101566788906,0,0.3970101566788906,0.5574125973956512,False,False,False
09,305,853,58,0.02192404493689537,3.821277111353448,0.4937094086442288,0.29771674230281114,0.39571307547351997,0,0.39571307547351997,0.5574125973956512,False,False,False
09,306,853,58,0.02057557739317417,3.6784199684963053,0.4490584171367434,0.28365467139948003,0.3663565442681117,0,0.3663565442681117,0.5574125973956512,False,False,False
09,307,853,60,0.022145966067910194,2.0985096328607775,0.5010577490491671,0.1281369932751936,0.31459737116218034,0,0.31459737116218034,0.5574125973956512,False,False,False
09,308,853,60,0.02189776860177517,1.8927258774587024,0.49283933622627335,0.10788077296066959,0.3003600545934715,0,0.3003600545934715,0.5574125973956512,False,False,False
09,309,853,61,0.021448273211717606,1.4675875439234214,0.4779554668016313,0.0660324952313897,0.2719939810165105,0,0.2719939810165105,0.5574125973956512,False,False,False
09,310,853,61,0.022088835015892982,1.3587382366008318,0.4991660030221217,0.055317968489948605,0.27724198575603515,0,0.27724198575603515,0.5574125973956512,False,False,False
09,311,853,61,0.022322524338960648,1.3145118946645664,0.5069040164643211,0.05096457079722951,0.2789342936307753,0,0.2789342936307753,0.5574125973956512,False,False,False
09,312,853,61,0.02433435060083866,1.333212165273235,0.5735204046391218,0.05280532251570354,0.3131628635774127,0,0.3131628635774127,0.5574125973956512,False,False,False
09,313,853,61,0.023089637979865074,1.3842239185750647,0.5323049872365043,0.05782663875853847,0.2950658129975214,0,0.2950658129975214,0.5574125973956512,False,False,False
09,314,853,62,0.022992728278040886,0.8774587018861817,0.5290960747986092,0.007943459899591485,0.2685197673491003,0,0.2685197673491003,0.5574125973956512,False,False,False
09,315,853,62,0.023587100207805634,0.8825477604103557,0.5487771535993464,0.008444398812178434,0.2786107762057624,0,0.2786107762057624,0.5574125973956512,False,False,False
09,316,853,62,0.022987527772784233,0.9522597843208539,0.5289238736083539,0.015306466773487386,0.27211517019092063,0,0.27211517019092063,0.5574125973956512,False,False,False
09,317,853,64,0.024048633873462677,0.9728583545377428,0.5640596391746403,0.017334076657767334,0.2906968579162038,0,0.2906968579162038,0.5574125973956512,False,False,False
09,318,853,64,0.02385740913450718,0.724544610040794,0.5577277298640456,0.0,0.2788638649320228,0,0.2788638649320228,0.5574125973956512,False,False,False
09,319,853,64,0.022326385602355003,0.5476392422957324,0.5070318721474871,0.0,0.25351593607374356,0,0.25351593607374356,0.5574125973956512,False,False,False
09,320,853,64,0.024476438760757446,0.4710610283129374,0.5782252840790377,0.0,0.28911264203951886,0,0.28911264203951886,0.5574125973956512,False,False,False
09,321,853,66,0.023859042674303055,1.6072943172179817,0.5577818202808987,0.07978446109359562,0.31878314068724717,0,0.31878314068724717,0.5574125973956512,False,False,False
09,322,853,66,0.023462504148483276,1.2586534189587621,0.5446514795239317,0.04546616987574041,0.295058824699836,0,0.295058824699836,0.5574125973956512,False,False,False
09,323,853,66,0.02321082353591919,0.9457167090754878,0.5363177313766191,0.014662402457304205,0.27549006691696165,0,0.27549006691696165,0.5574125973956512,False,False,False
09,324,853,66,0.02381976880133152,0.705884728785491,0.5564813682405932,0.0,0.2782406841202966,0,0.2782406841202966,0.5574125973956512,False,False,False
09,325,853,67,0.023344064131379128,1.071569934165354,0.5407296467571824,0.02705070127969027,0.2838901740184363,0,0.2838901740184363,0.5574125973956512,False,False,False
09,326,853,67,0.024544794112443924,0.7467183650389755,0.5804886935632746,0.0,0.2902443467816373,0,0.2902443467816373,0.5574125973956512,False,False,False
09,327,853,67,0.02413466013967991,0.5289793610404294,0.5669081749812096,0.0,0.2834540874906048,0,0.2834540874906048,0.5574125973956512,False,False,False
09,328,853,67,0.024338552728295326,0.5340280302112352,0.5736595471481533,0.0,0.28682977357407663,0,0.28682977357407663,0.5574125973956512,False,False,False
09,329,853,69,0.024782413616776466,1.4168181267417912,0.5883568447244707,0.06103503322248755,0.32469593897347915,0,0.32469593897347915,0.5574125973956512,False,False,False
09,330,853,69,0.02261733077466488,1.0732662870067444,0.5166657639518849,0.02721768091721917,0.27194172243455206,0,0.27194172243455206,0.5574125973956512,False,False,False
09,331,853,69,0.02449355646967888,0.7977301183408054,0.5787920924380802,9.541693573084322e-05,0.28944375468690553,0,0.28944375468690553,0.5574125973956512,False,False,False
09,332,853,69,0.023806093260645866,0.6276101619613056,0.5560285383198,0.0,0.2780142691599,0,0.2780142691599,0.5574125973956512,False,False,False
09,333,853,69,0.0220873411744833,0.586736136354457,0.49911653835357417,0.0,0.24955826917678708,0,0.24955826917678708,0.5574125973956512,False,False,False
09,334,853,69,0.023848233744502068,0.6700189829960814,0.5574239107153359,0.0,0.27871195535766796,0,0.27871195535766796,0.5574125973956512,False,False,False
09,335,853,69,0.023596296086907387,0.8944626196534583,0.549081651191141,0.009617231980536465,0.27934944158583874,0,0.27934944158583874,0.5574125973956512,False,False,False
09,336,853,69,0.022171178832650185,1.1750474574902046,0.5018926041033561,0.037236459168956265,0.2695645316361562,0,0.2695645316361562,0.5574125973956512,False,False,False
09,337,853,69,0.023653188720345497,1.4879437780201135,0.5509655026077449,0.06803625088173712,0.309500876744741,0,0.309500876744741,0.5574125973956512,False,False,False
09,338,853,70,0.02280047908425331,0.867199806131104,0.5227302433337737,0.006933630663106997,0.2648319369984404,0,0.2648319369984404,0.5574125973956512,False,False,False
09,339,853,70,0.022455746307969093,1.089987479300456,0.5113153150784437,0.028863623058576007,0.2700894690685099,0,0.2700894690685099,0.5574125973956512,False,False,False
09,340,853,70,0.022958746179938316,1.3450866351629707,0.5279708461041186,0.05397417997840607,0.2909725130412623,0,0.2909725130412623,0.5574125973956512,False,False,False
09,341,853,70,0.02159968577325344,1.6308009208772565,0.48296909952178296,0.08209832178506818,0.2825337106534256,0,0.2825337106534256,0.5574125973956512,False,False,False
09,342,853,70,0.022430237382650375,1.821277111353447,0.5104706534378469,0.10084774965617625,0.3056592015470116,0,0.3056592015470116,0.5574125973956512,False,False,False
09,343,853,72,0.023117538541555405,0.7533018296377092,0.5332288416880925,0.0,0.26661442084404624,0,0.26661442084404624,0.5574125973956512,False,False,False
09,344,853,72,0.022969741374254227,0.7890060180136529,0.5283349233340889,0.0,0.26416746166704447,0,0.26416746166704447,0.5574125973956512,False,False,False
09,345,853,73,0.024216320365667343,0.7584716668686156,0.5696121407340687,0.0,0.28480607036703437,0,0.28480607036703437,0.5574125973956512,False,False,False
09,346,853,73,0.02400142326951027,0.675108041520256,0.5624963829539344,0.0,0.2812481914769672,0,0.2812481914769672,0.5574125973956512,False,False,False
09,347,853,73,0.02312438189983368,0.683589805727211,0.5334554416784213,0.0,0.26672772083921065,0,0.26672772083921065,0.5574125973956512,False,False,False
09,348,853,73,0.024126935750246048,0.7873096651722611,0.5666524019382336,0.0,0.2833262009691168,0,0.2833262009691168,0.5574125973956512,False,False,False
09,349,853,73,0.023846009746193886,0.9556524900036355,0.5573502688023112,0.01564042604854525,0.2864953474254282,0,0.2864953474254282,0.5574125973956512,False,False,False
09,350,853,74,0.024995680898427963,0.5764772405993787,0.5954186354410401,0.0,0.29770931772052006,0,0.29770931772052006,0.5574125973956512,False,False,False
09,351,853,74,0.023653876036405563,0.5730441455632296,0.5509882612894083,0.0,0.2754941306447041,0,0.2754941306447041,0.5574125973956512,False,False,False
09,352,853,75,0.023594044148921967,0.5408538309301673,0.5490070841284552,0.0,0.2745035420642276,0,0.2745035420642276,0.5574125973956512,False,False,False
09,353,853,75,0.023152634501457214,0.4030453572438302,0.5343909530157395,0.0,0.26719547650786973,0,0.26719547650786973,0.5574125973956512,False,False,False
09,354,853,75,0.021854080259799957,0.42170523849913183,0.4913927105395118,0.0,0.2456963552697559,0,0.2456963552697559,0.5574125973956512,False,False,False
09,355,853,75,0.02361908182501793,0.56791469768569,0.5498361415781013,0.0,0.2749180707890507,0,0.2749180707890507,0.5574125973956512,False,False,False
09,356,853,75,0.02447274513542652,0.7974877822206065,0.5781029792938385,7.156270179811055e-05,0.2890872709978183,0,0.2890872709978183,0.5574125973956512,False,False,False
09,357,853,75,0.02380659617483616,1.0593723494486855,0.5560451910137001,0.02585003817174402,0.29094761459272206,0,0.29094761459272206,0.5574125973956512,False,False,False
09,358,853,75,0.024218862876296043,1.3450866351629713,0.5696963293532301,0.05397417997840614,0.31183525466581813,0,0.31183525466581813,0.5574125973956512,False,False,False
09,359,853,76,0.02280524931848049,0.746476028918778,0.5228881972192478,0.0,0.2614440986096239,0,0.2614440986096239,0.5574125973956512,False,False,False
09,360,853,76,0.02341417595744133,0.9471303364433138,0.5430512173167812,0.014801552155245016,0.2789263847360131,0,0.2789263847360131,0.5574125973956512,False,False,False
09,361,853,76,0.023892009630799294,1.2022294923058285,0.5588734352043689,0.039912109075075086,0.29939277213972204,0,0.29939277213972204,0.5574125973956512,False,False,False
09,362,853,78,0.023772770538926125,0.6411405953390696,0.5549251431573118,0.0,0.2774625715786559,0,0.2774625715786559,0.5574125973956512,False,False,False
09,363,853,78,0.024698536843061447,0.5713477927218391,0.5855794837651631,0.0,0.29278974188258156,0,0.29278974188258156,0.5574125973956512,False,False,False
09,364,853,78,0.02280692756175995,0.6121410396219569,0.5229437678755587,0.0,0.26147188393777937,0,0.26147188393777937,0.5574125973956512,False,False,False
09,365,853,78,0.022778280079364777,0.7124681933842247,0.5219951810896968,0.0,0.2609975905448484,0,0.2609975905448484,0.5574125973956512,False,False,False
09,366,853,78,0.021965378895401955,0.8297992649137692,0.49507807505288043,0.003252127226159172,0.2491651011395198,0,0.2491651011395198,0.5574125973956512,False,False,False
09,367,853,78,0.022583631798624992,1.011753301829638,0.5155499101072936,0.02116268120396702,0.2683562956556303,0,0.2683562956556303,0.5574125973956512,False,False,False
09,368,853,82,0.022331029176712036,2.5596752695989333,0.5071856320211642,0.1735316004491359,0.34035861623515007,0,0.34035861623515007,0.5574125973956512,False,False,False
09,369,853,82,0.02145257033407688,2.1634153237206664,0.47809775481951056,0.1345259522635037,0.30631185354150714,0,0.30631185354150714,0.5574125973956512,False,False,False
09,370,853,82,0.022522347047924995,1.799466860535562,0.5135206251639627,0.09870086860223252,0.3061107468830976,0,0.3061107468830976,0.5574125973956512,False,False,False
09,371,853,82,0.021741574630141258,1.5154489276626666,0.48766737956078304,0.07074370643309931,0.27920554299694117,0,0.27920554299694117,0.5574125973956512,False,False,False
09,372,853,82,0.02310236357152462,1.2637424774829342,0.5327263620688196,0.045967108788327174,0.2893467354285734,0,0.2893467354285734,0.5574125973956512,False,False,False
09,373,853,85,0.021370066329836845,3.464437174360838,0.47536584954688577,0.2625913828368992,0.3689786161918925,0,0.3689786161918925,0.5574125973956512,False,False,False
09,374,853,87,0.023129628971219063,4.893008602932267,0.5336291847847785,0.4032120918702098,0.46842063832749414,0,0.46842063832749414,0.5574125973956512,False,False,False
09,375,853,87,0.021055813878774643,4.353891514196857,0.46496019789518683,0.35014437278124644,0.40755228533821664,0,0.40755228533821664,0.5574125973956512,False,False,False
09,376,853,87,0.020765962079167366,3.8470859081546096,0.4553625102808606,0.3002572182166443,0.37780986424875246,0,0.37780986424875246,0.5574125973956512,False,False,False
09,377,853,87,0.022592896595597267,3.372591784805524,0.5158566897349189,0.25355062817640306,0.384703658955661,0,0.384703658955661,0.5574125973956512,False,False,False
09,378,853,87,0.023450622335076332,2.9304091441496007,0.5442580442113821,0.21002460266052275,0.3771413234359524,0,0.3771413234359524,0.5574125973956512,False,False,False
09,379,853,87,0.022913608700037003,2.5239306918696216,0.5264762359882673,0.17001310094406144,0.34824466846616436,0,0.34824466846616436,0.5574125973956512,False,False,False
09,380,853,87,0.023159580305218697,2.226301546912232,0.5346209452214924,0.14071612596904115,0.33766853559526677,0,0.33766853559526677,0.5574125973956512,False,False,False
09,381,853,87,0.023427188396453857,1.960983884648005,0.5434820903522839,0.11459971551838197,0.32904090293533295,0,0.32904090293533295,0.5574125973956512,False,False,False
09,382,853,87,0.02298622578382492,1.7279777050769396,0.528880761634146,0.0916638695920837,0.31027231561311486,0,0.31027231561311486,0.5574125973956512,False,False,False
09,383,853,89,0.022703571245074272,2.1480673694414145,0.5195213925725227,0.13301518411443222,0.3262682883434775,0,0.3262682883434775,0.5574125973956512,False,False,False
09,384,853,89,0.02433513104915619,1.789207964780483,0.5735462471529889,0.09769103936574791,0.3356186432593684,0,0.3356186432593684,0.5574125973956512,False,False,False
09,385,853,89,0.022585052996873856,1.50175693687144,0.5155969693867223,0.06939594221590142,0.29249645580131184,0,0.29249645580131184,0.5574125973956512,False,False,False
09,386,853,89,0.025519998744130135,1.3044549456763181,0.6127800556581448,0.049974620089022,0.33137733787358337,0,0.33137733787358337,0.5574125973956512,False,False,False
09,387,853,89,0.025705691426992416,1.1717759198675222,0.618928785335839,0.03691442701086474,0.32792160617335187,0,0.32792160617335187,0.5574125973956512,False,False,False
09,388,853,89,0.024734914302825928,1.1037198594450488,0.5867840286239333,0.030215362981429322,0.30849969580268133,0,0.30849969580268133,0.5574125973956512,False,False,False
09,389,853,89,0.024186257272958755,1.2873702492023094,0.5686166796987103,0.04829289659676619,0.30845478814773825,0,0.30845478814773825,0.5574125973956512,False,False,False
09,390,853,89,0.02378368191421032,1.5033321216527313,0.5552864449382987,0.06955099473646399,0.31241871983738134,0,0.31241871983738134,0.5574125973956512,False,False,False
09,391,853,89,0.023602357134222984,1.751605476796316,0.5492823469909586,0.09398965740052284,0.32163600219574073,0,0.32163600219574073,0.5574125973956512,False,False,False
09,392,853,89,0.024526046589016914,2.032190314633062,0.5798679181406673,0.12160888458894263,0.35073840136480494,0,0.35073840136480494,0.5574125973956512,False,False,False
09,393,853,89,0.024776006117463112,2.3450866351629713,0.5881446770688553,0.1524086763017235,0.3702766766852894,0,0.3702766766852894,0.5574125973956512,False,False,False
09,394,853,89,0.024404413998126984,2.535562825639162,0.5758403716059747,0.1711581041728316,0.37349923788940315,0,0.37349923788940315,0.5574125973956512,False,False,False
09,395,853,90,0.024850428104400635,1.7719617108930095,0.590608967382842,0.0959934130508704,0.3433011902168562,0,0.3433011902168562,0.5574125973956512,False,False,False
09,396,853,91,0.024721987545490265,1.2413667757179225,0.5863559927140579,0.043764567855207485,0.3150602802846327,0,0.3150602802846327,0.5574125973956512,False,False,False
09,397,853,91,0.024369055405259132,1.273678258411084,0.5746695638715131,0.04694513237956842,0.3108073481255408,0,0.3108073481255408,0.5574125973956512,False,False,False
09,398,853,91,0.027170399203896523,1.3399975766387986,0.667428769493422,0.053473241065819306,0.36045100527962065,0,0.36045100527962065,0.5574125973956512,False,False,False
09,399,853,91,0.027136869728565216,1.4692435074114472,0.6663185282234414,0.06619549916326331,0.36625701369335234,0,0.36625701369335234,0.5574125973956512,False,False,False
09,400,853,91,0.02677474543452263,1.6308009208772571,0.6543277251423901,0.08209832178506825,0.3682130234637292,0,0.3682130234637292,0.5574125973956512,False,False,False
09,401,853,92,0.027604226022958755,1.0491942324003403,0.6817938149881114,0.024848160346570385,0.3533209876673409,0,0.3533209876673409,0.5574125973956512,False,False,False
09,402,853,92,0.027289675548672676,1.164828951088493,0.6713782950733607,0.036230605638127196,0.3538044503557439,0,0.3538044503557439,0.5574125973956512,False,False,False
09,403,853,92,0.026877183467149734,1.3450866351629713,0.6577196938598976,0.05397417997840614,0.35584693691915187,0,0.35584693691915187,0.5574125973956512,False,False,False
09,404,853,92,0.026499951258301735,1.4879437780201141,0.6452286315187602,0.06803625088173718,0.3566324412002487,0,0.3566324412002487,0.5574125973956512,False,False,False
09,405,853,92,0.026173759251832962,1.6308009208772571,0.6344276325785453,0.08209832178506825,0.3582629771818068,0,0.3582629771818068,0.5574125973956512,False,False,False
09,406,853,95,0.026063648983836174,1.210953592632983,0.630781617764096,0.040770861496652634,0.33577623963037434,0,0.33577623963037434,0.5574125973956512,False,False,False
09,407,853,95,0.02721373923122883,0.9575507896118587,0.6688638616477416,0.01582728421435145,0.3423455729310465,0,0.3423455729310465,0.5574125973956512,False,False,False
09,408,853,95,0.025703012943267822,0.7432448806494617,0.6188400943216602,0.0,0.3094200471608301,0,0.3094200471608301,0.5574125973956512,False,False,False
09,409,853,95,0.025922374799847603,0.5935619370733876,0.6261036910176405,0.0,0.31305184550882026,0,0.31305184550882026,0.5574125973956512,False,False,False
09,410,853,95,0.0258835107088089,0.5220727816147666,0.6248168078390313,0.0,0.31240840391951563,0,0.31240840391951563,0.5574125973956512,False,False,False
09,411,853,95,0.02578580565750599,0.5713477927218391,0.6215815594741165,0.0,0.31079077973705826,0,0.31079077973705826,0.5574125973956512,False,False,False
09,412,853,96,0.02658425085246563,0.5715093501353037,0.6480199930762726,0.0,0.3240099965381363,0,0.3240099965381363,0.5574125973956512,False,False,False
09,413,853,96,0.02572477050125599,0.49149804111636103,0.6195605392010914,0.0,0.3097802696005457,0,0.3097802696005457,0.5574125973956512,False,False,False
09,414,853,96,0.025794602930545807,0.5628660285148829,0.6218728582640791,0.0,0.31093642913203956,0,0.31093642913203956,0.5574125973956512,False,False,False
09,415,853,96,0.02485048957169056,0.7617835938446628,0.5906110027120964,0.0,0.2953055013560482,0,0.2953055013560482,0.5574125973956512,False,False,False
09,416,853,96,0.02545260265469551,0.9896603255381887,0.6105484096456062,0.01898797021043521,0.3147681899280207,0,0.3147681899280207,0.5574125973956512,False,False,False
09,417,853,96,0.02665732242166996,1.2022294923058285,0.6504395678233054,0.039912109075075086,0.3451758384491902,0,0.3451758384491902,0.5574125973956512,False,False,False
09,418,853,96,0.0270861703902483,1.4403247304010667,0.6646397516483844,0.06334889391396017,0.3639943227811723,0,0.3639943227811723,0.5574125973956512,False,False,False
09,419,853,96,0.027628106996417046,1.6784199684963046,0.6825845712417874,0.08678567875284525,0.38468512499731633,0,0.38468512499731633,0.5574125973956512,False,False,False
09,420,853,96,0.028481248766183853,1.9165152065915427,0.7108341394971838,0.11022246359173034,0.4105283015444571,0,0.4105283015444571,0.5574125973956512,False,False,False
09,421,853,98,0.04360925406217575,0.7941354658911924,1.211758643866409,0.0,0.6058793219332045,0,0.6058793219332045,0.5574125973956512,True,False,False
09,422,853,98,0.04983305558562279,0.8672401954844715,1.4178436254899378,0.006937606368762549,0.7123906159293502,0,0.7123906159293502,0.5574125973956512,True,False,False
09,423,853,103,0.0473848357796669,3.9406276505513143,1.3367772014049133,0.3094649525146694,0.8231210769597913,0,0.8231210769597913,0.5574125973956512,True,True,True
09,424,853,103,0.045588165521621704,3.449129609434952,1.2772851440637736,0.2610845903934832,0.7691848672286283,0,0.7691848672286283,0.5574125973956512,True,True,False
09,425,853,103,0.04728185012936592,2.9899430510117524,1.333367099754048,0.21588479279665795,0.7746259462753531,0,0.7746259462753531,0.5574125973956512,True,True,False
09,426,853,104,0.04694417864084244,3.323276384345086,1.3221859876564037,0.24869629157109713,0.7854411396137504,0,0.7854411396137504,0.5574125973956512,True,True,False
09,427,853,104,0.04446754232048988,2.961024274001372,1.2401786246893827,0.21303818754735482,0.7266084061183687,0,0.7266084061183687,0.5574125973956512,True,True,False
09,428,853,105,0.04524363577365875,3.4168181267417905,1.2658769385626476,0.2579040258691222,0.761890482215885,0,0.761890482215885,0.5574125973956512,True,True,False
09,429,853,105,0.06337382644414902,2.9780281917686486,1.8662109943777316,0.21471195962829984,1.0404614770030158,0,1.0404614770030158,0.5574125973956512,True,True,False
09,430,853,105,0.06829894334077835,2.6361727048749932,2.0292934161599474,0.18106158696056043,1.1051775015602538,0,1.1051775015602538,0.5574125973956512,True,True,False
09,431,853,105,0.057352207601070404,2.3895553132194336,1.6668207657618865,0.15678592822837512,0.9118033469951308,0,0.9118033469951308,0.5574125973956512,True,True,False
09,432,853,105,0.031522270292043686,2.204168181267416,0.8115296489719908,0.13853743926985387,0.4750335441209223,0,0.4750335441209223,0.5574125973956512,False,False,False
09,433,853,107,0.030763918533921242,2.988246698170362,0.7864188051335329,0.2157178131591291,0.501068309146331,0,0.501068309146331,0.5574125973956512,False,False,False
09,434,853,107,0.030315257608890533,2.5001413627367817,0.7715625668454361,0.16767141031300073,0.4696169885792184,0,0.4696169885792184,0.5574125973956512,False,False,False
09,435,853,107,0.026583777740597725,2.088533462579263,0.6480043272086777,0.12715499397829705,0.38757966059348736,0,0.38757966059348736,0.5574125973956512,False,False,False
09,436,853,107,0.027409426867961884,1.8061714931943929,0.6753435481975382,0.0993608357410374,0.3873521919692878,0,0.3873521919692878,0.5574125973956512,False,False,False
09,437,853,108,0.025766873732209206,1.8861828022133356,0.6209546780637458,0.10723670864448634,0.36409569335411607,0,0.36409569335411607,0.5574125973956512,False,False,False
09,438,853,109,0.02542923204600811,2.2263419362656003,0.6097745527924066,0.1407201016746968,0.3752473272335517,0,0.3752473272335517,0.5574125973956512,False,False,False
09,439,853,109,0.02516758069396019,1.6429985055939247,0.6011106495693644,0.08329898489301442,0.34220481723118945,0,0.34220481723118945,0.5574125973956512,False,False,False
09,440,853,109,0.02414155937731266,1.1327598045155285,0.5671366252708606,0.03307389534769879,0.3001052603092797,0,0.3001052603092797,0.5574125973956512,False,False,False
09,441,853,110,0.023768465965986252,1.3232763843450859,0.5547826084328561,0.05182729892446236,0.30330495367865923,0,0.30330495367865923,0.5574125973956512,False,False,False
09,442,853,110,0.025584574788808823,0.8232561896684016,0.6149183232315549,0.0026080629099758494,0.3087631930707654,0,0.3087631930707654,0.5574125973956512,False,False,False
09,443,853,110,0.026112474501132965,0.4320449129609417,0.6323983476352143,0.0,0.31619917381760715,0,0.31619917381760715,0.5574125973956512,False,False,False
09,444,853,111,0.02668740786612034,0.8028595662183442,0.6514357689783927,0.0006003315539730817,0.3260180502661829,0,0.3260180502661829,0.5574125973956512,False,False,False
09,445,853,112,0.026030510663986206,1.3691990791227429,0.6296843285893711,0.05634767625471046,0.3430160024220408,0,0.3430160024220408,0.5574125973956512,False,False,False
09,446,853,112,0.02435680851340294,0.9729391332444758,0.574264039936725,0.017342028069078242,0.29580303400290164,0,0.29580303400290164,0.5574125973956512,False,False,False
09,447,853,112,0.02491145022213459,0.6667878347267644,0.5926295559193584,0.0,0.2963147779596792,0,0.2963147779596792,0.5574125973956512,False,False,False
09,448,853,114,0.02456142008304596,2.083484793408457,0.5810392192882813,0.12665803077136573,0.3538486250298235,0,0.3538486250298235,0.5574125973956512,False,False,False
09,449,853,114,0.025610001757740974,1.68722484753019,0.6157602710998125,0.0876523825857335,0.351706326842773,0,0.351706326842773,0.5574125973956512,False,False,False
09,450,853,114,0.026465993374586105,1.3232763843450859,0.6441042046206426,0.05182729892446236,0.34796575177255246,0,0.34796575177255246,0.5574125973956512,False,False,False
09,451,853,114,0.02629890665411949,0.9950321095359251,0.638571562940606,0.01951673906261005,0.32904415100160805,0,0.32904415100160805,0.5574125973956512,False,False,False
09,452,853,114,0.026532750576734543,0.7314108001130887,0.6463146955442637,0.0,0.32315734777213184,0,0.32315734777213184,0.5574125973956512,False,False,False
09,453,853,114,0.025267092511057854,0.5527686901732685,0.6044057242790313,0.0,0.30220286213951564,0,0.30220286213951564,0.5574125973956512,False,False,False
09,454,853,114,0.025109991431236267,0.6224403247303999,0.5992037310878768,0.0,0.2996018655439384,0,0.2996018655439384,0.5574125973956512,False,False,False
09,455,853,114,0.025465102866292,0.7992245244153637,0.6109623216039884,0.0002425180449824961,0.3056024198244855,0,0.3056024198244855,0.5574125973956512,False,False,False
09,456,853,114,0.024317828938364983,1.0798093622521099,0.5729733328061831,0.027861745233402287,0.3004175390197927,0,0.3004175390197927,0.5574125973956512,False,False,False
09,457,853,114,0.025066141039133072,1.392705682782019,0.5977517395330808,0.05866153694618316,0.328206638239632,0,0.328206638239632,0.5574125973956512,False,False,False
09,458,853,114,0.025622351095080376,1.6784199684963046,0.6161691872500248,0.08678567875284525,0.351477433001435,0,0.351477433001435,0.5574125973956512,False,False,False
09,459,853,116,0.02572416141629219,0.6292257360959658,0.6195403709384792,0.0,0.3097701854692396,0,0.3097701854692396,0.5574125973956512,False,False,False
09,460,853,117,0.02551754005253315,0.8300012116806007,0.6126986424879667,0.003272005754436353,0.3079853241212015,0,0.3079853241212015,0.5574125973956512,False,False,False
09,461,853,117,0.025926554575562477,0.6564885496183199,0.6262420934069431,0.0,0.3131210467034716,0,0.3131210467034716,0.5574125973956512,False,False,False
09,462,853,117,0.025921041145920753,0.639403853144311,0.6260595305404834,0.0,0.3130297652702417,0,0.3130297652702417,0.5574125973956512,False,False,False
09,463,853,121,0.025201421231031418,3.369199079122743,0.6022311908389054,0.2532166689013452,0.4277239298701253,0,0.4277239298701253,0.5574125973956512,False,False,False
09,464,853,121,0.024600302800536156,2.8777010380063808,0.5823267192333313,0.204836306780159,0.39358151300674515,0,0.39358151300674515,0.5574125973956512,False,False,False
09,465,853,121,0.025032391771674156,2.4661335272022287,0.5966342204190995,0.16432386615111078,0.3804790432851052,0,0.3804790432851052,0.5574125973956512,False,False,False
09,466,853,121,0.024493658915162086,2.134496546710286,0.5787954846535042,0.13167934701420056,0.3552374158338524,0,0.3552374158338524,0.5574125973956512,False,False,False
09,467,853,121,0.02394004911184311,1.8351710489115056,0.5604641375316879,0.10221539240165138,0.3313397649666696,0,0.3313397649666696,0.5574125973956512,False,False,False
09,468,853,122,0.023353146389126778,2.137889252393068,0.5410303820736885,0.1320133062892585,0.33652184418147346,0,0.33652184418147346,0.5574125973956512,False,False,False
09,469,853,122,0.02405622787773609,1.8878791550547258,0.5643110948525311,0.10740368828201521,0.3358573915672731,0,0.3358573915672731,0.5574125973956512,False,False,False
09,470,853,122,0.025051381438970566,1.702492023102708,0.5972630138054364,0.08915519932349397,0.34320910656446524,0,0.34320910656446524,0.5574125973956512,False,False,False
09,471,853,122,0.023496517911553383,1.580031503695624,0.5457777567213716,0.07710085977616582,0.31143930824876875,0,0.31143930824876875,0.5574125973956512,False,False,False
09,472,853,125,0.022545108571648598,3.369199079122743,0.51427431375455,0.2532166689013452,0.3837454913279476,0,0.3837454913279476,0.5574125973956512,False,False,False
09,473,853,125,0.02262280136346817,2.8777010380063808,0.516846908255531,0.204836306780159,0.360841607517845,0,0.360841607517845,0.5574125973956512,False,False,False
09,474,853,125,0.02299736626446247,2.418514479583181,0.5292496496423541,0.15963650918333377,0.3444430794128439,0,0.3444430794128439,0.5574125973956512,False,False,False
09,475,853,125,0.023264994844794273,1.9984248152187074,0.5381114732162305,0.11828519466098535,0.3281983339386079,0,0.3281983339386079,0.5574125973956512,False,False,False
09,476,853,125,0.023174766451120377,1.642958116240558,0.5351237949006298,0.08329500918735894,0.3092094020439944,0,0.3092094020439944,0.5574125973956512,False,False,False
09,477,853,125,0.021970676258206367,1.3572034411729053,0.4952534834286276,0.055166891675041324,0.27521018755183446,0,0.27521018755183446,0.5574125973956512,False,False,False
09,478,853,125,0.022167138755321503,1.16838321418474,0.5017588274623591,0.03658046773580681,0.26916964759908296,0,0.26916964759908296,0.5574125973956512,False,False,False
09,479,853,125,0.021050674840807915,1.07649743527606,0.464790032034186,0.027535737369655196,0.2461628847019206,0,0.2461628847019206,0.5574125973956512,False,False,False
09,480,853,125,0.023745106533169746,1.169998788319398,0.554009121639521,0.036739495962024867,0.2953743088007729,0,0.2953743088007729,0.5574125973956512,False,False,False
09,481,853,126,0.020885547623038292,0.8094834201704427,0.4593222741837156,0.001252347281467115,0.23028731073259134,0,0.23028731073259134,0.5574125973956512,False,False,False
09,482,853,126,0.02115577459335327,0.8502362777171936,0.46827013667607553,0.005263834287817438,0.2367669854819465,0,0.2367669854819465,0.5574125973956512,False,False,False
09,483,853,126,0.02072816528379917,1.011753301829638,0.45411096781930593,0.02116268120396702,0.23763682451163648,0,0.23763682451163648,0.5574125973956512,False,False,False
09,484,853,126,0.021109532564878464,1.249848539924876,0.4667389523102882,0.04459946604285209,0.25566920917657016,0,0.25566920917657016,0.5574125973956512,False,False,False
09,485,853,126,0.020090920850634575,1.4879437780201141,0.43301027770191175,0.06803625088173718,0.2505232642918245,0,0.2505232642918245,0.5574125973956512,False,False,False
09,486,853,126,0.020286137238144875,1.7260390161153523,0.4394743600607576,0.09147303572062228,0.2654736978906899,0,0.2654736978906899,0.5574125973956512,False,False,False
09,487,853,126,0.020330989733338356,1.9641342542105904,0.4409595336500655,0.11490982055950737,0.2779346771047864,0,0.2779346771047864,0.5574125973956512,False,False,False
09,488,853,126,0.02057589963078499,2.2022294923058285,0.4490690871961682,0.13834660539839247,0.29370784629728036,0,0.29370784629728036,0.5574125973956512,False,False,False
09,489,853,126,0.021285416558384895,2.392705682782019,0.4725628927802874,0.1570960332695005,0.31482946302489395,0,0.31482946302489395,0.5574125973956512,False,False,False
09,490,853,127,0.02199123241007328,1.7243426632739618,0.49593414687263104,0.09130605608309338,0.2936201014778622,0,0.2936201014778622,0.5574125973956512,False,False,False
09,491,853,127,0.021893754601478577,1.8995112888242662,0.4927064230582933,0.10854869151078538,0.3006275572845393,0,0.3006275572845393,0.5574125973956512,False,False,False
09,492,853,129,0.02168424054980278,1.1342542105900901,0.48576891077953355,0.03322099645695077,0.25949495361824215,0,0.25949495361824215,0.5574125973956512,False,False,False
09,493,853,129,0.021378500387072563,1.0713275980451578,0.475645121391254,0.02702684704575781,0.2513359842185059,0,0.2513359842185059,0.5574125973956512,False,False,False
09,494,853,131,0.020233066752552986,1.449048830728221,0.437717069117794,0.0642076463355377,0.25096235772666586,0,0.25096235772666586,0.5574125973956512,False,False,False
09,495,853,131,0.020492631942033768,1.1956460277070982,0.44631189449947295,0.03926406905323667,0.2427879817763548,0,0.2427879817763548,0.5574125973956512,False,False,False
09,496,853,131,0.02248815819621086,0.9830364715860902,0.5123885503619798,0.018335954482941178,0.26536225242246053,0,0.26536225242246053,0.5574125973956512,False,False,False
09,497,853,131,0.021867556497454643,0.8350498808514079,0.491838941059389,0.0037689689613678154,0.2478039550103784,0,0.2478039550103784,0.5574125973956512,False,False,False
09,498,853,131,0.019963087514042854,0.7550789611858306,0.42877740961909594,0.0,0.21438870480954797,0,0.21438870480954797,0.5574125973956512,False,False,False
09,499,853,132,0.020775388926267624,0.9575911789652255,0.4556746557765204,0.015831259920006936,0.23575295784826367,0,0.23575295784826367,0.5574125973956512,False,False,False
09,500,853,132,0.019700104370713234,0.7976897289874392,0.4200694075955408,9.144123007541145e-05,0.2100804244128081,0,0.2100804244128081,0.5574125973956512,False,False,False
09,501,853,133,0.019820690155029297,1.1702007350862293,0.42406229185626365,0.036759374490302026,0.23041083317328284,0,0.23041083317328284,0.5574125973956512,False,False,False
09,502,853,133,0.019043048843741417,0.9388909083565558,0.39831272469177287,0.013990508201532794,0.20615161644665284,0,0.20615161644665284,0.5574125973956512,False,False,False
09,503,853,133,0.019182493910193443,0.8045155297063677,0.4029300849737475,0.0007633354858464835,0.201846710229797,0,0.201846710229797,0.5574125973956512,False,False,False
09,504,853,133,0.019475728273391724,0.7721636576598395,0.41263977737371255,0.0,0.20631988868685627,0,0.20631988868685627,0.5574125973956512,False,False,False
09,505,853,133,0.01936238445341587,0.833353528010016,0.40888669190515037,0.003601989323838785,0.20624434061449456,0,0.20624434061449456,0.5574125973956512,False,False,False
09,506,853,133,0.021314995363354683,0.952380952380951,0.4735423178881865,0.015318393890453518,0.24443035588932002,0,0.24443035588932002,0.5574125973956512,False,False,False
09,507,853,134,0.020986149087548256,0.7449008441374846,0.4626534297301658,0.0,0.2313267148650829,0,0.2313267148650829,0.5574125973956512,False,False,False
09,508,853,134,0.021633828058838844,0.7941758552445572,0.48409963240766396,0.0,0.24204981620383198,0,0.24204981620383198,0.5574125973956512,False,False,False
09,509,853,134,0.020278533920645714,0.9319035502241606,0.43922259599964647,0.013302711123139842,0.22626265356139316,0,0.22626265356139316,0.5574125973956512,False,False,False
09,510,853,134,0.02077690325677395,1.1325578577486977,0.45572479888815276,0.033054016819421675,0.2443894078537872,0,0.2443894078537872,0.5574125973956512,False,False,False
09,511,853,137,0.020749060437083244,1.4644371743608382,0.4548028564125309,0.0657223901902645,0.2602626233013977,0,0.2602626233013977,0.5574125973956512,False,False,False
09,512,853,137,0.01962573453783989,1.0307362979118702,0.4176068442275882,0.023031262862029042,0.22031905354480863,0,0.22031905354480863,0.5574125973956512,False,False,False
09,513,853,138,0.019502103328704834,1.5596752695989333,0.41351311865380397,0.07509710412581853,0.24430511138981126,0,0.24430511138981126,0.5574125973956512,False,False,False
09,514,853,139,0.02032565139234066,2.083484793408457,0.44078276838814867,0.12665803077136573,0.2837203995797572,0,0.2837203995797572,0.5574125973956512,False,False,False
09,515,853,139,0.020212171599268913,1.734843895149239,0.4370251805245691,0.09233973955351066,0.2646824600390399,0,0.2646824600390399,0.5574125973956512,False,False,False
09,516,853,139,0.021273797377943993,1.4202108324245715,0.47217815387455225,0.06136899249754528,0.2667735731860488,0,0.2667735731860488,0.5574125973956512,False,False,False
09,517,853,139,0.021242603659629822,1.1718970879276198,0.4711452551162408,0.03692635412783093,0.25403580462203584,0,0.25403580462203584,0.5574125973956512,False,False,False
09,518,853,139,0.021253906190395355,0.9882063088169938,0.4715195089924833,0.018844844806838706,0.245182176899661,0,0.245182176899661,0.5574125973956512,False,False,False
09,519,853,141,0.02170651964843273,2.083484793408457,0.48650662511930565,0.12665803077136573,0.3065823279453357,0,0.3065823279453357,0.5574125973956512,False,False,False
09,520,853,141,0.02143494039773941,1.6906175532129724,0.4775139853833478,0.08798634186079143,0.2827501636220696,0,0.2827501636220696,0.5574125973956512,False,False,False
09,521,853,142,0.021790636703372,2.1787228886465524,0.4892919423656988,0.13603274470691976,0.3126623435363093,0,0.3126623435363093,0.5574125973956512,False,False,False
09,522,853,142,0.022505203261971474,1.7841592956096772,0.5129529533319033,0.09719407615881659,0.30507351474535993,0,0.30507351474535993,0.5574125973956512,False,False,False
09,523,853,142,0.021739065647125244,1.4593077264832988,0.48758430112121504,0.0652174755720222,0.27640088834661863,0,0.27640088834661863,0.5574125973956512,False,False,False
09,524,853,142,0.022087950259447098,1.2296942525950154,0.4991367066161865,0.04261558892078185,0.2708761477684842,0,0.2708761477684842,0.5574125973956512,False,False,False
09,525,853,142,0.022424280643463135,1.0714891554586197,0.5102734115300974,0.027042749868379234,0.26865808069923836,0,0.26865808069923836,0.5574125973956512,False,False,False
09,526,853,142,0.022480150684714317,1.0119148592431026,0.5121234024691046,0.021178584026588704,0.26665099324784663,0,0.26665099324784663,0.5574125973956512,False,False,False
09,527,853,142,0.0210660882294178,1.0492750111070712,0.4653004062639004,0.024856111757881095,0.24507825901089075,0,0.24507825901089075,0.5574125973956512,False,False,False
09,528,853,145,0.022266902029514313,2.083484793408457,0.505062228518976,0.12665803077136573,0.31586012964517085,0,0.31586012964517085,0.5574125973956512,False,False,False
09,529,853,145,0.02274926006793976,1.5919867522920963,0.52103425897502,0.07827766865017961,0.2996559638125998,0,0.2996559638125998,0.5574125973956512,False,False,False
09,530,853,145,0.02266988903284073,1.1378892523930693,0.5184060938177281,0.03357880996594123,0.27599245189183463,0,0.27599245189183463,0.5574125973956512,False,False,False
09,531,853,145,0.021901942789554596,0.7552001292459297,0.4929775535856437,0.0,0.24648877679282186,0,0.24648877679282186,0.5574125973956512,False,False,False
09,532,853,145,0.02195233479142189,0.6224807140837667,0.4946461535144285,0.0,0.24732307675721424,0,0.24732307675721424,0.5574125973956512,False,False,False
09,533,853,145,0.022301023826003075,0.6122218183286877,0.5061920829617721,0.0,0.25309604148088605,0,0.25309604148088605,0.5574125973956512,False,False,False
09,534,853,145,0.02225201018154621,0.7465164182721421,0.5045691237496023,0.0,0.25228456187480114,0,0.25228456187480114,0.5574125973956512,False,False,False
09,535,853,145,0.022132178768515587,0.9182519487862987,0.5006012185297295,0.011958922611597228,0.2562800705706634,0,0.2562800705706634,0.5574125973956512,False,False,False
09,536,853,145,0.022434543818235397,1.1546104446867809,0.5106132498389466,0.035224752107298064,0.2729190009731223,0,0.2729190009731223,0.5574125973956512,False,False,False
09,537,853,145,0.02148289792239666,1.4403247304010667,0.47910197393832754,0.06334889391396017,0.27122543392614384,0,0.27122543392614384,0.5574125973956512,False,False,False
09,538,853,145,0.02202620729804039,1.7260390161153523,0.4970922492184132,0.09147303572062228,0.29428264246951774,0,0.29428264246951774,0.5574125973956512,False,False,False
09,539,853,145,0.02182844653725624,2.011753301829638,0.49054391656376195,0.11959717752728437,0.30507054704552317,0,0.30507054704552317,0.5574125973956512,False,False,False
09,540,853,148,0.022509919479489326,0.9218062118825469,0.5131091185946992,0.012308784709276972,0.2627089516519881,0,0.2627089516519881,0.5574125973956512,False,False,False
09,541,853,148,0.022305093705654144,0.8299204329738697,0.5063268464290743,0.0032640543431256427,0.25479545038609996,0,0.25479545038609996,0.5574125973956512,False,False,False
09,542,853,148,0.023687686771154404,0.7754755846358895,0.5521078157326441,0.0,0.27605390786632206,0,0.27605390786632206,0.5574125973956512,False,False,False
09,543,853,148,0.02209766022861004,0.7856537016842348,0.4994582269617455,0.0,0.24972911348087276,0,0.24972911348087276,0.5574125973956512,False,False,False
09,544,853,148,0.02383066713809967,0.8604547841189057,0.5568422382850716,0.00626968781864657,0.2815559630518591,0,0.2815559630518591,0.5574125973956512,False,False,False
09,545,853,148,0.02342914044857025,0.9998788319399022,0.5435467274752738,0.019993823741264474,0.2817702756082691,0,0.2817702756082691,0.5574125973956512,False,False,False
09,546,853,148,0.023384561762213707,1.1937477280988735,0.5420706203526447,0.03907721088743033,0.29057391562003754,0,0.29057391562003754,0.5574125973956512,False,False,False
09,547,853,148,0.022423185408115387,1.4199281069510077,0.5102371456633817,0.06134116255795726,0.2857891541106695,0,0.2857891541106695,0.5574125973956512,False,False,False
09,548,853,148,0.02247856929898262,1.6784199684963046,0.5120710389982855,0.08678567875284525,0.2994283588755654,0,0.2994283588755654,0.5574125973956512,False,False,False
09,549,853,148,0.023655658587813377,1.8212771113534476,0.5510472858377874,0.10084774965617632,0.32594751774698183,0,0.32594751774698183,0.5574125973956512,False,False,False
09,550,853,149,0.02256155014038086,1.1308211155539412,0.5148187334917934,0.03288306147623737,0.27385089748401537,0,0.27385089748401537,0.5574125973956512,False,False,False
09,551,853,149,0.02242857962846756,1.2328446221576008,0.5104157612246208,0.04292569396190725,0.27667072759326405,0,0.27667072759326405,0.5574125973956512,False,False,False
09,552,853,149,0.02294318750500679,1.392705682782019,0.5274556610961664,0.05866153694618316,0.29305859902117476,0,0.29305859902117476,0.5574125973956512,False,False,False
09,553,853,149,0.02244677022099495,1.5831818732582095,0.5110180953306499,0.07741096481729123,0.2942145300739706,0,0.2942145300739706,0.5574125973956512,False,False,False
09,554,853,149,0.022206755355000496,1.7736580637344,0.5030706280051743,0.0961603926883993,0.2996155103467868,0,0.2996155103467868,0.5574125973956512,False,False,False
09,555,853,149,0.022943217307329178,1.9641342542105904,0.5274566479224716,0.11490982055950737,0.3211832342409895,0,0.3211832342409895,0.5574125973956512,False,False,False
09,556,853,149,0.02259531244635582,2.1546104446867806,0.5159366843422832,0.1336592484306154,0.3247979663864493,0,0.3247979663864493,0.5574125973956512,False,False,False
09,557,853,149,0.022320281714200974,2.3450866351629713,0.5068297577848558,0.1524086763017235,0.32961921704328967,0,0.32961921704328967,0.5574125973956512,False,False,False
09,558,853,149,0.023659462109208107,2.535562825639162,0.5511732295449869,0.1711581041728316,0.3611656668589093,0,0.3611656668589093,0.5574125973956512,False,False,False
09,559,853,149,0.023586560040712357,2.7260390161153523,0.5487592673725649,0.18990753204393965,0.36933339970825224,0,0.36933339970825224,0.5574125973956512,False,False,False
09,560,853,149,0.022623563185334206,2.916515206591543,0.5168721340029574,0.20865695991504776,0.36276454695900257,0,0.36276454695900257,0.5574125973956512,False,False,False
09,561,853,149,0.023548394441604614,2.9641342542105904,0.5474955129354835,0.21334431688282476,0.3804199149091541,0,0.3804199149091541,0.5574125973956512,False,False,False
09,562,853,152,0.023004012182354927,1.2771113534472331,0.5294697119084111,0.047283067360281844,0.2883763896343465,0,0.2883763896343465,0.5574125973956512,False,False,False
09,563,853,152,0.022711215540766716,1.2141847409023006,0.5197745135198034,0.04108891794908886,0.28043171573444614,0,0.28043171573444614,0.5574125973956512,False,False,False
09,564,853,152,0.023081202059984207,1.1835696110505283,0.532025653715492,0.038075333062256696,0.2850504933888744,0,0.2850504933888744,0.5574125973956512,False,False,False
09,565,853,152,0.02311115525662899,1.1852659638919187,0.5330174758288501,0.0382423126997856,0.28562989426431784,0,0.28562989426431784,0.5574125973956512,False,False,False
09,566,853,152,0.022696886211633682,1.219273799426472,0.5193000350969402,0.04158985686167556,0.2804449459793079,0,0.2804449459793079,0.5574125973956512,False,False,False
09,567,853,152,0.0238309595733881,1.285593117654188,0.5568519215181913,0.04811796554792658,0.30248494353305894,0,0.30248494353305894,0.5574125973956512,False,False,False
09,568,853,152,0.024255676195025444,1.384223918575064,0.5709153065467136,0.0578266387585384,0.31437097265262604,0,0.31437097265262604,0.5574125973956512,False,False,False
09,569,853,152,0.024699941277503967,1.515166202189103,0.5856259879547951,0.07071587649351131,0.3281709322241532,0,0.3281709322241532,0.5574125973956512,False,False,False
09,570,853,152,0.02404126524925232,1.6784199684963046,0.5638156463706826,0.08678567875284525,0.32530066256176393,0,0.32530066256176393,0.5574125973956512,False,False,False
09,571,853,152,0.02414153330028057,1.8212771113534476,0.5671357617978435,0.10084774965617632,0.3339917557270099,0,0.3339917557270099,0.5574125973956512,False,False,False
09,572,853,152,0.022434430196881294,1.9641342542105904,0.5106094875636581,0.11490982055950737,0.31275965406158274,0,0.31275965406158274,0.5574125973956512,False,False,False
09,573,853,155,0.02393951267004013,0.9898218829516533,0.5604463746581945,0.019003873033056895,0.28972512384562565,0,0.28972512384562565,0.5574125973956512,False,False,False
09,574,853,155,0.022971156984567642,0.8384425865341901,0.5283817975835854,0.004102928236425745,0.2662423629100056,0,0.2662423629100056,0.5574125973956512,False,False,False
09,575,853,155,0.023310815915465355,0.7516862555030498,0.539628718660457,0.0,0.2698143593302285,0,0.2698143593302285,0.5574125973956512,False,False,False
09,576,853,155,0.0223825853317976,0.7295528898582323,0.5088927798524954,0.0,0.2544463899262477,0,0.2544463899262477,0.5574125973956512,False,False,False
09,577,853,157,0.02243150770664215,1.5205379861868407,0.5105127169091055,0.07124464534568627,0.2908786811273959,0,0.2908786811273959,0.5574125973956512,False,False,False
09,578,853,157,0.022263089194893837,1.2126903348277402,0.5049359764285559,0.04094181683983701,0.27293889663419646,0,0.27293889663419646,0.5574125973956512,False,False,False
09,579,853,157,0.022105006501078606,0.9728583545377435,0.4997014796459744,0.0173340766577674,0.2585177781518709,0,0.2585177781518709,0.5574125973956512,False,False,False
09,580,853,157,0.021929116919636726,0.8299608223272325,0.49387735414604295,0.0032680300487807246,0.24857269209741184,0,0.24857269209741184,0.5574125973956512,False,False,False
09,581,853,157,0.021371670067310333,0.7839977381962099,0.4754189531374337,0.0,0.23770947656871685,0,0.23770947656871685,0.5574125973956512,False,False,False
09,582,853,161,0.020327594131231308,3.4168181267417905,0.44084709712791814,0.2579040258691222,0.34937556149852017,0,0.34937556149852017,0.5574125973956512,False,False,False
09,583,853,161,0.022094426676630974,3.020558180863525,0.4993511563076326,0.21889837768349016,0.3591247669955614,0,0.3591247669955614,0.5574125973956512,False,False,False
09,584,853,161,0.02036374621093273,2.656609717678419,0.44204417911275523,0.18307329402221884,0.312558736567487,0,0.312558736567487,0.5574125973956512,False,False,False
09,585,853,161,0.020496506243944168,2.324972737186476,0.4464401819191474,0.15042877488530862,0.29843447840222803,0,0.29843447840222803,0.5574125973956512,False,False,False
09,586,853,163,0.020767774432897568,3.607294317217981,0.45542252165554487,0.2766534537402303,0.3660379876978876,0,0.3660379876978876,0.5574125973956512,False,False,False
09,587,853,163,0.02145179733633995,3.1157962761016202,0.4780721590122198,0.22827309161904416,0.353172625315632,0,0.353172625315632,0.5574125973956512,False,False,False
09,588,853,163,0.021709924563765526,2.6600024233612,0.48661937002467337,0.1834072532972766,0.335013311660975,0,0.335013311660975,0.5574125973956512,False,False,False
09,589,853,164,0.02141392044723034,2.9899430510117524,0.4768179644549699,0.21588479279665795,0.3463513786258139,0,0.3463513786258139,0.5574125973956512,False,False,False
09,590,853,164,0.02095085382461548,2.484833797810897,0.46148471900160287,0.16616461786958478,0.3138246684355938,0,0.3138246684355938,0.5574125973956512,False,False,False
09,591,853,164,0.020976582542061806,2.0494365685205387,0.4623366584862005,0.12330651090382043,0.29282158469501046,0,0.29282158469501046,0.5574125973956512,False,False,False
09,592,853,165,0.02060716599225998,2.2314309947897715,0.4501043913435986,0.1412210405872835,0.295662715965441,0,0.295662715965441,0.5574125973956512,False,False,False
09,593,853,165,0.01965406723320484,1.714406882345812,0.4185450076606016,0.09032803249185213,0.25443652007622686,0,0.25443652007622686,0.5574125973956512,False,False,False
09,594,853,165,0.02115928940474987,1.4439597722040456,0.46838652050344365,0.06370670742295062,0.2660466139631971,0,0.2660466139631971,0.5574125973956512,False,False,False
09,595,853,165,0.019694430753588676,1.2976695343107565,0.4198815405376906,0.04930670153890643,0.23459412103829852,0,0.23459412103829852,0.5574125973956512,False,False,False
09,596,853,167,0.02141376957297325,2.083484793408457,0.4768129686467999,0.12665803077136573,0.3017354997090828,0,0.3017354997090828,0.5574125973956512,False,False,False
09,597,853,167,0.019982511177659035,1.5443677046730486,0.4294205736635022,0.0735903116824026,0.2515054426729524,0,0.2515054426729524,0.5574125973956512,False,False,False
09,598,853,167,0.020084908232092857,1.1480673694414147,0.43281118549484004,0.03458068779111489,0.23369593664297747,0,0.23369593664297747,0.5574125973956512,False,False,False
09,599,853,167,0.01996062509715557,0.8810129649824292,0.4286958730956298,0.008293321997271163,0.21849459754645048,0,0.21849459754645048,0.5574125973956512,False,False,False
09,600,853,167,0.02043631672859192,0.7533826083444375,0.4444471628425321,0.0,0.22222358142126605,0,0.22222358142126605,0.5574125973956512,False,False,False
09,601,853,167,0.019993644207715988,0.7754351952825213,0.42978921496513406,0.0,0.21489460748256703,0,0.21489460748256703,0.5574125973956512,False,False,False
09,602,853,168,0.02159631997346878,0.42178601720586545,0.4828576498259408,0.0,0.2414288249129704,0,0.2414288249129704,0.5574125973956512,False,False,False
09,603,853,168,0.019575631245970726,0.46593158043539856,0.41594780417863497,0.0,0.20797390208931749,0,0.20797390208931749,0.5574125973956512,False,False,False
09,604,853,168,0.020157907158136368,0.6563673815582208,0.43522835485275396,0.0,0.21761417742637698,0,0.21761417742637698,0.5574125973956512,False,False,False
09,605,853,170,0.019945258274674416,0.993335756694536,0.42818704078201725,0.019349759425081284,0.22376840010354926,0,0.22376840010354926,0.5574125973956512,False,False,False
09,606,853,170,0.01989409700036049,0.6344763520336043,0.42649296839922984,0.0,0.21324648419961492,0,0.21324648419961492,0.5574125973956512,False,False,False
09,607,853,171,0.020232733339071274,1.1787228886465524,0.43770602899850475,0.037598248383602394,0.23765213869105356,0,0.23765213869105356,0.5574125973956512,False,False,False
09,608,853,171,0.0203559510409832,0.8385637545942892,0.4417860623573045,0.004114855353392073,0.22295045885534828,1,0.22295045885534828,0.5574125973956512,False,False,False
09,609,853,171,0.020495904609560966,0.5953390686215116,0.44642026036311144,0.0,0.22321013018155572,1,0.22321013018155572,0.5574125973956512,False,False,False
09,610,853,171,0.020350951701402664,0.5051496425542222,0.44162052224460924,0.0,0.22081026112230462,1,0.22081026112230462,0.5574125973956512,False,False,False
09,611,853,171,0.020216161385178566,0.5169837230905925,0.43715729189617614,0.0,0.21857864594808807,1,0.21857864594808807,0.5574125973956512,False,False,False
09,612,853,171,0.0205391813069582,0.6580637343996113,0.44785325551153254,0.0,0.22392662775576627,1,0.22392662775576627,0.5574125973956512,False,False,False
09,613,853,171,0.02061542123556137,0.8688961589724952,0.45037774223013566,0.007100610300635962,0.2287391762653858,1,0.2287391762653858,0.5574125973956512,False,False,False
09,614,853,171,0.02065555937588215,1.1546104446867809,0.4517068122332917,0.035224752107298064,0.24346578217029488,1,0.24346578217029488,0.5574125973956512,False,False,False
09,615,853,171,0.02111925184726715,1.4403247304010667,0.4670607810390677,0.06334889391396017,0.2652048374765139,1,0.2652048374765139,0.5574125973956512,False,False,False
09,616,853,171,0.02064719796180725,1.7260390161153523,0.45142994577804235,0.09147303572062228,0.27145149074933234,1,0.27145149074933234,0.5574125973956512,False,False,False
09,617,853,171,0.02133002132177353,1.9165152065915427,0.47403986337593346,0.11022246359173034,0.2921311634838319,1,0.2921311634838319,0.5574125973956512,False,False,False
09,618,853,171,0.021084308624267578,2.106991397067733,0.46590372719623474,0.1289718914628384,0.29743780932953656,1,0.29743780932953656,0.5574125973956512,False,False,False
09,619,853,171,0.022125262767076492,2.297467587543924,0.5003722131502818,0.1477213193339465,0.32404676624211415,1,0.32404676624211415,0.5574125973956512,False,False,False
09,620,853,171,0.02392732910811901,2.487943778020114,0.5600429477293049,0.16647074720505456,0.3632568474671797,1,0.3632568474671797,0.5574125973956512,False,False,False
09,621,853,171,0.02201823890209198,2.678419968496305,0.4968283965350636,0.18522017507616265,0.3410242858056131,1,0.3410242858056131,0.5574125973956512,False,False,False
09,622,853,171,0.020940132439136505,2.868896158972495,0.4611297082383115,0.20396960294727068,0.3325496555927911,1,0.3325496555927911,0.5574125973956512,False,False,False
09,623,853,171,0.021641133353114128,3.011753301829638,0.4843415282057232,0.21803167385060176,0.35118660102816246,1,0.35118660102816246,0.5574125973956512,False,False,False
09,624,853,171,0.021787304431200027,3.1546104446867806,0.48918160284944995,0.23209374475393277,0.36063767380169137,1,0.36063767380169137,0.5574125973956512,False,False,False
09,625,853,168,0.021407222375273705,6.154610444686781,0.4765961752428789,0.5273972337238849,0.501996704483382,1,0.501996704483382,0.5574125973956512,False,False,False
09,626,853,168,0.022966045886278152,6.059372349448686,0.5282125568722457,0.5180225197883309,0.5231175383302883,1,0.5231175383302883,0.5574125973956512,False,False,False
09,627,853,168,0.021524356678128242,5.96413425421059,0.4804747726821322,0.5086478058527768,0.49456128926745446,1,0.49456128926745446,0.5574125973956512,False,False,False
09,628,853,167,0.022626018151640892,6.7736580637344,0.5169534238198472,0.5883328743049862,0.5526431490624166,1,0.5526431490624166,0.5574125973956512,False,False,False
09,629,853,167,0.02231767773628235,6.5831818732582095,0.50674353383644,0.569583446433878,0.5381634901351591,1,0.5381634901351591,0.5574125973956512,False,False,False
09,630,853,167,0.02304937317967415,6.392705682782019,0.5309717232215513,0.5508340185627699,0.5409028708921606,1,0.5409028708921606,0.5574125973956512,False,False,False
09,631,853,167,0.022517159581184387,6.202229492305828,0.5133488557102158,0.5320845906916619,0.5227167232009389,1,0.5227167232009389,0.5574125973956512,False,False,False
09,632,853,167,0.023401422426104546,6.011753301829638,0.5426289173348049,0.5133351628205539,0.5279820400776793,1,0.5279820400776793,0.5574125973956512,False,False,False
09,633,853,167,0.023716576397418976,5.821277111353448,0.5530644204822357,0.4945857349494458,0.5238250777158407,1,0.5238250777158407,0.5574125973956512,False,False,False
09,634,853,167,0.02386128529906273,5.630800920877257,0.5578560789603642,0.4758363070783377,0.5168461930193509,1,0.5168461930193509,0.5574125973956512,False,False,False
09,635,853,167,0.02503025345504284,5.440324730401066,0.5965634156317022,0.4570868792072296,0.526825147419466,1,0.526825147419466,0.5574125973956512,False,False,False
09,636,853,167,0.024249624460935593,5.249848539924876,0.5707149191301164,0.4383374513361216,0.504526185233119,1,0.504526185233119,0.5574125973956512,False,False,False
09,637,853,167,0.024329036474227905,5.059372349448686,0.573344441173578,0.4195880234650135,0.49646623231929576,1,0.49646623231929576,0.5574125973956512,False,False,False
09,638,853,167,0.023269295692443848,4.868896158972495,0.538253884587398,0.4008385955939054,0.4695462400906517,1,0.4695462400906517,0.5574125973956512,False,False,False
09,639,853,167,0.023212093859910965,4.678419968496304,0.5363597948478778,0.38208916772279733,0.45922448128533755,1,0.45922448128533755,0.5574125973956512,False,False,False
09,640,853,167,0.02351074106991291,4.487943778020115,0.5462487195755226,0.3633397398516893,0.45479422971360595,1,0.45479422971360595,0.5574125973956512,False,False,False
09,641,853,167,0.024023985490202904,4.297467587543924,0.5632434721436058,0.3445903119805812,0.4539168920620935,1,0.4539168920620935,0.5574125973956512,False,False,False
09,642,853,165,0.024682698771357536,6.011753301829638,0.5850550472605998,0.5133351628205539,0.5491951050405768,1,0.5491951050405768,0.5574125973956512,False,False,False
09,643,853,165,0.02422662079334259,5.726039016115353,0.5699532125757993,0.4852110210138918,0.5275821167948456,1,0.5275821167948456,0.5574125973956512,False,False,False
09,644,853,165,0.024039341136813164,5.440324730401066,0.5637519343973539,0.4570868792072296,0.5104194068022918,1,0.5104194068022918,0.5574125973956512,False,False,False
09,645,853,165,0.02332143671810627,5.154610444686781,0.5399803988849684,0.4289627374005675,0.4844715681427679,1,0.4844715681427679,0.5574125973956512,False,False,False
09,646,853,165,0.024019211530685425,5.011753301829638,0.5630853949048436,0.4149006664972365,0.48899303070104005,1,0.48899303070104005,0.5574125973956512,False,False,False
09,647,853,165,0.02407766878604889,4.868896158972495,0.5650210547024698,0.4008385955939054,0.4829298251481876,1,0.4829298251481876,0.5574125973956512,False,False,False
09,648,853,152,0.023273641243577003,17.106991397067734,0.5383977761980232,1.605489336312599,1.0719435562553112,1,1.0719435562553112,0.5574125973956512,True,False,False
09,649,853,152,0.02653110772371292,16.39270568278202,0.6462602967441902,1.5351789817959438,1.090719639270067,1,1.090719639270067,0.5574125973956512,True,False,False
09,650,853,152,0.023657914251089096,15.678419968496305,0.5511219762537612,1.4648686272792886,1.0079953017665249,1,1.0079953017665249,0.5574125973956512,True,True,True
09,651,853,152,0.026060311123728752,14.964134254210592,0.630671093217915,1.3945582727626333,1.0126146829902742,1,1.0126146829902742,0.5574125973956512,True,True,False
09,652,853,152,0.02286832220852375,14.249848539924878,0.5249766917408901,1.324247918245978,0.924612304993434,1,0.924612304993434,0.5574125973956512,True,True,False
09,653,853,152,0.023959292098879814,13.535562825639163,0.561101318941619,1.2539375637293229,0.9075194413354709,1,0.9075194413354709,0.5574125973956512,True,True,False
09,654,853,152,0.023122409358620644,12.82127711135345,0.5333901261123467,1.1836272092126676,0.8585086676625071,1,0.8585086676625071,0.5574125973956512,True,True,False
09,655,853,152,0.024051135405898094,12.106991397067734,0.564142470907632,1.1133168546960124,0.8387296628018222,1,0.8387296628018222,0.5574125973956512,True,True,False
09,656,853,152,0.024077795445919037,11.392705682782019,0.5650252487142668,1.043006500179357,0.8040158744468119,1,0.8040158744468119,0.5574125973956512,True,True,False
09,657,853,152,0.023907095193862915,10.678419968496305,0.5593729543447262,0.9726961456627017,0.766034550003714,1,0.766034550003714,0.5574125973956512,True,True,False
09,658,853,152,0.02424611523747444,9.96413425421059,0.5705987203326804,0.9023857911460463,0.7364922557393634,1,0.7364922557393634,0.5574125973956512,True,True,False
09,659,853,152,0.023282434791326523,9.249848539924876,0.5386889516346977,0.8320754366293912,0.6853821941320444,1,0.6853821941320444,0.5574125973956512,True,True,False
09,660,853,152,0.023572886362671852,8.535562825639161,0.5483064991284158,0.7617650821127357,0.6550357906205757,1,0.6550357906205757,0.5574125973956512,True,True,False
09,661,853,152,0.025614595040678978,7.821277111353448,0.6159123657040996,0.6914547275960805,0.6536835466500901,1,0.6536835466500901,0.5574125973956512,True,True,False
09,662,853,152,0.025471393018960953,7.106991397067733,0.6111706036310272,0.6211443730794253,0.6161574883552262,1,0.6161574883552262,0.5574125973956512,True,True,False
09,663,853,149,0.025691350921988487,9.345086635162971,0.6184539368531112,0.8414501505649452,0.7299520437090282,1,0.7299520437090282,0.5574125973956512,True,True,False
09,664,853,149,0.025135502219200134,8.583181873258209,0.6000484544051177,0.7664524390805127,0.6832504467428152,1,0.6832504467428152,0.5574125973956512,True,True,False
09,665,853,149,0.02534814178943634,7.821277111353448,0.6070894600926341,0.6914547275960805,0.6492720938443572,1,0.6492720938443572,0.5574125973956512,True,True,False
09,666,853,149,0.02400551363825798,7.059372349448686,0.5626318248643215,0.6164570161116483,0.5895444204879849,1,0.5895444204879849,0.5574125973956512,True,True,False
09,667,853,149,0.0231818538159132,6.297467587543924,0.5353584745313322,0.5414593046272159,0.538408889579274,1,0.538408889579274,0.5574125973956512,False,False,False
09,668,853,149,0.023133091628551483,5.535562825639162,0.5337438416661124,0.4664615931427837,0.5001027174044481,1,0.5001027174044481,0.5574125973956512,False,False,False
09,669,853,149,0.023811666294932365,5.392705682782019,0.5562130748388702,0.4523995222394526,0.5043062985391614,1,0.5043062985391614,0.5574125973956512,False,False,False
09,670,853,149,0.023142976686358452,5.249848539924876,0.5340711596162145,0.4383374513361216,0.4862043054761681,1,0.4862043054761681,0.5574125973956512,False,False,False
09,671,853,149,0.02338463068008423,5.106991397067733,0.5420729023884755,0.4242753804327905,0.483174141410633,1,0.483174141410633,0.5574125973956512,False,False,False
09,672,853,149,0.023473743349313736,4.96413425421059,0.5450236363942758,0.4102133095294594,0.47761847296186755,1,0.47761847296186755,0.5574125973956512,False,False,False
09,673,853,149,0.02329879067838192,4.821277111353448,0.5392305342463136,0.3961512386261284,0.46769088643622103,1,0.46769088643622103,0.5574125973956512,False,False,False
09,674,853,149,0.023702217265963554,4.678419968496304,0.5525889552330673,0.38208916772279733,0.4673390614779323,1,0.4673390614779323,0.5574125973956512,False,False,False
09,675,853,149,0.022675050422549248,4.535562825639162,0.5185769997984578,0.3680270968194663,0.4433020483089621,1,0.4433020483089621,0.5574125973956512,False,False,False
09,676,853,149,0.0240025594830513,4.392705682782019,0.5625340057068197,0.3539650259161352,0.45824951581147744,1,0.45824951581147744,0.5574125973956512,False,False,False
09,677,853,149,0.023567525669932365,4.249848539924876,0.5481289937467702,0.3399029550128042,0.4440159743797872,1,0.4440159743797872,0.5574125973956512,False,False,False
09,678,853,149,0.02422887459397316,4.106991397067733,0.5700278413151292,0.32584088410947315,0.44793436271230114,1,0.44793436271230114,0.5574125973956512,False,False,False
09,679,853,149,0.024447321891784668,3.9641342542105904,0.5772611547788691,0.31177881320614215,0.4445199839925056,1,0.4445199839925056,0.5574125973956512,False,False,False
09,680,853,149,0.025837501510977745,3.8212771113534476,0.6232933330537532,0.29771674230281103,0.4605050376782821,1,0.4605050376782821,0.5574125973956512,False,False,False
09,681,853,149,0.025689734145998955,3.678419968496305,0.6184004015260548,0.28365467139948003,0.4510275364627674,1,0.4510275364627674,0.5574125973956512,False,False,False
09,682,853,149,0.02473973110318184,3.535562825639162,0.5869435244255092,0.26959260049614897,0.4282680624608291,1,0.4282680624608291,0.5574125973956512,False,False,False
09,683,853,149,0.024070393294095993,3.392705682782019,0.5647801457307158,0.25553052959281786,0.4101553376617668,1,0.4101553376617668,0.5574125973956512,False,False,False
09,684,853,148,0.023762909695506096,4.345086635162971,0.5545986270035826,0.3492776689483582,0.45193814797597043,1,0.45193814797597043,0.5574125973956512,False,False,False
09,685,853,148,0.023698030039668083,4.297467587543924,0.5524503061371884,0.3445903119805812,0.4485203090588848,1,0.4485203090588848,0.5574125973956512,False,False,False
09,686,853,148,0.024018505588173866,4.249848539924876,0.5630620194567394,0.3399029550128042,0.4514824872347718,1,0.4514824872347718,0.5574125973956512,False,False,False
09,687,853,148,0.02321217954158783,4.202229492305828,0.5363626319735051,0.33521559804502715,0.4357891150092661,1,0.4357891150092661,0.5574125973956512,False,False,False
09,688,853,148,0.024881180375814438,4.154610444686781,0.5916272487765079,0.33052824107725015,0.46107774492687903,1,0.46107774492687903,0.5574125973956512,False,False,False
09,689,853,148,0.023553621023893356,4.106991397067733,0.5476685775987559,0.32584088410947315,0.43675473085411454,1,0.43675473085411454,0.5574125973956512,False,False,False
09,690,853,148,0.023109814152121544,4.059372349448686,0.5329730686451166,0.32115352714169615,0.42706329789340636,0,0.42706329789340636,0.5574125973956512,False,False,False
09,691,853,148,0.023763898760080338,4.011753301829638,0.5546313773015861,0.31646617017391915,0.4355487737377526,0,0.4355487737377526,0.5574125973956512,False,False,False
09,692,853,148,0.02434670738875866,3.9641342542105904,0.5739295674959103,0.31177881320614215,0.44285419035102624,0,0.44285419035102624,0.5574125973956512,False,False,False
09,693,853,148,0.02307550236582756,3.916515206591543,0.5318369231846248,0.30709145623836515,0.419464189711495,0,0.419464189711495,0.5574125973956512,False,False,False
09,694,853,148,0.023397665470838547,3.868896158972495,0.542504515543707,0.30240409927058803,0.4224543074071475,0,0.4224543074071475,0.5574125973956512,False,False,False
09,695,853,148,0.025412583723664284,3.8212771113534476,0.6092232869476709,0.29771674230281103,0.45347001462524095,0,0.45347001462524095,0.5574125973956512,False,False,False
09,696,853,145,0.024518020451068878,6.630800920877257,0.5796021534813514,0.574270803401655,0.5769364784415032,0,0.5769364784415032,0.5574125973956512,True,False,False
09,697,853,148,0.02365514449775219,3.8365846762793323,0.5510302630840228,0.299223534746227,0.4251268989151249,0,0.4251268989151249,0.5574125973956512,False,False,False
09,698,853,148,0.022800887003540993,3.7566541459671248,0.5227437505188259,0.2913556132540892,0.40704968188645757,0,0.40704968188645757,0.5574125973956512,False,False,False
09,699,853,148,0.02255493588745594,3.676723615654914,0.5145997197286857,0.2834876917619511,0.3990437057453184,0,0.3990437057453184,0.5574125973956512,False,False,False
09,700,853,148,0.02275247871875763,3.596793085342704,0.5211408362159803,0.27561977026981305,0.39838030324289664,0,0.39838030324289664,0.5574125973956512,False,False,False
09,701,853,148,0.0227386225014925,3.5168625550304933,0.5206820236607119,0.2677518487776749,0.3942169362191934,0,0.3942169362191934,0.5574125973956512,False,False,False
09,702,853,148,0.022861098870635033,3.4369320247182857,0.5247375097151702,0.2598839272855371,0.39231071850035365,0,0.39231071850035365,0.5574125973956512,False,False,False
09,703,853,148,0.023550208657979965,3.357001494406075,0.5475555859868119,0.25201600579339906,0.39978579589010543,0,0.39978579589010543,0.5574125973956512,False,False,False
09,704,853,148,0.02268771268427372,3.277070964093865,0.5189962776248745,0.24414808430126098,0.3815721809630678,0,0.3815721809630678,0.5574125973956512,False,False,False
09,705,853,148,0.023660797625780106,3.249848539924876,0.5512174516987882,0.24146845868948685,0.39634295519413754,0,0.39634295519413754,0.5574125973956512,False,False,False
09,706,853,148,0.02280721254646778,3.249848539924876,0.5229532044021021,0.24146845868948685,0.3822108315457945,0,0.3822108315457945,0.5574125973956512,False,False,False
09,707,853,148,0.023032942786812782,3.249848539924876,0.5304276735441723,0.24146845868948685,0.3859480661168296,0,0.3859480661168296,0.5574125973956512,False,False,False
09,708,853,149,0.022400040179491043,2.3910093299406285,0.5094707516841152,0.15692905363197163,0.3331999026580434,0,0.3331999026580434,0.5574125973956512,False,False,False
09,709,853,149,0.022074956446886063,2.375701765014744,0.4987064503471245,0.1554222611885557,0.3270643557678401,0,0.3270643557678401,0.5574125973956512,False,False,False
09,710,853,149,0.0231342613697052,2.392705682782019,0.5337825745985911,0.1570960332695005,0.3454393039340458,0,0.3454393039340458,0.5574125973956512,False,False,False
09,711,853,149,0.023274095728993416,2.4403247304010667,0.5384128252991772,0.16178339023727756,0.35009810776822736,0,0.35009810776822736,0.5574125973956512,False,False,False
09,712,853,149,0.02303808182477951,2.487943778020114,0.5305978394051731,0.16647074720505456,0.3485342933051139,0,0.3485342933051139,0.5574125973956512,False,False,False
09,713,853,149,0.021907469257712364,2.535562825639162,0.49316054818861205,0.1711581041728316,0.3321593261807218,0,0.3321593261807218,0.5574125973956512,False,False,False
09,714,853,149,0.02147320844233036,2.5831818732582095,0.47878113203585326,0.1758454611406086,0.32731329658823094,0,0.32731329658823094,0.5574125973956512,False,False,False
09,715,853,149,0.022594701498746872,2.630800920877257,0.5159164544030269,0.1805328181083856,0.34822463625570627,0,0.34822463625570627,0.5574125973956512,False,False,False
09,716,853,149,0.022129787132143974,2.678419968496305,0.5005220257187382,0.18522017507616265,0.3428711003974504,0,0.3428711003974504,0.5574125973956512,False,False,False
09,717,853,149,0.021710218861699104,2.868896158972495,0.4866291149344371,0.20396960294727068,0.3452993589408539,0,0.3452993589408539,0.5574125973956512,False,False,False
09,718,853,149,0.02210911363363266,2.916515206591543,0.4998374766461581,0.20865695991504776,0.3542472182806029,0,0.3542472182806029,0.5574125973956512,False,False,False
09,719,853,149,0.02221888117492199,2.9641342542105904,0.5034721429580977,0.21334431688282476,0.35840822992046123,0,0.35840822992046123,0.5574125973956512,False,False,False
09,720,853,149,0.02249687723815441,3.011753301829638,0.5126772587328914,0.21803167385060176,0.36535446629174656,0,0.36535446629174656,0.5574125973956512,False,False,False
09,721,853,152,0.02303353324532509,1.3247304010662806,0.5304472250403438,0.051970424328058845,0.29120882468420134,0,0.29120882468420134,0.5574125973956512,False,False,False
09,722,853,152,0.022965505719184875,1.2618037885213482,0.5281946706454641,0.04577627491686588,0.286985472781165,0,0.286985472781165,0.5574125973956512,False,False,False
09,723,853,152,0.02209434285759926,1.231188658669576,0.4993483808586493,0.04276269003003372,0.2710555354443415,0,0.2710555354443415,0.5574125973956512,False,False,False
09,724,853,152,0.023634038865566254,1.2328850115109664,0.5503314050300175,0.04292966966756262,0.2966305373487901,0,0.2966305373487901,0.5574125973956512,False,False,False
09,725,853,152,0.023362254723906517,1.2668928470455196,0.5413319808632115,0.04627721382945258,0.2938045973463321,0,0.2938045973463321,0.5574125973956512,False,False,False
09,726,853,152,0.023585863411426544,1.3332121652732356,0.5487362003076811,0.0528053225157036,0.30077076141169234,0,0.30077076141169234,0.5574125973956512,False,False,False
09,727,853,152,0.02311088517308235,1.4318429661941117,0.5330085327154592,0.06251399572631543,0.29776126422088733,0,0.29776126422088733,0.5574125973956512,False,False,False
09,728,853,152,0.02396848425269127,1.5627852498081505,0.5614056931801253,0.07540323346128831,0.3184044633207068,0,0.3184044633207068,0.5574125973956512,False,False,False
09,729,853,152,0.023402636870741844,1.6784199684963046,0.5426691305067413,0.08678567875284525,0.31472740462979326,0,0.31472740462979326,0.5574125973956512,False,False,False
09,730,853,152,0.023665789514780045,1.8212771113534476,0.5513827451049071,0.10084774965617632,0.32611524738054176,0,0.32611524738054176,0.5574125973956512,False,False,False
09,731,853,155,0.024256709963083267,1.0629670018982993,0.5709495370841748,0.02620387597507913,0.298576706529627,0,0.298576706529627,0.5574125973956512,False,False,False
09,732,853,155,0.024107273668050766,0.8792762227876733,0.5660013432833859,0.008122366654086909,0.28706185496873643,0,0.28706185496873643,0.5574125973956512,False,False,False
09,733,853,155,0.023470202460885048,0.7602084090633701,0.5449063890938906,0.0,0.2724531945469453,0,0.2724531945469453,0.5574125973956512,False,False,False
09,734,853,155,0.0249320138245821,0.7057635607253926,0.5933104660699382,0.0,0.2966552330349691,0,0.2966552330349691,0.5574125973956512,False,False,False
09,735,853,155,0.02268679440021515,0.7159416777737379,0.5189658710393459,0.0,0.25948293551967294,0,0.25948293551967294,0.5574125973956512,False,False,False
09,736,853,155,0.023770874366164207,0.7907427602084088,0.5548623563336441,0.0,0.27743117816682206,0,0.27743117816682206,0.5574125973956512,False,False,False
09,737,853,157,0.02306806668639183,1.1361525101983108,0.5315907100214804,0.03340785462275672,0.2824992823221186,0,0.2824992823221186,0.5574125973956512,False,False,False
09,738,853,157,0.022711070254445076,0.8963205299083167,0.5197697027415656,0.009800114440687376,0.2647849085911265,0,0.2647849085911265,0.5574125973956512,False,False,False
09,739,853,157,0.023145848885178566,0.7534229976978056,0.534166265001377,0.0,0.2670831325006885,0,0.2670831325006885,0.5574125973956512,False,False,False
09,740,853,157,0.022983219474554062,0.707459913566783,0.5287812155306102,0.0,0.2643906077653051,0,0.2643906077653051,0.5574125973956512,False,False,False
09,741,853,161,0.023568101227283478,3.369199079122743,0.5481480518297891,0.2532166689013452,0.40068236036556715,0,0.40068236036556715,0.5574125973956512,False,False,False
09,742,853,161,0.022811852395534515,2.972939133244477,0.523106840922491,0.21421102071571307,0.36865893081910206,0,0.36865893081910206,0.5574125973956512,False,False,False
09,743,853,161,0.02229464426636696,2.6089906700593715,0.5059808404558178,0.17838593705444183,0.3421833887551298,0,0.3421833887551298,0.5574125973956512,False,False,False
09,744,853,161,0.022700365632772446,2.2773536895674287,0.519415247068071,0.14574141791753162,0.3325783324928013,0,0.3325783324928013,0.5574125973956512,False,False,False
09,745,853,161,0.02265857718884945,1.9780281917686484,0.5180315315582651,0.11627746330498243,0.31715449743162377,0,0.31715449743162377,0.5574125973956512,False,False,False
09,746,853,163,0.022153422236442566,3.131103841027505,0.5013046406553964,0.2297798840624601,0.3655422623589282,0,0.3655422623589282,0.5574125973956512,False,False,False
09,747,853,164,0.021597202867269516,3.5596752695989333,0.482886884555232,0.2719660967724533,0.37742649066384265,0,0.37742649066384265,0.5574125973956512,False,False,False
09,748,853,164,0.021567706018686295,3.020558180863525,0.48191017321967217,0.21889837768349016,0.35040427545158115,0,0.35040427545158115,0.5574125973956512,False,False,False
09,749,853,164,0.023581979796290398,2.515448927662667,0.5486076045047863,0.1691782027564167,0.3588929036306015,0,0.3588929036306015,0.5574125973956512,False,False,False
09,750,853,164,0.023999838158488274,2.078355345530918,0.5624438961298273,0.12615311615312344,0.34429850614147534,0,0.34429850614147534,0.5574125973956512,False,False,False
09,751,853,164,0.02218337170779705,1.7058847287854917,0.5022963394154663,0.08948915859855203,0.2958927490070091,0,0.2958927490070091,0.5574125973956512,False,False,False
09,752,853,164,0.021199559792876244,1.5408942202835314,0.46971996954832895,0.07324840099603355,0.27148418527218127,0,0.27148418527218127,0.5574125973956512,False,False,False
09,753,853,165,0.020643889904022217,1.6123429863887868,0.4513204080581665,0.08028142430052689,0.2658009161793467,0,0.2658009161793467,0.5574125973956512,False,False,False
09,754,853,165,0.021383430808782578,1.3708146532574024,0.4758083794681185,0.05650670448092865,0.26615754197452357,0,0.26615754197452357,0.5574125973956512,False,False,False
09,755,853,165,0.02171776257455349,1.226220768205501,0.4868789053429378,0.042273678234413095,0.2645762917886755,0,0.2645762917886755,0.5574125973956512,False,False,False
09,756,853,165,0.021795088425278664,1.1768649783916947,0.48943934954503626,0.03741536592345155,0.2634273577342439,0,0.2634273577342439,0.5574125973956512,False,False,False
09,757,853,167,0.021385084837675095,1.411688678864251,0.47586314832805643,0.06053011860424518,0.2681966334661508,0,0.2681966334661508,0.5574125973956512,False,False,False
09,758,853,167,0.021002987399697304,1.044307120642999,0.4632109865925971,0.024367099962260736,0.2437890432774289,0,0.2437890432774289,0.5574125973956512,False,False,False
09,759,853,167,0.02003810554742813,0.7806454218667944,0.43126143645918635,0.0,0.21563071822959318,0,0.21563071822959318,0.5574125973956512,False,False,False
09,760,853,167,0.021613221615552902,0.6462296538632383,0.48341730369427055,0.0,0.24170865184713528,0,0.24170865184713528,0.5574125973956512,False,False,False
09,761,853,167,0.020540405064821243,0.6410598166323334,0.4478937770666893,0.0,0.22394688853334466,0,0.22394688853334466,0.5574125973956512,False,False,False
09,762,853,167,0.021082211285829544,0.8434104769982623,0.4658342792950071,0.004591940032046103,0.2352131096635266,0,0.2352131096635266,0.5574125973956512,False,False,False
09,763,853,168,0.02036074921488762,0.5186800759319856,0.4419449413924398,0.0,0.2209724706962199,0,0.2209724706962199,0.5574125973956512,False,False,False
09,764,853,168,0.020951155573129654,0.6189668403408868,0.4614947106179429,0.0,0.23074735530897145,0,0.23074735530897145,0.5574125973956512,False,False,False
09,765,853,168,0.02104598470032215,0.8417141241568719,0.46463473024440705,0.004424960394517204,0.23452984531946214,0,0.23452984531946214,0.5574125973956512,False,False,False
09,766,853,168,0.020650139078497887,1.1546104446867809,0.4515273331990356,0.035224752107298064,0.24337604265316684,0,0.24337604265316684,0.5574125973956512,False,False,False
09,767,853,168,0.020589737221598625,1.392705682782019,0.44952728298499584,0.05866153694618316,0.2540944099655895,0,0.2540944099655895,0.5574125973956512,False,False,False
09,768,853,170,0.020200572907924652,0.5697322185871796,0.43664112006191874,0.0,0.21832056003095937,0,0.21832056003095937,0.5574125973956512,False,False,False
09,769,853,171,0.01939151994884014,0.9950321095359265,0.4098514379717598,0.019516739062610183,0.214684088517185,0,0.214684088517185,0.5574125973956512,False,False,False
09,770,853,171,0.01929829828441143,0.7331071529544831,0.40676464528913175,0.0,0.20338232264456588,0,0.20338232264456588,0.5574125973956512,False,False,False
09,771,853,171,0.020743122324347496,0.5476796316490958,0.4546062312712222,0.0,0.2273031156356111,0,0.2273031156356111,0.5574125973956512,False,False,False
09,772,853,171,0.02247517742216587,0.49489074679914324,0.5119587258294264,0.0,0.2559793629147132,0,0.2559793629147132,0.5574125973956512,False,False,False
09,773,853,171,0.02256747893989086,0.5713477927218391,0.5150150502498817,0.0,0.25750752512494085,0,0.25750752512494085,0.5574125973956512,False,False,False
09,774,853,172,0.021441875025629997,0.549375984490489,0.4777436075292362,0.0,0.2388718037646181,0,0.2388718037646181,0.5574125973956512,False,False,False
09,775,853,173,0.021034354344010353,0.9541984732824406,0.4642496212788074,0.015497300644948744,0.2398734609618781,0,0.2398734609618781,0.5574125973956512,False,False,False
09,776,853,173,0.021638276055455208,0.6837513631406742,0.4842469162337133,0.0,0.24212345811685665,0,0.24212345811685665,0.5574125973956512,False,False,False
09,777,853,173,0.022286484017968178,0.517024112443958,0.5057106350781285,0.0,0.25285531753906426,0,0.25285531753906426,0.5574125973956512,False,False,False
09,778,853,173,0.02175045758485794,0.501676158164705,0.4879615154763731,0.0,0.24398075773818656,0,0.24398075773818656,0.5574125973956512,False,False,False
09,779,853,173,0.021708836778998375,0.5832626519649404,0.486583350864534,0.0,0.243291675432267,0,0.243291675432267,0.5574125973956512,False,False,False
09,780,853,173,0.022357407957315445,0.7583908881618806,0.5080590966545437,0.0,0.25402954832727187,0,0.25402954832727187,0.5574125973956512,False,False,False
09,781,853,173,0.021902887150645256,0.9879639726967983,0.49300882364418935,0.018820990572906312,0.2559149071085478,0,0.2559149071085478,0.5574125973956512,False,False,False
09,782,853,173,0.021284813061356544,1.249848539924876,0.47254290954760736,0.04459946604285209,0.2585711877952297,0,0.2585711877952297,0.5574125973956512,False,False,False
09,783,853,175,0.021281158551573753,0.6071731491578819,0.4724218999719337,0.0,0.23621094998596684,0,0.23621094998596684,0.5574125973956512,False,False,False
09,784,853,175,0.020606329664587975,0.5748212771113537,0.45007669853040927,0.0,0.22503834926520463,0,0.22503834926520463,0.5574125973956512,False,False,False
09,785,853,175,0.021201899275183678,0.639403853144311,0.46979743541328617,0.0,0.23489871770664308,0,0.23489871770664308,0.5574125973956512,False,False,False
09,786,853,177,0.021242627874016762,1.2739609838846477,0.47114605691261374,0.04697296231915644,0.2590595096158851,0,0.2590595096158851,0.5574125973956512,False,False,False
09,787,853,177,0.021649546921253204,0.8946645664202917,0.48462012160700657,0.009637110508813832,0.2471286160579102,0,0.2471286160579102,0.5574125973956512,False,False,False
09,788,853,177,0.022815633565187454,0.6123025970354214,0.5232320445099617,0.0,0.2616160222549809,0,0.2616160222549809,0.5574125973956512,False,False,False
09,789,853,177,0.022317243739962578,0.5339876408578678,0.5067291631783707,0.0,0.25336458158918534,0,0.25336458158918534,0.5574125973956512,False,False,False
09,790,853,177,0.022322289645671844,0.5492548164303871,0.5068962452071678,0.0,0.2534481226035839,0,0.2534481226035839,0.5574125973956512,False,False,False
09,791,853,177,0.022564617916941643,0.6614564400823949,0.5149203149245837,0.0,0.25746015746229184,0,0.25746015746229184,0.5574125973956512,False,False,False
09,792,853,178,0.02217254415154457,0.5170241124439607,0.5019378130834626,0.0,0.2509689065417313,0,0.2509689065417313,0.5574125973956512,False,False,False
09,793,853,179,0.022250473499298096,0.8470455188012413,0.504518240518241,0.004949753541036547,0.2547339970296388,0,0.2547339970296388,0.5574125973956512,False,False,False
09,794,853,179,0.02097276970744133,0.6089098913526378,0.4622104063957805,0.0,0.23110520319789024,0,0.23110520319789024,0.5574125973956512,False,False,False
09,795,853,179,0.021386317908763885,0.5238095238095225,0.4759039782664336,0.0,0.2379519891332168,0,0.2379519891332168,0.5574125973956512,False,False,False
09,796,853,179,0.02063944935798645,0.5390766993820418,0.4511733709386935,0.0,0.22558668546934674,0,0.22558668546934674,0.5574125973956512,False,False,False
09,797,853,179,0.022161176428198814,0.6512783230340469,0.5015614005246775,0.0,0.25078070026233873,0,0.25078070026233873,0.5574125973956512,False,False,False
09,798,853,179,0.02158290520310402,0.8502362777171922,0.48241345463531804,0.005263834287817307,0.24383864446156767,0,0.24383864446156767,0.5574125973956512,False,False,False
09,799,853,180,0.022848540917038918,0.527202229492306,0.5243216857808216,0.0,0.2621608428904108,0,0.2621608428904108,0.5574125973956512,False,False,False
09,800,853,181,0.023145616054534912,0.6684437982147894,0.5341585554208678,0.0,0.2670792777104339,0,0.2670792777104339,0.5574125973956512,False,False,False
09,801,853,181,0.02218332700431347,0.5068056060422472,0.5022948591760085,0.0,0.25114742958800423,0,0.25114742958800423,0.5574125973956512,False,False,False
09,802,853,181,0.022239597514271736,0.50333212165273,0.5041581105934915,0.0,0.25207905529674574,0,0.25207905529674574,0.5574125973956512,False,False,False
09,803,853,181,0.022439779713749886,0.6597196978876363,0.5107866228854393,0.0,0.25539331144271965,0,0.25539331144271965,0.5574125973956512,False,False,False
09,804,853,181,0.022161610424518585,0.9165152065915427,0.5015757711827468,0.011787967268412974,0.2566818692255799,0,0.2566818692255799,0.5574125973956512,False,False,False
09,805,853,181,0.021447109058499336,1.2022294923058285,0.4779169188990849,0.039912109075075086,0.25891451398708,0,0.25891451398708,0.5574125973956512,False,False,False
09,806,853,181,0.021536553278565407,1.4879437780201141,0.48087863134753034,0.06803625088173718,0.27445744111463377,0,0.27445744111463377,0.5574125973956512,False,False,False
09,807,853,181,0.021434174850583076,1.6784199684963046,0.47748863628263327,0.08678567875284525,0.28213715751773927,0,0.28213715751773927,0.5574125973956512,False,False,False
09,808,853,183,0.022108912467956543,0.5373399571872859,0.49983081556859804,0.0,0.24991540778429902,0,0.24991540778429902,0.5574125973956512,False,False,False
09,809,853,184,0.02162400260567665,0.7568964820873229,0.4837742881101723,0.0,0.24188714405508616,0,0.24188714405508616,0.5574125973956512,False,False,False
09,810,853,184,0.0217448640614748,0.5765580193061123,0.48777630051421816,0.0,0.24388815025710908,0,0.24388815025710908,0.5574125973956512,False,False,False
09,811,853,184,0.021460454910993576,0.523769134456157,0.47835883205387686,0.0,0.23917941602693843,0,0.23917941602693843,0.5574125973956512,False,False,False
09,812,853,185,0.021466825157403946,0.7160628458338371,0.4785697661766108,0.0,0.2392848830883054,0,0.2392848830883054,0.5574125973956512,False,False,False
09,813,853,186,0.02093481458723545,1.2739609838846477,0.4609536214194795,0.04697296231915644,0.253963291869318,0,0.253963291869318,0.5574125973956512,False,False,False
09,814,853,186,0.021286725997924805,0.9729391332444772,0.4726062514610716,0.017342028069078384,0.24497413976507498,0,0.24497413976507498,0.5574125973956512,False,False,False
09,815,853,186,0.020949004217982292,0.7177995880285929,0.46142347409403717,0.0,0.23071173704701858,0,0.23071173704701858,0.5574125973956512,False,False,False
09,816,853,186,0.020953210070729256,0.5902096207439694,0.46156273995635677,0.0,0.23078136997817839,0,0.23078136997817839,0.5574125973956512,False,False,False
09,817,853,186,0.021572381258010864,0.5748212771113537,0.48206498159629857,0.0,0.24103249079814928,0,0.24103249079814928,0.5574125973956512,False,False,False
09,818,853,186,0.021778462454676628,0.7023304656892435,0.48888882382002946,0.0,0.24444441191001473,0,0.24444441191001473,0.5574125973956512,False,False,False
09,819,853,186,0.020552126690745354,0.894462619653459,0.4482819081878486,0.00961723198053653,0.22894957008419256,0,0.22894957008419256,0.5574125973956512,False,False,False
09,820,853,187,0.021357135847210884,0.5866957470010894,0.4749376902837223,0.0,0.23746884514186115,0,0.23746884514186115,0.5574125973956512,False,False,False
09,821,853,187,0.02107003517448902,0.6581041237529794,0.46543109907269375,0.0,0.23271554953634688,0,0.23271554953634688,0.5574125973956512,False,False,False
09,822,853,187,0.020763736218214035,0.7941354658911897,0.45528880669119187,0.0,0.22764440334559594,0,0.22764440334559594,0.5574125973956512,False,False,False
09,823,853,187,0.021901290863752365,0.993093420574335,0.49295596676021775,0.01932590519114835,0.25614093597568305,0,0.25614093597568305,0.5574125973956512,False,False,False
09,824,853,187,0.02069934271275997,1.2243628579506431,0.45315658342890097,0.04209079577426223,0.2476236896015816,0,0.2476236896015816,0.5574125973956512,False,False,False
09,825,853,187,0.02199183776974678,1.4879437780201141,0.49595419178195516,0.06803625088173718,0.2819952213318462,0,0.2819952213318462,0.5574125973956512,False,False,False
09,826,853,189,0.023192035034298897,0.6870229007633587,0.5356955990678421,0.0,0.26784779953392107,0,0.26784779953392107,0.5574125973956512,False,False,False
09,827,853,189,0.02293921262025833,0.702290076335878,0.527324043137712,0.0,0.263662021568856,0,0.263662021568856,0.5574125973956512,False,False,False
09,828,853,189,0.02213984914124012,0.8144916999878831,0.5008552029500273,0.001745334782743091,0.2513002688663852,0,0.2513002688663852,0.5574125973956512,False,False,False
09,829,853,190,0.02099647745490074,0.600266569732221,0.4629954267215575,0.0,0.23149771336077876,0,0.23149771336077876,0.5574125973956512,False,False,False
09,830,853,190,0.02120407670736313,0.6087483339391759,0.469869535410209,0.0,0.2349347677051045,0,0.2349347677051045,0.5574125973956512,False,False,False
09,831,853,190,0.02133418433368206,0.7141645462256165,0.4741777106754394,0.0,0.2370888553377197,0,0.2370888553377197,0.5574125973956512,False,False,False
09,832,853,191,0.020782331004738808,0.5833030413183086,0.4559045246289851,0.0,0.22795226231449256,0,0.22795226231449256,0.5574125973956512,False,False,False
09,833,853,191,0.021165361627936363,0.5339472515045051,0.4685875863631257,0.0,0.23429379318156285,0,0.23429379318156285,0.5574125973956512,False,False,False
09,834,853,191,0.021579032763838768,0.5662183448442997,0.4822852288922877,0.0,0.24114261444614385,0,0.24114261444614385,0.5574125973956512,False,False,False
09,835,853,191,0.022225357592105865,0.7141645462256165,0.5036865926495439,0.0,0.2518432963247719,0,0.2518432963247719,0.5574125973956512,False,False,False
09,836,853,193,0.020824456587433815,1.0358657457894096,0.45729940361136834,0.023536177480271345,0.24041779054581985,0,0.24041779054581985,0.5574125973956512,False,False,False
09,837,853,193,0.020981386303901672,0.7348438951492391,0.462495722551268,0.0,0.231247861275634,0,0.231247861275634,0.5574125973956512,False,False,False
09,838,853,193,0.02146312966942787,0.4915788198230933,0.4784473997147675,0.0,0.23922369985738376,0,0.23922369985738376,0.5574125973956512,False,False,False
09,839,853,193,0.023476315662264824,0.4098711579627588,0.5451088118397422,0.0,0.2725544059198711,0,0.2725544059198711,0.5574125973956512,False,False,False
09,840,853,194,0.023300273343920708,0.6906175532129724,0.5392796288549968,0.0,0.2696398144274984,0,0.2696398144274984,0.5574125973956512,False,False,False
09,841,853,194,0.02179707959294319,0.47627125489721117,0.4895052818775516,0.0,0.2447526409387758,0,0.2447526409387758,0.5574125973956512,False,False,False
09,842,853,195,0.021455148234963417,0.9440203562340953,0.47818311529490937,0.01449542281977511,0.24633926905734224,0,0.24633926905734224,0.5574125973956512,False,False,False
09,843,853,195,0.022191686555743217,0.6327799991922112,0.5025716639546136,0.0,0.2512858319773068,0,0.2512858319773068,0.5574125973956512,False,False,False
09,844,853,195,0.022639594972133636,0.4439193828506775,0.5174029848785044,0.0,0.2587014924392522,0,0.2587014924392522,0.5574125973956512,False,False,False
09,845,853,195,0.021378111094236374,0.44723130982673015,0.47563223097264246,0.0,0.23781611548632123,0,0.23781611548632123,0.5574125973956512,False,False,False
09,846,853,195,0.022358296439051628,0.6087079445858078,0.5080885164137672,0.0,0.2540442582068836,0,0.2540442582068836,0.5574125973956512,False,False,False
09,847,853,196,0.02189459092915058,0.35546669897814676,0.49273411587148264,0.0,0.24636705793574132,0,0.24636705793574132,0.5574125973956512,False,False,False
09,848,853,196,0.021703753620386124,0.4030049678904634,0.4864150353028554,0.0,0.2432075176514277,0,0.2432075176514277,0.5574125973956512,False,False,False
09,849,853,196,0.02204817906022072,0.6070115917444173,0.4978197869119131,0.0,0.24890989345595654,0,0.24890989345595654,0.5574125973956512,False,False,False
09,850,853,196,0.02225888893008232,0.8688961589724952,0.5047968955961685,0.007100610300635962,0.2559487529484022,0,0.2559487529484022,0.5574125973956512,False,False,False
09,851,853,196,0.021822793409228325,1.1546104446867809,0.49035672794899665,0.035224752107298064,0.26279074002814734,0,0.26279074002814734,0.5574125973956512,False,False,False
09,852,853,196,0.022265711799263954,1.4403247304010667,0.5050228171434125,0.06334889391396017,0.2841858555286863,0,0.2841858555286863,0.5574125973956512,False,False,False
10,35,612,11,0.020184116438031197,0.34185548689365575,0.43609620691152273,0.0,0.21804810345576137,0,0.21804810345576137,0.5574125973956512,False,False,False
10,36,612,12,0.01895168423652649,0.7977705076941708,0.39528742362328684,9.939264138618756e-05,0.19769340813233652,0,0.19769340813233652,0.5574125973956512,False,False,False
10,37,612,12,0.019493291154503822,0.501837715578173,0.41322132645068865,0.0,0.20661066322534433,0,0.20661066322534433,0.5574125973956512,False,False,False
10,38,612,13,0.020001912489533424,1.0834847934084566,0.4300629975881796,0.0282235344480483,0.22914326601811397,0,0.22914326601811397,0.5574125973956512,False,False,False
10,39,612,13,0.02063651569187641,0.7365402479906289,0.45107623022427656,0.0,0.22553811511213828,0,0.22553811511213828,0.5574125973956512,False,False,False
10,40,612,13,0.01973581314086914,0.46270043216608026,0.4212518105390882,0.0,0.2106259052695441,0,0.2106259052695441,0.5574125973956512,False,False,False
10,41,612,13,0.020356807857751846,0.34185548689365436,0.4418144336135787,0.0,0.22090721680678935,0,0.22090721680678935,0.5574125973956512,False,False,False
10,42,612,15,0.019957244396209717,1.5120562219798859,0.428583929986635,0.07040974715804153,0.2494968385723383,0,0.2494968385723383,0.5574125973956512,False,False,False
10,43,612,16,0.018808579072356224,2.0358657457894096,0.39054886873570627,0.12197067380358871,0.2562597712696475,0,0.2562597712696475,0.5574125973956512,False,False,False
10,44,612,16,0.019265249371528625,1.6396057999111437,0.40567031659332237,0.08296502561795661,0.24431767110563948,0,0.24431767110563948,0.5574125973956512,False,False,False
10,45,612,16,0.019769202917814255,1.27735368956743,0.4223574260607632,0.04730692159421437,0.23483217382748878,0,0.23483217382748878,0.5574125973956512,False,False,False
10,46,612,16,0.018913375213742256,0.9780281917686499,0.39401892008461176,0.017842966981665202,0.20593094353313848,0,0.20593094353313848,0.5574125973956512,False,False,False
10,47,612,16,0.01812330074608326,0.7637222828062514,0.36785766132092534,0.0,0.18392883066046267,0,0.18392883066046267,0.5574125973956512,False,False,False
10,48,612,16,0.01856430433690548,0.6208247505957432,0.38246034692523284,0.0,0.19123017346261642,0,0.19123017346261642,0.5574125973956512,False,False,False
10,49,612,16,0.018996039405465126,0.5935215477200193,0.39675612954862693,0.0,0.19837806477431347,0,0.19837806477431347,0.5574125973956512,False,False,False
10,50,612,16,0.019405551254749298,0.7686093945635927,0.41031604813157113,0.0,0.20515802406578557,0,0.20515802406578557,0.5574125973956512,False,False,False
10,51,612,16,0.017929239198565483,1.0593723494486855,0.36143181848140554,0.02585003817174402,0.19364092832657478,0,0.19364092832657478,0.5574125973956512,False,False,False
10,52,612,16,0.019073177129030228,1.3450866351629713,0.39931034440967383,0.05397417997840614,0.22664226219404,0,0.22664226219404,0.5574125973956512,False,False,False
10,53,612,16,0.017578478902578354,1.6308009208772571,0.3498173046058513,0.08209832178506825,0.21595781319545979,0,0.21595781319545979,0.5574125973956512,False,False,False
10,54,612,16,0.018010159954428673,1.9165152065915427,0.36411129860656727,0.11022246359173034,0.2371668810991488,0,0.2371668810991488,0.5574125973956512,False,False,False
10,55,612,16,0.02023564837872982,2.1546104446867806,0.43780255294648096,0.1336592484306154,0.2857309006885482,0,0.2857309006885482,0.5574125973956512,False,False,False
10,56,612,20,0.020215976983308792,1.4627004321660801,0.4371511859084128,0.06555143484708005,0.25135131037774644,0,0.25135131037774644,0.5574125973956512,False,False,False
10,57,612,20,0.020326361060142517,1.1939496748657057,0.44080626718954097,0.039097089415707574,0.23995167830262426,0,0.23995167830262426,0.5574125973956512,False,False,False
10,58,612,20,0.019938305020332336,1.0136516014378618,0.4279568018696881,0.021349539369773275,0.2246531706197307,0,0.2246531706197307,0.5574125973956512,False,False,False
10,59,612,20,0.02048719860613346,0.9455955410153886,0.4461319837287084,0.014650475340337865,0.23039122953452312,0,0.23039122953452312,0.5574125973956512,False,False,False
10,60,612,20,0.019744036719202995,0.9421624459792396,0.42152411292267605,0.01431254035962446,0.21791832664115027,0,0.21791832664115027,0.5574125973956512,False,False,False
10,61,612,20,0.019986290484666824,1.003352316329416,0.4295457155743289,0.02033573442763317,0.22494072500098103,0,0.22494072500098103,0.5574125973956512,False,False,False
10,62,612,20,0.021413026377558708,1.129165152065917,0.47678835966581423,0.032720057544363905,0.25475420860508907,0,0.25475420860508907,0.5574125973956512,False,False,False
10,63,612,20,0.02262186072766781,1.212488388060908,0.5168157615502735,0.04092193831155976,0.27886884993091665,0,0.27886884993091665,0.5574125973956512,False,False,False
10,64,612,21,0.020911311730742455,0.8758027383981587,0.4601753855245506,0.007780455967718138,0.23397792074613438,0,0.23397792074613438,0.5574125973956512,False,False,False
10,65,612,21,0.020676862448453903,0.8655842319964465,0.4524122080115689,0.006774602436889005,0.22959340522422894,0,0.22959340522422894,0.5574125973956512,False,False,False
10,66,612,21,0.020614705979824066,0.9199886909810586,0.45035405839881115,0.012129877954781876,0.23124196817679651,0,0.23124196817679651,0.5574125973956512,False,False,False
10,67,612,21,0.021061964333057404,1.0373197625106032,0.46516385417392003,0.02367930288386772,0.24442157852889387,0,0.24442157852889387,0.5574125973956512,False,False,False
10,68,612,21,0.020960872992873192,1.1869623167333105,0.4618164776700783,0.038409292337314625,0.25011288500369644,0,0.25011288500369644,0.5574125973956512,False,False,False
10,69,612,23,0.020817046985030174,0.9082353891514193,0.457054053921241,0.010972947609045408,0.2340135007651432,0,0.2340135007651432,0.5574125973956512,False,False,False
10,70,612,23,0.020905626937747,0.7772527161840136,0.459987148406836,0.0,0.229993574203418,0,0.229993574203418,0.5574125973956512,False,False,False
10,71,612,23,0.02125358395278454,0.7432044912960935,0.47150883893305845,0.0,0.23575441946652922,0,0.23575441946652922,0.5574125973956512,False,False,False
10,72,612,23,0.02088390663266182,0.8060907144876605,0.4592679370602862,0.0009183880064091857,0.2300931625333477,0,0.2300931625333477,0.5574125973956512,False,False,False
10,73,612,25,0.022143227979540825,1.2534835817278567,0.500967084382378,0.0449572795518427,0.27296218196711036,0,0.27296218196711036,0.5574125973956512,False,False,False
10,74,612,25,0.020871054381132126,0.9626398481360313,0.45884236821617386,0.01632822312693827,0.23758529567155606,0,0.23758529567155606,0.5574125973956512,False,False,False
10,75,612,25,0.020905787125229836,0.7398117856133126,0.4599924525982264,0.0,0.2299962262991132,0,0.2299962262991132,0.5574125973956512,False,False,False
10,76,612,25,0.02229137532413006,0.6207035825356441,0.5058725979454675,0.0,0.25293629897273373,0,0.25293629897273373,0.5574125973956512,False,False,False
10,77,612,25,0.021461201831698418,0.6189668403408868,0.47838356438815066,0.0,0.23919178219407533,0,0.23919178219407533,0.5574125973956512,False,False,False
10,78,612,25,0.02144640125334263,0.7141645462256152,0.47789348177433666,0.0,0.23894674088716833,0,0.23894674088716833,0.5574125973956512,False,False,False
10,79,612,25,0.02183334343135357,0.8944222303000935,0.49070606446103315,0.009613256274881176,0.25015966036795717,0,0.25015966036795717,0.5574125973956512,False,False,False
10,80,612,25,0.021305803209543228,1.1069913970677332,0.4732379436496801,0.030537395139521042,0.25188766939460056,0,0.25188766939460056,0.5574125973956512,False,False,False
10,81,612,27,0.021296631544828415,0.6735732460923303,0.47293424785425847,0.0,0.23646712392712924,0,0.23646712392712924,0.5574125973956512,False,False,False
10,82,612,27,0.021230926737189293,0.5221535603214988,0.4707586042345393,0.0,0.23537930211726965,0,0.23537930211726965,0.5574125973956512,False,False,False
10,83,612,27,0.021169641986489296,0.49997980532331593,0.4687293192912083,0.0,0.23436465964560416,0,0.23436465964560416,0.5574125973956512,False,False,False
10,84,612,27,0.02028990350663662,0.6070519810977815,0.4395990702350757,0.0,0.21979953511753786,0,0.21979953511753786,0.5574125973956512,False,False,False
10,85,612,29,0.020514363422989845,1.185508300012117,0.44703147590588727,0.03826616693371825,0.24264882141980276,0,0.24264882141980276,0.5574125973956512,False,False,False
10,86,612,29,0.01986530050635338,0.8759642958116247,0.4255394474818419,0.007796358790339963,0.21666790313609094,0,0.21666790313609094,0.5574125973956512,False,False,False
10,87,612,29,0.019514987245202065,0.6446140797285829,0.41393973600086553,0.0,0.20696986800043277,0,0.20696986800043277,0.5574125973956512,False,False,False
10,88,612,29,0.02020823024213314,0.5425097944181895,0.436894672745708,0.0,0.218447336372854,0,0.218447336372854,0.5574125973956512,False,False,False
10,89,612,29,0.020807337015867233,0.5696514398804473,0.45673253357568194,0.0,0.22836626678784097,0,0.22836626678784097,0.5574125973956512,False,False,False
10,90,612,29,0.020525317639112473,0.7141645462256152,0.4473941962496879,0.0,0.22369709812484395,0,0.22369709812484395,0.5574125973956512,False,False,False
10,91,612,29,0.020479662343859673,0.942041277919141,0.44588244002678395,0.014300613242658187,0.23009152663472107,0,0.23009152663472107,0.5574125973956512,False,False,False
10,92,612,29,0.02051098830997944,1.2022294923058285,0.4469197178268247,0.039912109075075086,0.2434159134509499,0,0.2434159134509499,0.5574125973956512,False,False,False
10,93,612,32,0.020322134718298912,1.3691990791227429,0.4406663228841365,0.05634767625471046,0.24850699956942346,0,0.24850699956942346,0.5574125973956512,False,False,False
10,94,612,32,0.02176554687321186,1.073266287006745,0.48846115797001866,0.027217680917219236,0.25783941944361893,0,0.25783941944361893,0.5574125973956512,False,False,False
10,95,612,32,0.02212895080447197,0.8419564602770715,0.5004943329055489,0.004448814628450002,0.25247157376699947,0,0.25247157376699947,0.5574125973956512,False,False,False
10,96,612,32,0.021668799221515656,0.6837513631406755,0.485257611400158,0.0,0.242628805700079,0,0.242628805700079,0.5574125973956512,False,False,False
10,97,612,32,0.020305421203374863,0.6224807140837681,0.44011289835685824,0.0,0.22005644917842912,0,0.22005644917842912,0.5574125973956512,False,False,False
10,98,612,32,0.02129441127181053,0.6581445131063463,0.47286072929452194,0.0,0.23643036464726097,0,0.23643036464726097,0.5574125973956512,False,False,False
10,99,612,32,0.02144748717546463,0.7907427602084088,0.47792943925783193,0.0,0.23896471962891597,0,0.23896471962891597,0.5574125973956512,False,False,False
10,100,612,32,0.021024759858846664,1.0117936911830034,0.463931924885181,0.021166656909622363,0.24254929089740168,0,0.24254929089740168,0.5574125973956512,False,False,False
10,101,612,32,0.021849825978279114,1.2974675875439237,0.4912518410844462,0.049286823010629116,0.27026933204753767,0,0.27026933204753767,0.5574125973956512,False,False,False
10,102,612,32,0.0211264006793499,1.5355628256391618,0.46729749599902465,0.0727236078495142,0.2700105519242694,0,0.2700105519242694,0.5574125973956512,False,False,False
10,103,612,33,0.023072436451911926,0.9403449250777494,0.5317354034284786,0.014133633605129169,0.2729345185168039,0,0.2729345185168039,0.5574125973956512,False,False,False
10,104,612,33,0.020599573850631714,1.1376065269195041,0.44985299734235196,0.033550980026353074,0.24170198868435253,0,0.24170198868435253,0.5574125973956512,False,False,False
10,105,612,34,0.022463113069534302,0.7975281715739733,0.5115592462057574,7.553840745359697e-05,0.2558173923066055,0,0.2558173923066055,0.5574125973956512,False,False,False
10,106,612,34,0.02109988033771515,0.8230138535482048,0.46641934394069545,0.0025842086760433244,0.23450177630836938,0,0.23450177630836938,0.5574125973956512,False,False,False
10,107,612,36,0.021310821175575256,1.105537380346539,0.4734041005288161,0.030394269735924604,0.25189918513237036,0,0.25189918513237036,0.5574125973956512,False,False,False
10,108,612,36,0.020368047058582306,0.9082353891514187,0.44218659048392267,0.010972947609045342,0.226579769046484,0,0.226579769046484,0.5574125973956512,False,False,False
10,109,612,36,0.020580139011144638,0.7755563633426225,0.44920946323808125,0.0,0.22460473161904063,0,0.22460473161904063,0.5574125973956512,False,False,False
10,110,612,36,0.020235741510987282,0.7075003029201492,0.43780563677868467,0.0,0.21890281838934234,0,0.21890281838934234,0.5574125973956512,False,False,False
10,111,612,36,0.02107100374996662,0.7074599135667823,0.46546317092761236,0.0,0.23273158546380618,0,0.23273158546380618,0.5574125973956512,False,False,False
10,112,612,38,0.02084832638502121,1.2790096530554529,0.45808978980517984,0.047469925526087704,0.25277985766563377,0,0.25277985766563377,0.5574125973956512,False,False,False
10,113,612,38,0.02162599377334118,0.9609434952946403,0.4838402204426877,0.016161243489409314,0.2500007319660485,0,0.2500007319660485,0.5574125973956512,False,False,False
10,114,612,38,0.01940576173365116,0.7755563633426225,0.4103230175923515,0.0,0.20516150879617576,0,0.20516150879617576,0.5574125973956512,False,False,False
10,115,612,38,0.01970929093658924,0.6547921967769289,0.42037359680411496,0.0,0.21018679840205748,0,0.21018679840205748,0.5574125973956512,False,False,False
10,116,612,38,0.01986231654882431,0.5986509955975609,0.42544064149803495,0.0,0.21272032074901748,0,0.21272032074901748,0.5574125973956512,False,False,False
10,117,612,38,0.020827462896704674,0.6139181711700816,0.4573989497149042,0.0,0.2286994748574521,0,0.2286994748574521,0.5574125973956512,False,False,False
10,118,612,38,0.021034078672528267,0.7312088533462593,0.46424049313548443,0.0,0.23212024656774222,0,0.23212024656774222,0.5574125973956512,False,False,False
10,119,612,40,0.019017759710550308,1.0341290035946518,0.3974753408951768,0.023365222137086906,0.21042028151613185,0,0.21042028151613185,0.5574125973956512,False,False,False
10,120,612,40,0.019167423248291016,0.7926006704632659,0.40243105924654277,0.0,0.20121552962327138,0,0.20121552962327138,0.5574125973956512,False,False,False
10,121,612,40,0.019409742206335068,0.6480067854113658,0.4104548205807382,0.0,0.2052274102903691,0,0.2052274102903691,0.5574125973956512,False,False,False
10,122,612,40,0.01941637694835663,0.6003473484389513,0.4106745127869307,0.0,0.20533725639346534,0,0.20533725639346534,0.5574125973956512,False,False,False
10,123,612,40,0.0199559535831213,0.6598004765943692,0.4285411880722916,0.0,0.2142705940361458,0,0.2142705940361458,0.5574125973956512,False,False,False
10,124,612,41,0.019617173820734024,0.522113170968134,0.41732337837142297,0.0,0.20866168918571149,0,0.20866168918571149,0.5574125973956512,False,False,False
10,125,612,41,0.019948821514844894,0.511854275213055,0.4283050282021313,0.0,0.21415251410106564,0,0.21415251410106564,0.5574125973956512,False,False,False
10,126,612,41,0.01933368854224682,0.6784603578496708,0.4079365015265425,0.0,0.20396825076327124,0,0.20396825076327124,0.5574125973956512,False,False,False
10,127,612,41,0.019732752814888954,0.9641342542105911,0.42115047581287424,0.016475324236190064,0.21881290002453216,0,0.21881290002453216,0.5574125973956512,False,False,False
10,128,612,41,0.019142895936965942,1.2022294923058292,0.40161890119737303,0.039912109075075156,0.2207655051362241,0,0.2207655051362241,0.5574125973956512,False,False,False
10,129,612,42,0.020771529525518417,0.6070115917444167,0.45554686176999853,0.0,0.22777343088499927,0,0.22777343088499927,0.5574125973956512,False,False,False
10,130,612,42,0.0201965793967247,0.8042731935861716,0.43650888533702353,0.000739481251914024,0.21862418329446878,0,0.21862418329446878,0.5574125973956512,False,False,False
10,131,612,42,0.020581558346748352,1.0593723494486862,0.4492564608408658,0.025850038171744086,0.23755324950630494,0,0.23755324950630494,0.5574125973956512,False,False,False
10,132,612,42,0.020020639523863792,1.345086635162972,0.43068309456770215,0.0539741799784062,0.24232863727305418,0,0.24232863727305418,0.5574125973956512,False,False,False
10,133,612,45,0.019940486177802086,1.3215800315036947,0.428029025219899,0.0516603192869334,0.23984467225341619,0,0.23984467225341619,0.5574125973956512,False,False,False
10,134,612,45,0.02031518705189228,1.029039945070479,0.44043626900173954,0.022864283224500077,0.2316502761131198,0,0.2316502761131198,0.5574125973956512,False,False,False
10,135,612,45,0.021508241072297096,0.8011228240235876,0.47994114635760177,0.0004293762107887617,0.24018526128419526,0,0.24018526128419526,0.5574125973956512,False,False,False
10,136,612,45,0.020950118079781532,0.6446140797285835,0.46146035672719354,0.0,0.23073017836359677,0,0.23073017836359677,0.5574125973956512,False,False,False
10,137,612,45,0.02269352227449417,0.5850397835130652,0.5191886470777421,0.0,0.2595943235388711,0,0.2595943235388711,0.5574125973956512,False,False,False
10,138,612,45,0.020152544602751732,0.6274889939012078,0.4350507877944642,0.0,0.2175253938972321,0,0.2175253938972321,0.5574125973956512,False,False,False
10,139,612,45,0.021411728113889694,0.790702370855044,0.4767453710448945,0.0,0.23837268552244725,0,0.23837268552244725,0.5574125973956512,False,False,False
10,140,612,45,0.021042363718152046,0.9437376307605322,0.4645148308483267,0.014467592880187152,0.23949121186425693,0,0.23949121186425693,0.5574125973956512,False,False,False
10,141,612,45,0.02099074050784111,1.1546104446867815,0.46280546265780886,0.035224752107298134,0.2490151073825535,0,0.2490151073825535,0.5574125973956512,False,False,False
10,142,612,45,0.01951661892235279,1.3927056827820197,0.4139937647410746,0.05866153694618322,0.2363276508436289,0,0.2363276508436289,0.5574125973956512,False,False,False
10,143,612,49,0.0199101772159338,2.178722888646552,0.4270254228675228,0.13603274470691973,0.2815290837872213,0,0.2815290837872213,0.5574125973956512,False,False,False
10,144,612,49,0.020862603560090065,1.782462942768286,0.45856254128200896,0.09702709652128762,0.2777948189016483,0,0.2777948189016483,0.5574125973956512,False,False,False
10,145,612,49,0.021343134343624115,1.4729189385677937,0.47447406695021616,0.06655728837790931,0.2705156776640627,0,0.2705156776640627,0.5574125973956512,False,False,False
10,146,612,50,0.021358631551265717,1.942324003392704,0.47498721662891397,0.1127629395055635,0.2938750780672387,0,0.2938750780672387,0.5574125973956512,False,False,False
10,147,612,50,0.02215985581278801,1.5800718930489916,0.5015176717840288,0.07710483548182138,0.2893112536329251,0,0.2893112536329251,0.5574125973956512,False,False,False
10,148,612,50,0.0215968769043684,1.2909245122985582,0.482876091142519,0.048642758694445995,0.2657594249184825,0,0.2657594249184825,0.5574125973956512,False,False,False
10,149,612,50,0.021523218601942062,1.09701522678622,0.4804370882526028,0.029555395842624656,0.25499624204761373,0,0.25499624204761373,0.5574125973956512,False,False,False
10,150,612,50,0.020706165581941605,1.0153479542792523,0.45338250497614496,0.021516519007302174,0.23744951199172357,0,0.23744951199172357,0.5574125973956512,False,False,False
10,151,612,50,0.021570617333054543,0.9983036471586089,0.48200657381436024,0.019838771220701705,0.250922672517531,0,0.250922672517531,0.5574125973956512,False,False,False
10,152,612,50,0.022493131458759308,1.045882305424291,0.5125532270016581,0.024522152482823363,0.26853768974224074,0,0.26853768974224074,0.5574125973956512,False,False,False
10,153,612,50,0.02170022577047348,1.1580839290762974,0.48629821973897874,0.035566662793667034,0.26093244126632287,0,0.26093244126632287,0.5574125973956512,False,False,False
10,154,612,50,0.02058400586247444,1.275415000605842,0.4493375039511794,0.04711608772275288,0.24822679583696614,0,0.24822679583696614,0.5574125973956512,False,False,False
10,155,612,50,0.022089220583438873,1.4250575548285493,0.4991787700874451,0.06184607717619978,0.28051242363182244,0,0.28051242363182244,0.5574125973956512,False,False,False
10,156,612,53,0.022242149338126183,1.362332889050447,0.5042426075958732,0.055671806293283846,0.27995720694457854,0,0.27995720694457854,0.5574125973956512,False,False,False
10,157,612,53,0.022941267117857933,1.154812391453613,0.5273920724761259,0.035244630635575314,0.2813183515558506,0,0.2813183515558506,0.5574125973956512,False,False,False
10,158,612,53,0.022924335673451424,1.0374409305707015,0.5268314317814909,0.023691230000833972,0.27526133089116245,0,0.27526133089116245,0.5574125973956512,False,False,False
10,159,612,53,0.023630045354366302,0.9846924350741145,0.5501991703051223,0.018498958414814654,0.2843490643599685,0,0.2843490643599685,0.5574125973956512,False,False,False
10,160,612,54,0.022534513846039772,0.9779070237085487,0.5139234970030556,0.017831039864698667,0.26587726843387716,0,0.26587726843387716,0.5574125973956512,False,False,False
10,161,612,54,0.023564033210277557,0.8486207035825347,0.5480133500391309,0.005104806061599314,0.2765590780503651,0,0.2765590780503651,0.5574125973956512,False,False,False
10,162,612,56,0.02334807813167572,1.7501514600751231,0.5408625599251624,0.09384653199692654,0.31735454596104445,0,0.31735454596104445,0.5574125973956512,False,False,False
10,163,612,56,0.022935351356863976,1.2586534189587621,0.527196187454546,0.04546616987574041,0.2863311786651432,0,0.2863311786651432,0.5574125973956512,False,False,False
10,164,612,56,0.022171562537550926,1.0001211680600985,0.5019053094920355,0.020017677975196945,0.2609614937336162,0,0.2609614937336162,0.5574125973956512,False,False,False
10,165,612,56,0.022458529099822044,0.811300941071933,0.5114074599846907,0.0014312540359624078,0.2564193570103266,0,0.2564193570103266,0.5574125973956512,False,False,False
10,166,612,56,0.02405799739062786,0.7228078678460367,0.5643696876644017,0.0,0.2821848438322008,0,0.2821848438322008,0.5574125973956512,False,False,False
10,167,612,57,0.02317945659160614,0.9950321095359258,0.5352790966904087,0.019516739062610117,0.2773979178765094,0,0.2773979178765094,0.5574125973956512,False,False,False
10,168,612,58,0.023460468277335167,1.5154489276626673,0.5445840669519586,0.07074370643309938,0.307663886692529,0,0.307663886692529,0.5574125973956512,False,False,False
10,169,612,58,0.024242060258984566,1.2025122177793928,0.5704644502785309,0.03993993901466315,0.30520219464659704,0,0.30520219464659704,0.5574125973956512,False,False,False
10,170,612,58,0.0237771887332201,0.955894826123833,0.5550714401570559,0.01566428028247784,0.28536786021976684,0,0.28536786021976684,0.5574125973956512,False,False,False
10,171,612,58,0.02327723614871502,0.8129972939133248,0.5385168121210865,0.001598233673491438,0.27005752289728896,0,0.27005752289728896,0.5574125973956512,False,False,False
10,172,612,58,0.023809131234884262,0.7738196211478678,0.5561291329262852,0.0,0.2780645664631426,0,0.2780645664631426,0.5574125973956512,False,False,False
10,173,612,58,0.02143501117825508,0.8604951734722746,0.47751632909582264,0.006273663524302253,0.24189499631006245,0,0.24189499631006245,0.5574125973956512,False,False,False
10,174,612,58,0.021912727504968643,1.0373197625106025,0.4933346613548336,0.023679302883867655,0.25850698211935064,0,0.25850698211935064,0.5574125973956512,False,False,False
10,175,612,58,0.02158569172024727,1.270285552728301,0.48250572289485316,0.04661117310451042,0.2645584479996818,0,0.2645584479996818,0.5574125973956512,False,False,False
10,176,612,58,0.020810237154364586,1.5355628256391625,0.45682856411050554,0.07272360784951427,0.2647760859800099,0,0.2647760859800099,0.5574125973956512,False,False,False
10,177,612,58,0.020617838948965073,1.7736580637344006,0.450457798514144,0.09616039268839936,0.2733090956012717,0,0.2733090956012717,0.5574125973956512,False,False,False
10,178,612,58,0.02075827680528164,2.0117533018296387,0.45510803244741027,0.11959717752728445,0.2873526049873474,0,0.2873526049873474,0.5574125973956512,False,False,False
10,179,612,58,0.02096649818122387,2.249848539924877,0.46200274113518247,0.14303396236616955,0.302518351750676,0,0.302518351750676,0.5574125973956512,False,False,False
10,180,612,60,0.021538831293582916,1.05089058524173,0.48095406188323314,0.025015139984099218,0.2529846009336662,0,0.2529846009336662,0.5574125973956512,False,False,False
10,181,612,60,0.021159054711461067,1.1784401631729882,0.4683787492462903,0.03757041844401433,0.2529745838451523,0,0.2529745838451523,0.5574125973956512,False,False,False
10,182,612,60,0.021280085667967796,1.3383012237974075,0.4723863742249469,0.05330626142829034,0.2628463178266186,0,0.2628463178266186,0.5574125973956512,False,False,False
10,183,612,60,0.020806821063160896,1.4352356718768933,0.45671544914527334,0.06284795500137329,0.2597817020733233,0,0.2597817020733233,0.5574125973956512,False,False,False
10,184,612,61,0.021856069564819336,0.9794822084898414,0.4914585811953831,0.017986092385261367,0.25472233679032225,0,0.25472233679032225,0.5574125973956512,False,False,False
10,185,612,61,0.02134096994996071,1.0304939617916726,0.4744023986898019,0.02300740862809645,0.24870490365894918,0,0.24870490365894918,0.5574125973956512,False,False,False
10,186,612,61,0.022355081513524055,1.1461286804798267,0.507982062526095,0.03438985391965339,0.2711859582228742,0,0.2711859582228742,0.5574125973956512,False,False,False
10,187,612,62,0.02218085154891014,0.8247505957429601,0.5022128909160337,0.0027551640192275133,0.2524840274676306,0,0.2524840274676306,0.5574125973956512,False,False,False
10,188,612,62,0.02225346677005291,0.8162284421826397,0.5046173548852684,0.001916290125927411,0.2532668225055979,0,0.2532668225055979,0.5574125973956512,False,False,False
10,189,612,62,0.02242932841181755,0.8570216890827587,0.5104405552355387,0.0059317528379333505,0.258186154036736,0,0.258186154036736,0.5574125973956512,False,False,False
10,190,612,64,0.022265465930104256,1.068096449775838,0.5050146758263947,0.026708790593321367,0.265861733209858,0,0.265861733209858,0.5574125973956512,False,False,False
10,191,612,64,0.022485148161649704,0.8146936467547151,0.5122888809051558,0.0017652133110203263,0.25702704710808805,0,0.25702704710808805,0.5574125973956512,False,False,False
10,192,612,64,0.022512992843985558,0.6003877377923181,0.5132108850574217,0.0,0.25660544252871087,0,0.25660544252871087,0.5574125973956512,False,False,False
10,193,612,64,0.021917354315519333,0.4591865584232003,0.4934878661387141,0.0,0.24674393306935705,0,0.24674393306935705,0.5574125973956512,False,False,False
10,194,612,64,0.021880732849240303,0.4472313098267295,0.49227524163957026,0.0,0.24613762081978513,0,0.24613762081978513,0.5574125973956512,False,False,False
10,195,612,64,0.022755172103643417,0.5645219920029085,0.5212300206433116,0.0,0.2606150103216558,0,0.2606150103216558,0.5574125973956512,False,False,False
10,196,612,66,0.02291974052786827,1.1344965467102877,0.5266792755005597,0.033244850690883364,0.2799620630957215,0,0.2799620630957215,0.5574125973956512,False,False,False
10,197,612,66,0.022310858592391014,0.821559836827012,0.5065177356424841,0.002441083272447027,0.2544794094574656,0,0.2544794094574656,0.5574125973956512,False,False,False
10,198,612,66,0.0248117633163929,0.583424209378407,0.5893286836051487,0.0,0.29466434180257434,0,0.29466434180257434,0.5574125973956512,False,False,False
10,199,612,66,0.024282844737172127,0.4574902055818085,0.5718149220771807,0.0,0.2859074610385903,0,0.2859074610385903,0.5574125973956512,False,False,False
10,200,612,66,0.02491762675344944,0.4931136152510212,0.5928340756711087,0.0,0.29641703783555434,0,0.29641703783555434,0.5574125973956512,False,False,False
10,201,612,67,0.024964850395917892,0.4881861141403131,0.5943977636283231,0.0,0.29719888181416154,0,0.29719888181416154,0.5574125973956512,False,False,False
10,202,612,67,0.024615198373794556,0.4064784522799786,0.5828199473559931,0.0,0.29140997367799654,0,0.29140997367799654,0.5574125973956512,False,False,False
10,203,612,69,0.02326878346502781,1.5120562219798865,0.5382369235102775,0.0704097471580416,0.30432333533415956,0,0.30432333533415956,0.5574125973956512,False,False,False
10,204,612,69,0.023797284811735153,1.1157962761016194,0.5557368694699729,0.03140409897240937,0.29357048422119114,0,0.29357048422119114,0.5574125973956512,False,False,False
10,205,612,69,0.0227773729711771,0.8130376832666902,0.5219651445640326,0.0016022093791467934,0.2617836769715897,0,0.2617836769715897,0.5574125973956512,False,False,False
10,206,612,69,0.02402753382921219,0.607213538511248,0.5633609661505673,0.0,0.28168048307528365,0,0.28168048307528365,0.5574125973956512,False,False,False
10,207,612,69,0.023492341861128807,0.5017165475180738,0.5456394776853571,0.0,0.27281973884267857,0,0.27281973884267857,0.5574125973956512,False,False,False
10,208,612,69,0.023493949323892593,0.5730845349165944,0.5456927046291932,0.0,0.2728463523145966,0,0.2728463523145966,0.5574125973956512,False,False,False
10,209,612,69,0.02226622961461544,0.7703057474049825,0.5050399632504652,0.0,0.2525199816252326,0,0.2525199816252326,0.5574125973956512,False,False,False
10,210,612,70,0.021488841623067856,0.4744537339957183,0.47929878410956844,0.0,0.23964939205478422,0,0.23964939205478422,0.5574125973956512,False,False,False
10,211,612,70,0.022051213309168816,0.5254250979441812,0.49792025816511004,0.0,0.24896012908255502,0,0.24896012908255502,0.5574125973956512,False,False,False
10,212,612,70,0.022012174129486084,0.7005533341411201,0.49662757738195784,0.0,0.24831378869097892,0,0.24831378869097892,0.5574125973956512,False,False,False
10,213,612,72,0.02143007703125477,0.9831172502928225,0.47735294766566994,0.01834390589425202,0.24784842677996097,0,0.24784842677996097,0.5574125973956512,False,False,False
10,214,612,72,0.02236466482281685,0.7143664929924466,0.508299388859857,0.0,0.2541496944299285,0,0.2541496944299285,0.5574125973956512,False,False,False
10,215,612,72,0.023253105580806732,0.5425501837715577,0.5377177911971045,0.0,0.26885889559855225,0,0.26885889559855225,0.5574125973956512,False,False,False
10,216,612,73,0.023108506575226784,0.7977301183408047,0.5329297716409764,9.541693573076673e-05,0.2665125942883536,0,0.2665125942883536,0.5574125973956512,False,False,False
10,217,612,73,0.024568814784288406,0.6021244799870747,0.5812840755652561,0.0,0.29064203778262804,0,0.29064203778262804,0.5574125973956512,False,False,False
10,218,612,73,0.023741213604807854,0.5034532897128304,0.5538802174534058,0.0,0.2769401087267029,0,0.2769401087267029,0.5574125973956512,False,False,False
10,219,612,73,0.02547573484480381,0.5152873702492021,0.6113143718883642,0.0,0.3056571859441821,0,0.3056571859441821,0.5574125973956512,False,False,False
10,220,612,73,0.024149872362613678,0.6563673815582208,0.567411888133364,0.0,0.283705944066682,0,0.283705944066682,0.5574125973956512,False,False,False
10,221,612,73,0.02270362339913845,0.9165152065915427,0.5195231195185568,0.011787967268412974,0.2656555433934849,0,0.2656555433934849,0.5574125973956512,False,False,False
10,222,612,74,0.02428038977086544,0.5271618401389392,0.5717336322602907,0.0,0.28586681613014536,0,0.28586681613014536,0.5574125973956512,False,False,False
10,223,612,74,0.024216240271925926,0.6631527929237853,0.5696094886383736,0.0,0.2848047443191868,0,0.2848047443191868,0.5574125973956512,False,False,False
10,224,612,74,0.024008648470044136,0.8212771113534475,0.5627356266562984,0.002413253332858939,0.28257443999457865,0,0.28257443999457865,0.5574125973956512,False,False,False
10,225,612,75,0.024896133691072464,0.44723130982673015,0.5921223888751359,0.0,0.29606119443756795,0,0.29606119443756795,0.5574125973956512,False,False,False
10,226,612,75,0.024163348600268364,0.49820267377519317,0.5678581186532412,0.0,0.2839290593266206,0,0.2839290593266206,0.5574125973956512,False,False,False
10,227,612,75,0.0236892718821764,0.6784199684963047,0.5521603025567513,0.0,0.27608015127837565,0,0.27608015127837565,0.5574125973956512,False,False,False
10,228,612,75,0.024340415373444557,0.9641342542105904,0.5737212237922276,0.016475324236189998,0.2950982740142088,0,0.2950982740142088,0.5574125973956512,False,False,False
10,229,612,75,0.023477790877223015,1.249848539924876,0.545157659741849,0.04459946604285209,0.2948785628923506,0,0.2948785628923506,0.5574125973956512,False,False,False
10,230,612,75,0.023740116506814957,1.5355628256391618,0.5538438899100461,0.0727236078495142,0.31328374887978017,0,0.31328374887978017,0.5574125973956512,False,False,False
10,231,612,76,0.024317648261785507,0.9148188537501524,0.572967350171708,0.011620987630884086,0.292294168901296,0,0.292294168901296,0.5574125973956512,False,False,False
10,232,612,76,0.024814244359731674,1.1376065269195041,0.5894108368950556,0.033550980026353074,0.3114809084607043,0,0.3114809084607043,0.5574125973956512,False,False,False
10,233,612,76,0.02463388815522194,1.392705682782019,0.583438810802634,0.05866153694618316,0.3210501738744086,0,0.3210501738744086,0.5574125973956512,False,False,False
10,234,612,77,0.024305559694767,0.8144916999878844,0.5725670687516661,0.001745334782743222,0.28715620176720463,0,0.28715620176720463,0.5574125973956512,False,False,False
10,235,612,78,0.022447362542152405,0.6121814289753237,0.5110377085034655,0.0,0.25551885425173276,0,0.25551885425173276,0.5574125973956512,False,False,False
10,236,612,78,0.02337333932518959,0.5951371218546802,0.5416990185720973,0.0,0.2708495092860487,0,0.2708495092860487,0.5574125973956512,False,False,False
10,237,612,78,0.02395571582019329,0.6172300981461295,0.5609828997849964,0.0,0.2804914498924982,0,0.2804914498924982,0.5574125973956512,False,False,False
10,238,612,78,0.02361159771680832,0.734561169675674,0.549588324822211,0.0,0.2747941624111055,0,0.2747941624111055,0.5574125973956512,False,False,False
10,239,612,78,0.025385815650224686,0.9165152065915427,0.6083369318956798,0.011787967268412974,0.31006244958204643,0,0.31006244958204643,0.5574125973956512,False,False,False
10,240,612,78,0.025451648980379105,1.1546104446867809,0.6105168312038401,0.035224752107298064,0.3228707916555691,0,0.3228707916555691,0.5574125973956512,False,False,False
10,241,612,82,0.02339559979736805,2.4168181267417905,0.5424361161454287,0.15946952954580484,0.3509528228456168,0,0.3509528228456168,0.5574125973956512,False,False,False
10,242,612,82,0.023784561082720757,2.0205581808635236,0.5553155563143017,0.12046388136017265,0.3378897188372372,0,0.3378897188372372,0.5574125973956512,False,False,False
10,243,612,82,0.024028731510043144,1.7042287652974668,0.563400624232707,0.0893261546666785,0.32636338944969273,0,0.32636338944969273,0.5574125973956512,False,False,False
10,244,612,82,0.024226194247603416,1.4202108324245715,0.5699390886243064,0.06136899249754528,0.31565404056092583,0,0.31565404056092583,0.5574125973956512,False,False,False
10,245,612,82,0.02346537448465824,1.1685043822448389,0.5447465232324501,0.03659239485277313,0.2906694590426116,0,0.2906694590426116,0.5574125973956512,False,False,False
10,246,612,82,0.022682126611471176,0.9967284623773155,0.5188113093692959,0.01968371870013894,0.2692475140347174,0,0.2692475140347174,0.5574125973956512,False,False,False
10,247,612,82,0.023058632388710976,0.8640494365685194,0.5312783178192444,0.006623525621981669,0.268950921720613,0,0.268950921720613,0.5574125973956512,False,False,False
10,248,612,83,0.023253317922353745,1.1293670988327462,0.537724822334529,0.03273993607264086,0.2852323792035849,0,0.2852323792035849,0.5574125973956512,False,False,False
10,249,612,85,0.022815730422735214,2.321580031503695,0.5232352516954536,0.15009481561025081,0.3366650336528522,0,0.3366650336528522,0.5574125973956512,False,False,False
10,250,612,85,0.022750845178961754,1.8827900965305533,0.5210867457991272,0.10690274936942841,0.3139947475842778,0,0.3139947475842778,0.5574125973956512,False,False,False
10,251,612,87,0.023839324712753296,3.2739609838846477,0.5571289113267287,0.2438419549657912,0.40048543314625995,0,0.40048543314625995,0.5574125973956512,False,False,False
10,252,612,87,0.023529503494501114,2.7824629427682854,0.5468699884112824,0.19546159284460493,0.3711657906279437,0,0.3711657906279437,0.5574125973956512,False,False,False
10,253,612,87,0.02425665780901909,2.323276384345086,0.5709478101381408,0.15026179524777974,0.36060480269296025,0,0.36060480269296025,0.5574125973956512,False,False,False
10,254,612,87,0.02307751029729843,1.8964013086150477,0.5319034106069369,0.10824256217531547,0.3200729863911262,0,0.3200729863911262,0.5574125973956512,False,False,False
10,255,612,87,0.02476912923157215,1.552849468880002,0.5879169668989331,0.0744252098700472,0.33117108838449016,0,0.33117108838449016,0.5574125973956512,False,False,False
10,256,612,87,0.023039989173412323,1.330021406357282,0.5306609962887052,0.052491241768922565,0.2915761190288139,0,0.2915761190288139,0.5574125973956512,False,False,False
10,257,612,87,0.02490212582051754,1.200735086231268,0.5923208026391228,0.03976500796582322,0.31604290530247303,0,0.31604290530247303,0.5574125973956512,False,False,False
10,258,612,87,0.024767227470874786,1.1360717314915771,0.5878539950453333,0.03339990321144575,0.3106269491283895,0,0.3106269491283895,0.5574125973956512,False,False,False
10,259,612,89,0.024700140580534935,1.523930691869623,0.5856325873557111,0.0715786046207442,0.32860559598822764,0,0.32860559598822764,0.5574125973956512,False,False,False
10,260,612,89,0.025021959096193314,1.1327598045155285,0.5962887695356396,0.03307389534769879,0.3146813324416692,0,0.3146813324416692,0.5574125973956512,False,False,False
10,261,612,89,0.02601248025894165,0.8129972939133241,0.6290872986747323,0.0015982336734913726,0.31534276617411183,0,0.31534276617411183,0.5574125973956512,False,False,False
10,262,612,89,0.025172939524054527,0.7806454218667944,0.601288093274366,0.0,0.300644046637183,0,0.300644046637183,0.5574125973956512,False,False,False
10,263,612,89,0.025859199464321136,0.8384425865341887,0.6240118042805741,0.004102928236425603,0.31405736625849984,0,0.31405736625849984,0.5574125973956512,False,False,False
10,264,612,89,0.024698205292224884,0.9608627165879059,0.5855685053225179,0.016153292078098264,0.3008608987003081,0,0.3008608987003081,0.5574125973956512,False,False,False
10,265,612,89,0.025230051949620247,1.1445131063451666,0.6031792225349707,0.03423082569343514,0.31870502411420293,0,0.31870502411420293,0.5574125973956512,False,False,False
10,266,612,89,0.026878563687205315,1.3706530958439351,0.6577653962531567,0.05649080165830671,0.35712809895573167,0,0.35712809895573167,0.5574125973956512,False,False,False
10,267,612,89,0.028027040883898735,1.6512379336806813,0.6957942281630339,0.0841100288467265,0.3899521285048802,0,0.3899521285048802,0.5574125973956512,False,False,False
10,268,612,89,0.026664363220334053,1.9641342542105904,0.650672705537906,0.11490982055950737,0.3827912630487067,0,0.3827912630487067,0.5574125973956512,False,False,False
10,269,612,90,0.0269989725202322,1.3910093299406285,0.6617524212326924,0.05849455730865426,0.36012348927067334,0,0.36012348927067334,0.5574125973956512,False,False,False
10,270,612,90,0.02686895616352558,1.5661779554909327,0.6574472681230217,0.07573719273634624,0.366592230429684,0,0.366592230429684,0.5574125973956512,False,False,False
10,271,612,91,0.02803291566669941,1.0985096328607797,0.695988756298444,0.029702496951876437,0.36284562662516023,0,0.36284562662516023,0.5574125973956512,False,False,False
10,272,612,91,0.0268947072327137,1.1325174683953316,0.6582999477273481,0.03305004111376627,0.3456749944205572,0,0.3456749944205572,0.5574125973956512,False,False,False
10,273,612,91,0.027786945924162865,1.231148269316209,0.6878441087418631,0.04275871432437822,0.3653014115331207,0,0.3653014115331207,0.5574125973956512,False,False,False
10,274,612,91,0.026141367852687836,1.392705682782019,0.6333550757380941,0.05866153694618316,0.34600830634213864,0,0.34600830634213864,0.5574125973956512,False,False,False
10,275,612,91,0.02748120203614235,1.5831818732582095,0.6777201960002953,0.07741096481729123,0.3775655804087933,0,0.3775655804087933,0.5574125973956512,False,False,False
10,276,612,91,0.027009952813386917,1.7736580637344,0.6621160050495102,0.0961603926883993,0.3791381988689547,0,0.3791381988689547,0.5574125973956512,False,False,False
10,277,612,92,0.026855839416384697,1.1052950442263427,0.6570129411954508,0.030370415501992144,0.3436916783487215,0,0.3436916783487215,0.5574125973956512,False,False,False
10,278,612,92,0.026875702664256096,1.2804636697766472,0.6576706609278586,0.047613050929684146,0.3526418559287714,0,0.3526418559287714,0.5574125973956512,False,False,False
10,279,612,95,0.026534313336014748,1.4966678783472687,0.6463664422486419,0.06889500330331473,0.35763072277597835,0,0.35763072277597835,0.5574125973956512,False,False,False
10,280,612,95,0.026696112006902695,1.2432650753261445,0.6517239839361516,0.04395142602101357,0.3478377049785826,0,0.3478377049785826,0.5574125973956512,False,False,False
10,281,612,95,0.0274308230727911,1.0221737549981829,0.6760520278080191,0.022188413263073442,0.34912022053554626,0,0.34912022053554626,0.5574125973956512,False,False,False
10,282,612,96,0.025433240458369255,1.4661335272022287,0.6099072809304543,0.0658893698277934,0.33789832537912384,0,0.33789832537912384,0.5574125973956512,False,False,False
10,283,612,96,0.02609292045235634,1.19911951209661,0.6317508662257229,0.03960597973960518,0.33567842298266404,0,0.33567842298266404,0.5574125973956512,False,False,False
10,284,612,96,0.026851754635572433,0.9967284623773155,0.6568776843149959,0.01968371870013894,0.33828070150756745,0,0.33828070150756745,0.5574125973956512,False,False,False
10,285,612,96,0.02644822932779789,0.8572640252029549,0.6435159944661064,0.00595560707186581,0.3247358007689861,0,0.3247358007689861,0.5574125973956512,False,False,False
10,286,612,98,0.02671220898628235,2.0358657457894096,0.6522569934942413,0.12197067380358871,0.387113833648915,0,0.387113833648915,0.5574125973956512,False,False,False
10,287,612,98,0.027344798669219017,1.6396057999111424,0.6732035536780939,0.08296502561795649,0.3780842896480252,0,0.3780842896480252,0.5574125973956512,False,False,False
10,288,612,98,0.027455110102891922,1.284139100932993,0.6768562295701033,0.04797484014433007,0.36241553485721667,0,0.36241553485721667,0.5574125973956512,False,False,False
10,289,612,98,0.027802173048257828,1.0256068500343294,0.6883483153071701,0.022526348243786607,0.35543733177547837,0,0.35543733177547837,0.5574125973956512,False,False,False
10,290,612,98,0.028902286663651466,0.9116280948342002,0.7247757131536594,0.011306906884103195,0.3680413100188813,0,0.3680413100188813,0.5574125973956512,False,False,False
10,291,612,98,0.028191545978188515,0.8894947291893841,0.7012413860143835,0.00912822018491591,0.35518480309964967,0,0.35518480309964967,0.5574125973956512,False,False,False
10,292,612,98,0.028382007032632828,0.9762106708671576,0.7075480079009078,0.017664060227169712,0.36260603406403874,0,0.36260603406403874,0.5574125973956512,False,False,False
10,293,612,98,0.02826421707868576,1.0952380952380938,0.7036477002829403,0.029380464793784564,0.36651408253836243,0,0.36651408253836243,0.5574125973956512,False,False,False
10,294,612,100,0.028323030099272728,1.0153883436326185,0.7055951403195848,0.021520494712957604,0.3635578175162712,0,0.3635578175162712,0.5574125973956512,False,False,False
10,295,612,101,0.028646981343626976,1.4219071852659633,0.7163219422569783,0.061535972135074314,0.3889289571960263,0,0.3889289571960263,0.5574125973956512,False,False,False
10,296,612,101,0.02850015088915825,1.015428732985984,0.7114600340812492,0.02152447041861295,0.3664922522499311,0,0.3664922522499311,0.5574125973956512,False,False,False
10,297,612,101,0.028391700237989426,0.6939294801890209,0.7078689731566702,0.0,0.3539344865783351,0,0.3539344865783351,0.5574125973956512,False,False,False
10,298,612,101,0.028926938772201538,0.5799103356355263,0.7255920035379821,0.0,0.36279600176899107,0,0.36279600176899107,0.5574125973956512,False,False,False
10,299,612,101,0.027660740539431572,0.5951371218546788,0.6836651460459682,0.0,0.3418325730229841,0,0.3418325730229841,0.5574125973956512,False,False,False
10,300,612,101,0.029357336461544037,0.765176299527445,0.7398435023309309,0.0,0.36992175116546544,1,0.36992175116546544,0.5574125973956512,False,False,False
10,301,612,101,0.02852758951485157,0.9913566783795792,0.712368592725107,0.01915494984796411,0.36576177128653553,1,0.36576177128653553,0.5574125973956512,False,False,False
10,302,612,101,0.027756985276937485,1.249848539924876,0.6868520399219288,0.04459946604285209,0.3657257529823904,1,0.3657257529823904,0.5574125973956512,False,False,False
10,303,612,101,0.027956606820225716,1.4879437780201141,0.6934619875440102,0.06803625088173718,0.3807491192128737,1,0.3807491192128737,0.5574125973956512,False,False,False
10,304,612,101,0.027628345414996147,1.7260390161153523,0.6825924658522289,0.09147303572062228,0.3870327507864256,1,0.3870327507864256,0.5574125973956512,False,False,False
10,305,612,101,0.02866610884666443,1.9641342542105904,0.7169552997149767,0.11490982055950737,0.41593256013724206,1,0.41593256013724206,0.5574125973956512,False,False,False
10,306,612,101,0.027891477569937706,2.2022294923058285,0.6913054020073099,0.13834660539839247,0.4148260037028512,1,0.4148260037028512,0.5574125973956512,False,False,False
10,307,612,101,0.028247592970728874,2.3450866351629713,0.7030972362345776,0.1524086763017235,0.4277529562681506,1,0.4277529562681506,0.5574125973956512,False,False,False
10,308,612,101,0.028170621022582054,2.487943778020114,0.7005485105948533,0.16647074720505456,0.4335096288999539,1,0.4335096288999539,0.5574125973956512,False,False,False
10,309,612,101,0.028440099209547043,2.630800920877257,0.7094715790762954,0.1805328181083856,0.4450021985923405,1,0.4450021985923405,0.5574125973956512,False,False,False
10,310,612,101,0.03005273826420307,2.7736580637343997,0.7628699223062554,0.19459488901171665,0.478732405658986,1,0.478732405658986,0.5574125973956512,False,False,False
10,311,612,101,0.028985701501369476,2.916515206591543,0.7275377783052366,0.20865695991504776,0.46809736911014216,1,0.46809736911014216,0.5574125973956512,False,False,False
10,312,612,101,0.029806731268763542,3.0593723494486857,0.7547240412167929,0.22271903081837877,0.48872153601758583,1,0.48872153601758583,0.5574125973956512,False,False,False
10,313,612,101,0.027725310996174812,3.2022294923058285,0.6858032285894462,0.23678110172170985,0.461292165155578,1,0.461292165155578,0.5574125973956512,False,False,False
10,314,612,101,0.029934553429484367,3.3450866351629713,0.7589565392397443,0.25084317262504086,0.5048998559323925,1,0.5048998559323925,0.5574125973956512,False,False,False
10,315,612,101,0.02922787517309189,3.392705682782019,0.7355567288611943,0.25553052959281786,0.49554362922700607,1,0.49554362922700607,0.5574125973956512,False,False,False
10,316,612,101,0.029318757355213165,3.392705682782019,0.738566055678865,0.25553052959281786,0.49704829263584144,1,0.49704829263584144,0.5574125973956512,False,False,False
10,317,612,101,0.02999783679842949,3.392705682782019,0.7610520032221669,0.25553052959281786,0.5082912664074923,1,0.5082912664074923,0.5574125973956512,False,False,False
10,318,612,101,0.02971147559583187,3.392705682782019,0.7515698976388357,0.25553052959281786,0.5035502136158267,1,0.5035502136158267,0.5574125973956512,False,False,False
10,319,612,101,0.029001686722040176,3.392705682782019,0.7280670872646818,0.25553052959281786,0.49179880842874985,1,0.49179880842874985,0.5574125973956512,False,False,False
10,320,612,101,0.02944996953010559,3.392705682782019,0.7429108051940315,0.25553052959281786,0.4992206673934247,1,0.4992206673934247,0.5574125973956512,False,False,False
10,321,612,101,0.028478598222136497,3.392705682782019,0.7107463736326661,0.25553052959281786,0.483138451612742,1,0.483138451612742,0.5574125973956512,False,False,False
10,322,612,101,0.02858741581439972,3.392705682782019,0.7143495848561279,0.25553052959281786,0.48494005722447286,1,0.48494005722447286,0.5574125973956512,False,False,False
10,323,612,101,0.028749501332640648,3.392705682782019,0.7197166247468251,0.25553052959281786,0.48762357716982146,1,0.48762357716982146,0.5574125973956512,False,False,False
10,324,612,101,0.02776012383401394,3.392705682782019,0.6869559650671939,0.25553052959281786,0.4712432473300059,1,0.4712432473300059,0.5574125973956512,False,False,False
10,325,612,101,0.0280140470713377,3.392705682782019,0.6953639718939719,0.25553052959281786,0.4754472507433949,1,0.4754472507433949,0.5574125973956512,False,False,False
10,326,612,101,0.02816375158727169,3.392705682782019,0.7003210471315076,0.25553052959281786,0.4779257883621627,1,0.4779257883621627,0.5574125973956512,False,False,False
10,327,612,101,0.028411729261279106,3.392705682782019,0.7085321821104006,0.25553052959281786,0.4820313558516092,1,0.4820313558516092,0.5574125973956512,False,False,False
10,328,612,101,0.0286601260304451,3.392705682782019,0.7167571943342103,0.25553052959281786,0.48614386196351406,1,0.48614386196351406,0.5574125973956512,False,False,False
10,329,612,101,0.028568735346198082,3.392705682782019,0.7137310297927072,0.25553052959281786,0.4846307796927625,1,0.4846307796927625,0.5574125973956512,False,False,False
10,330,612,101,0.02906402014195919,3.392705682782019,0.7301310961586266,0.25553052959281786,0.4928308128757222,1,0.4928308128757222,0.5574125973956512,False,False,False
10,331,612,101,0.028503209352493286,3.392705682782019,0.7115613071308192,0.25553052959281786,0.48354591836181854,1,0.48354591836181854,0.5574125973956512,False,False,False
10,332,612,101,0.027784647420048714,3.392705682782019,0.6877679997630755,0.25553052959281786,0.47164926467794666,1,0.47164926467794666,0.5574125973956512,False,False,False
10,333,612,101,0.028044318780303,3.392705682782019,0.6963663407134666,0.25553052959281786,0.4759484351531422,1,0.4759484351531422,0.5574125973956512,False,False,False
10,334,612,101,0.028304850682616234,3.392705682782019,0.7049931762734201,0.25553052959281786,0.48026185293311896,1,0.48026185293311896,0.5574125973956512,False,False,False
10,335,612,101,0.028142280876636505,3.392705682782019,0.6996101004552636,0.25553052959281786,0.47757031502404074,1,0.47757031502404074,0.5574125973956512,False,False,False
10,336,612,101,0.02765694074332714,3.392705682782019,0.6835393256920568,0.25553052959281786,0.4695349276424373,1,0.4695349276424373,0.5574125973956512,False,False,False
10,337,612,101,0.027550194412469864,3.392705682782019,0.6800046988968056,0.25553052959281786,0.4677676142448117,1,0.4677676142448117,0.5574125973956512,False,False,False
10,338,612,101,0.0262228362262249,3.392705682782019,0.6360526887966137,0.25553052959281786,0.4457916091947158,1,0.4457916091947158,0.5574125973956512,False,False,False
10,339,612,101,0.025845440104603767,3.392705682782019,0.6235561989107977,0.25553052959281786,0.4395433642518078,1,0.4395433642518078,0.5574125973956512,False,False,False
10,340,612,101,0.026739927008748055,3.392705682782019,0.6531748036347103,0.25553052959281786,0.45435266661376406,1,0.45435266661376406,0.5574125973956512,False,False,False
10,341,612,101,0.025646910071372986,3.392705682782019,0.6169823938021437,0.25553052959281786,0.4362564616974808,1,0.4362564616974808,0.5574125973956512,False,False,False
10,342,612,101,0.028492556884884834,3.392705682782019,0.7112085784033586,0.25553052959281786,0.48336955399808823,1,0.48336955399808823,0.5574125973956512,False,False,False
10,343,612,101,0.028225386515259743,3.392705682782019,0.7023619272839244,0.25553052959281786,0.47894622843837115,1,0.47894622843837115,0.5574125973956512,False,False,False
10,344,612,101,0.027103271335363388,3.392705682782019,0.66520600491763,0.25553052959281786,0.46036826725522395,1,0.46036826725522395,0.5574125973956512,False,False,False
10,345,612,101,0.029116230085492134,3.392705682782019,0.7318598924920278,0.25553052959281786,0.4936952110424228,1,0.4936952110424228,0.5574125973956512,False,False,False
10,346,612,101,0.028125574812293053,3.392705682782019,0.6990569226345618,0.25553052959281786,0.4772937261136898,1,0.4772937261136898,0.5574125973956512,False,False,False
10,347,612,101,0.027916135266423225,3.392705682782019,0.692121877421565,0.25553052959281786,0.4738262035071914,1,0.4738262035071914,0.5574125973956512,False,False,False
10,348,612,101,0.027037665247917175,3.392705682782019,0.6630336301600468,0.25553052959281786,0.4592820798764323,1,0.4592820798764323,0.5574125973956512,False,False,False
10,349,612,101,0.028298696503043175,3.392705682782019,0.7047893966413988,0.25553052959281786,0.48015996311710835,1,0.48015996311710835,0.5574125973956512,False,False,False
10,350,612,101,0.028671521693468094,3.392705682782019,0.7171345320426565,0.25553052959281786,0.4863325308177372,1,0.4863325308177372,0.5574125973956512,False,False,False
10,351,612,101,0.02836502715945244,3.392705682782019,0.7069857636135269,0.25553052959281786,0.4812581466031724,1,0.4812581466031724,0.5574125973956512,False,False,False
10,352,612,101,0.02799236960709095,3.392705682782019,0.6946461791102359,0.25553052959281786,0.47508835435152685,1,0.47508835435152685,0.5574125973956512,False,False,False
10,353,612,101,0.0270917359739542,3.392705682782019,0.6648240414608783,0.25553052959281786,0.46017728552684806,1,0.46017728552684806,0.5574125973956512,False,False,False
10,354,612,100,0.026749763637781143,4.345086635162971,0.6535005179920663,0.3492776689483582,0.5013890934702123,1,0.5013890934702123,0.5574125973956512,False,False,False
10,355,612,100,0.02685321681201458,4.297467587543924,0.6569261004805943,0.3445903119805812,0.5007582062305878,1,0.5007582062305878,0.5574125973956512,False,False,False
10,356,612,98,0.028261499479413033,6.154610444686781,0.7035577140592361,0.5273972337238849,0.6154774738915605,1,0.6154774738915605,0.5574125973956512,True,False,False
10,357,612,96,0.029036644846200943,7.916515206591544,0.7292246345206673,0.7008294415316347,0.715027038026151,1,0.715027038026151,0.5574125973956512,True,False,False
10,358,612,95,0.029133593663573265,8.630800920877258,0.732434842168088,0.7711397960482899,0.751787319108189,1,0.751787319108189,0.5574125973956512,True,True,True
10,359,612,95,0.02969351038336754,8.345086635162973,0.7509750264067396,0.7430156542416279,0.7469953403241838,1,0.7469953403241838,0.5574125973956512,True,True,False
10,360,612,95,0.030254196375608444,8.059372349448687,0.769540683099394,0.7148915124349657,0.7422160977671799,1,0.7422160977671799,0.5574125973956512,True,True,False
10,361,612,91,0.02911967970430851,11.58318187325821,0.7319741176368533,1.0617559280504651,0.8968650228436592,1,0.8968650228436592,0.5574125973956512,True,True,False
10,362,612,91,0.02918475680053234,11.106991397067734,0.7341289762275194,1.014882358372695,0.8745056673001071,1,0.8745056673001071,0.5574125973956512,True,True,False
10,363,612,91,0.027843382209539413,10.630800920877258,0.6897128493806688,0.9680087886949247,0.8288608190377967,1,0.8288608190377967,0.5574125973956512,True,True,False
10,364,612,91,0.027333635836839676,10.154610444686782,0.672833925550157,0.9211352190171546,0.7969845722836557,1,0.7969845722836557,0.5574125973956512,True,True,False
10,365,612,91,0.02810981310904026,9.678419968496305,0.6985350148724054,0.8742616493393843,0.7863983321058949,1,0.7863983321058949,0.5574125973956512,True,True,False
10,366,612,91,0.026990290731191635,9.202229492305829,0.6614649463946624,0.8273880796616142,0.7444265130281382,1,0.7444265130281382,0.5574125973956512,True,True,False
10,367,612,91,0.02640453912317753,8.726039016115354,0.6420693071027008,0.7805145099838441,0.7112919085432725,1,0.7112919085432725,0.5574125973956512,True,True,False
10,368,612,91,0.02626088820397854,8.249848539924878,0.6373126809584065,0.7336409403060739,0.6854768106322402,1,0.6854768106322402,0.5574125973956512,True,True,False
10,369,612,90,0.025946564972400665,8.726039016115354,0.6269046855942327,0.7805145099838441,0.7037095977890384,1,0.7037095977890384,0.5574125973956512,True,True,False
10,370,612,90,0.02619095891714096,8.202229492305829,0.6349971547099269,0.7289535833382967,0.6819753690241118,1,0.6819753690241118,0.5574125973956512,True,True,False
10,371,612,90,0.026675695553421974,7.678419968496306,0.6510479462404538,0.6773926566927496,0.6642203014666017,1,0.6642203014666017,0.5574125973956512,True,True,False
10,372,612,90,0.025657568126916885,7.154610444686782,0.6173353075595366,0.6258317300472024,0.6215835188033695,1,0.6215835188033695,0.5574125973956512,True,True,False
10,373,612,90,0.027121061459183693,6.630800920877259,0.6657950785451833,0.5742708034016553,0.6200329409734193,1,0.6200329409734193,0.5574125973956512,True,True,False
10,374,612,90,0.027169963344931602,6.106991397067733,0.6674143371587086,0.5227098767561079,0.5950621069574082,1,0.5950621069574082,0.5574125973956512,True,True,False
10,375,612,90,0.025973429903388023,5.630800920877257,0.6277942478317157,0.4758363070783377,0.5518152774550267,1,0.5518152774550267,0.5574125973956512,False,False,False
10,376,612,91,0.025933347642421722,4.295771234702533,0.6264670281278819,0.3444233323430523,0.4854451802354671,1,0.4854451802354671,0.5574125973956512,False,False,False
10,377,612,91,0.026062142103910446,3.8995112888242662,0.63073172135904,0.3054176841574201,0.46807470275823004,1,0.46807470275823004,0.5574125973956512,False,False,False
10,378,612,91,0.026140863075852394,3.630800920877257,0.63333836136755,0.278967314431703,0.45615283789962646,1,0.45615283789962646,0.5574125973956512,False,False,False
10,379,612,89,0.027300545945763588,5.345086635162971,0.6717382399681779,0.4477121652716756,0.5597252026199268,1,0.5597252026199268,0.5574125973956512,True,False,False
10,380,612,89,0.024713309481739998,5.059372349448686,0.586068641229316,0.4195880234650135,0.5028283323471647,1,0.5028283323471647,0.5574125973956512,False,False,False
10,381,612,89,0.025272734463214874,4.7736580637344,0.6045925428339322,0.3914638816583514,0.4980282122461418,1,0.4980282122461418,0.5574125973956512,False,False,False
10,382,612,89,0.025584379211068153,4.678419968496304,0.6149118471839271,0.38208916772279733,0.4985005074533622,1,0.4985005074533622,0.5574125973956512,False,False,False
10,383,612,89,0.023558234795928,4.5831818732582095,0.5478213506461278,0.3727144537872433,0.46026790221668556,1,0.46026790221668556,0.5574125973956512,False,False,False
10,384,612,89,0.02443070150911808,4.487943778020115,0.5767108140837945,0.3633397398516893,0.47002527696774193,1,0.47002527696774193,0.5574125973956512,False,False,False
10,385,612,89,0.02456228993833065,4.392705682782019,0.581068022281064,0.3539650259161352,0.4675165240985996,1,0.4675165240985996,0.5574125973956512,False,False,False
10,386,612,89,0.025449275970458984,4.297467587543924,0.6104382551592895,0.3445903119805812,0.47751428356993536,1,0.47751428356993536,0.5574125973956512,False,False,False
10,387,612,89,0.025169139727950096,4.202229492305828,0.6011622729204547,0.33521559804502715,0.4681889354827409,1,0.4681889354827409,0.5574125973956512,False,False,False
10,388,612,89,0.02504037320613861,4.106991397067733,0.5968985048389577,0.32584088410947315,0.4613696944742154,1,0.4613696944742154,0.5574125973956512,False,False,False
10,389,612,89,0.024461373686790466,4.011753301829638,0.5777264433817653,0.31646617017391915,0.4470963067778422,1,0.4470963067778422,0.5574125973956512,False,False,False
10,390,612,87,0.025256851688027382,5.868896158972495,0.604066626089911,0.4992730919172228,0.5516698590035669,1,0.5516698590035669,0.5574125973956512,False,False,False
10,391,612,87,0.024541830644011497,5.726039016115353,0.5803905660225525,0.4852110210138918,0.5328007935182222,1,0.5328007935182222,0.5574125973956512,False,False,False
10,392,612,87,0.025336477905511856,5.5831818732582095,0.6067032409474411,0.4711489501105607,0.538926095529001,1,0.538926095529001,0.5574125973956512,False,False,False
10,393,612,87,0.02464614249765873,5.440324730401066,0.5838445814439985,0.4570868792072296,0.520465730325614,1,0.520465730325614,0.5574125973956512,False,False,False
10,394,612,87,0.025603054091334343,5.297467587543924,0.6155302172174155,0.4430248083038986,0.529277512760657,1,0.529277512760657,0.5574125973956512,False,False,False
10,395,612,87,0.02502574399113655,5.154610444686781,0.5964140964763984,0.4289627374005675,0.512688416938483,1,0.512688416938483,0.5574125973956512,False,False,False
10,396,612,87,0.024863308295607567,5.011753301829638,0.5910354613766153,0.4149006664972365,0.502968063936926,1,0.502968063936926,0.5574125973956512,False,False,False
10,397,612,87,0.025226373225450516,4.821277111353448,0.6030574111629241,0.3961512386261284,0.4996043248945262,1,0.4996043248945262,0.5574125973956512,False,False,False
10,398,612,87,0.028248939663171768,4.630800920877257,0.7031418284482434,0.37740181075502033,0.5402718196016318,1,0.5402718196016318,0.5574125973956512,False,False,False
10,399,612,87,0.02584405615925789,4.440324730401066,0.6235103731642505,0.3586523828839122,0.49108137802408136,1,0.49108137802408136,0.5574125973956512,False,False,False
10,400,612,87,0.025632767006754875,4.345086635162971,0.6165140830436879,0.3492776689483582,0.48289587599602307,1,0.48289587599602307,0.5574125973956512,False,False,False
10,401,612,87,0.02596450410783291,4.249848539924876,0.6274986933533119,0.3399029550128042,0.48370082418305804,1,0.48370082418305804,0.5574125973956512,False,False,False
10,402,612,87,0.025730259716510773,4.154610444686781,0.6197423002711783,0.33052824107725015,0.47513527067421424,1,0.47513527067421424,0.5574125973956512,False,False,False
10,403,612,87,0.023997338488698006,4.059372349448686,0.5623611260734795,0.32115352714169615,0.4417573266075878,1,0.4417573266075878,0.5574125973956512,False,False,False
10,404,612,87,0.023722756654024124,3.9641342542105904,0.553269063587274,0.31177881320614215,0.4325239383967081,1,0.4325239383967081,0.5574125973956512,False,False,False
10,405,612,78,0.024044517427682877,12.440324730401068,0.5639233337912363,1.1461283534704514,0.8550258436308438,1,0.8550258436308438,0.5574125973956512,True,False,False
10,406,612,78,0.024327194318175316,11.916515206591544,0.5732834429725885,1.0945674268249044,0.8339254348987464,1,0.8339254348987464,0.5574125973956512,True,False,False
10,407,612,78,0.025664111599326134,11.39270568278202,0.6175519776101694,1.0430065001793571,0.8302792388947633,1,0.8302792388947633,0.5574125973956512,True,True,True
10,408,612,78,0.02652817592024803,10.868896158972497,0.6461632177064173,0.9914455735338099,0.8188043956201136,1,0.8188043956201136,0.5574125973956512,True,True,False
10,409,612,78,0.027906807139515877,10.345086635162973,0.6918130007880411,0.9398846468882627,0.8158488238381518,1,0.8158488238381518,0.5574125973956512,True,True,False
10,410,612,78,0.02715287171304226,9.82127711135345,0.6668483922726832,0.8883237202427156,0.7775860562576994,1,0.7775860562576994,0.5574125973956512,True,True,False
10,411,612,78,0.027089180424809456,9.39270568278202,0.6647394211052083,0.8461375075327223,0.7554384643189653,1,0.7554384643189653,0.5574125973956512,True,True,False
10,412,612,76,0.026896430179476738,10.868896158972497,0.6583569986231168,0.9914455735338099,0.8249012860784634,1,0.8249012860784634,0.5574125973956512,True,True,False
10,413,612,75,0.027517545968294144,11.297467587543926,0.6789236306794721,1.0336317862438031,0.8562777084616376,1,0.8562777084616376,0.5574125973956512,True,True,False
10,414,612,75,0.02704424411058426,10.726039016115354,0.663251472066917,0.9773835026304789,0.820317487348698,1,0.820317487348698,0.5574125973956512,True,True,False
10,415,612,75,0.026592308655381203,10.154610444686782,0.6482868062385377,0.9211352190171546,0.7847110126278461,1,0.7847110126278461,0.5574125973956512,True,True,False
10,416,612,75,0.025996258482336998,9.58318187325821,0.6285501567814897,0.8648869354038303,0.74671854609266,1,0.74671854609266,0.5574125973956512,True,True,False
10,417,612,75,0.026214471086859703,9.01175330182964,0.6357756989880762,0.8086386517905062,0.7222071753892911,1,0.7222071753892911,0.5574125973956512,True,True,False
10,418,612,75,0.026911424472928047,8.440324730401068,0.6588534956079145,0.7523903681771819,0.7056219318925482,1,0.7056219318925482,0.5574125973956512,True,True,False
10,419,612,75,0.025560865178704262,7.868896158972497,0.6141332412291338,0.6961420845638577,0.6551376628964958,1,0.6551376628964958,0.5574125973956512,True,True,False
10,420,612,75,0.024877412244677544,7.297467587543925,0.5915024769255456,0.6398938009505334,0.6156981389380395,1,0.6156981389380395,0.5574125973956512,True,True,False
10,421,612,75,0.02494525909423828,6.726039016115354,0.5937490486859501,0.5836455173372093,0.5886972830115798,1,0.5886972830115798,0.5574125973956512,True,True,False
10,422,612,73,0.02468104474246502,8.059372349448687,0.5850002784006619,0.7148915124349657,0.6499458954178139,1,0.6499458954178139,0.5574125973956512,True,True,False
10,423,612,73,0.025429507717490196,7.392705682782021,0.6097836809357295,0.6492685148860875,0.6295260979109085,1,0.6295260979109085,0.5574125973956512,True,True,False
10,424,612,73,0.02648349478840828,6.726039016115354,0.6446837183683641,0.5836455173372093,0.6141646178527866,1,0.6141646178527866,0.5574125973956512,True,True,False
10,425,612,73,0.026937782764434814,6.059372349448686,0.6597262817982092,0.5180225197883309,0.58887440079327,1,0.58887440079327,0.5574125973956512,True,True,False
10,426,612,73,0.025639614090323448,5.821277111353448,0.6167408063873049,0.4945857349494458,0.5556632706683753,1,0.5556632706683753,0.5574125973956512,False,False,False
10,427,612,73,0.02671186998486519,5.5831818732582095,0.6522457683450198,0.4711489501105607,0.5616973592277903,1,0.5616973592277903,0.5574125973956512,True,False,False
10,428,612,73,0.026213448494672775,5.345086635162971,0.6357418385104794,0.4477121652716756,0.5417270018910775,1,0.5417270018910775,0.5574125973956512,False,False,False
10,429,612,70,0.02513226866722107,7.964134254210592,0.5999413837510048,0.7055167984994117,0.6527290911252083,1,0.6527290911252083,0.5574125973956512,True,False,False
10,430,612,69,0.02547805942595005,8.535562825639163,0.611391344340169,0.7617650821127359,0.6865782132264524,1,0.6865782132264524,0.5574125973956512,True,False,False
10,431,612,69,0.026888228952884674,8.106991397067734,0.6580854363592579,0.7195788694027427,0.6888321528810003,1,0.6888321528810003,0.5574125973956512,True,True,True
10,432,612,69,0.02542048878967762,7.678419968496306,0.609485042625122,0.6773926566927496,0.6434388496589358,1,0.6434388496589358,0.5574125973956512,True,True,False
10,433,612,69,0.025553468614816666,7.345086635162973,0.6138883232755149,0.6445811579183105,0.6292347405969128,1,0.6292347405969128,0.5574125973956512,True,True,False
10,434,612,69,0.02434738725423813,7.059372349448687,0.5739520794709975,0.6164570161116484,0.5952045477913229,1,0.5952045477913229,0.5574125973956512,True,True,False
10,435,612,69,0.025101859122514725,6.773658063734401,0.5989344508598486,0.5883328743049863,0.5936336625824175,1,0.5936336625824175,0.5574125973956512,True,True,False
10,436,612,69,0.024887433275580406,6.4879437780201155,0.591834297270665,0.5602087324983241,0.5760215148844946,1,0.5760215148844946,0.5574125973956512,True,True,False
10,437,612,69,0.024803845211863518,6.202229492305827,0.589066496191189,0.5320845906916618,0.5605755434414255,1,0.5605755434414255,0.5574125973956512,True,True,False
10,438,612,69,0.025076810270547867,5.9165152065915425,0.5981050233503381,0.5039604488849998,0.551032736117669,1,0.551032736117669,0.5574125973956512,False,False,False
10,439,612,69,0.02571876533329487,5.630800920877256,0.6193616937005961,0.47583630707833763,0.5475990003894669,1,0.5475990003894669,0.5574125973956512,False,False,False
10,440,612,69,0.026300642639398575,5.3450866351629704,0.6386290455728832,0.4477121652716755,0.5431706054222794,1,0.5431706054222794,0.5574125973956512,False,False,False
10,441,612,69,0.02553565986454487,5.059372349448685,0.6132986328815211,0.4195880234650134,0.5164433281732672,1,0.5164433281732672,0.5574125973956512,False,False,False
10,442,612,69,0.02610117755830288,4.773658063734399,0.632024278788904,0.39146388165835133,0.5117440802236277,1,0.5117440802236277,0.5574125973956512,False,False,False
10,443,612,69,0.027128685265779495,4.583181873258209,0.6660475210493791,0.3727144537872432,0.5193809874183112,1,0.5193809874183112,0.5574125973956512,False,False,False
10,444,612,69,0.026393026113510132,4.392705682782018,0.6416880837656779,0.35396502591613516,0.49782655484090654,1,0.49782655484090654,0.5574125973956512,False,False,False
10,445,612,66,0.02764015831053257,7.059372349448687,0.6829836191289478,0.6164570161116484,0.6497203176202981,1,0.6497203176202981,0.5574125973956512,True,False,False
10,446,612,64,0.02665221504867077,8.630800920877258,0.6502704504652538,0.7711397960482899,0.7107051232567718,1,0.7107051232567718,0.5574125973956512,True,False,False
10,447,612,64,0.02555152215063572,8.202229492305829,0.6138238711824573,0.7289535833382967,0.671388727260377,1,0.671388727260377,0.5574125973956512,True,True,True
10,448,612,64,0.02387397363781929,7.773658063734401,0.558276220259798,0.6867673706283036,0.6225217954440507,1,0.6225217954440507,0.5574125973956512,True,True,False
10,449,612,64,0.024199962615966797,7.345086635162973,0.5690704964458088,0.6445811579183105,0.6068258271820597,1,0.6068258271820597,0.5574125973956512,True,True,False
10,450,612,64,0.02352064475417137,7.059372349448687,0.5465766542920654,0.6164570161116484,0.5815168352018569,1,0.5815168352018569,0.5574125973956512,True,True,False
10,451,612,64,0.025970900431275368,6.8212771113534485,0.6277104909490628,0.5930202312727633,0.610365361110913,1,0.610365361110913,0.5574125973956512,True,True,False
10,452,612,64,0.02465059980750084,6.58318187325821,0.5839921736532683,0.5695834464338781,0.5767878100435733,1,0.5767878100435733,0.5574125973956512,True,True,False
10,453,612,64,0.02413729950785637,6.345086635162973,0.5669955707858628,0.5461466615949931,0.556571116190428,1,0.556571116190428,0.5574125973956512,False,False,False
10,454,612,64,0.024243135005235672,6.106991397067735,0.5705000377021616,0.522709876756108,0.5466049572291348,1,0.5466049572291348,0.5574125973956512,False,False,False
10,455,612,64,0.02436043880879879,5.868896158972496,0.5743842477160257,0.49927309191722286,0.5368286698166242,1,0.5368286698166242,0.5574125973956512,False,False,False
10,456,612,64,0.023593520745635033,5.630800920877258,0.5489897529914703,0.4758363070783378,0.5124130300349041,1,0.5124130300349041,0.5574125973956512,False,False,False
10,457,612,62,0.02403806708753109,7.297467587543925,0.5637097475728071,0.6398938009505334,0.6018017742616703,1,0.6018017742616703,0.5574125973956512,True,False,False
10,458,612,62,0.023560374975204468,6.964134254210592,0.5478922171101691,0.6070823021760944,0.5774872596431317,1,0.5774872596431317,0.5574125973956512,True,False,False
10,459,612,60,0.024077121168375015,8.535562825639163,0.5650029217691119,0.7617650821127359,0.6633840019409238,1,0.6633840019409238,0.5574125973956512,True,True,True
10,460,612,60,0.024122687056660652,8.106991397067734,0.5665117175131003,0.7195788694027427,0.6430452934579215,1,0.6430452934579215,0.5574125973956512,True,True,False
10,461,612,60,0.02359309233725071,7.678419968496306,0.5489755673633333,0.6773926566927496,0.6131841120280415,1,0.6131841120280415,0.5574125973956512,True,True,False
10,462,612,60,0.024047410115599632,7.249848539924877,0.5640191176194835,0.6352064439827564,0.59961278080112,1,0.59961278080112,0.5574125973956512,True,True,False
10,463,612,60,0.02286440320312977,6.8212771113534485,0.5248469240817579,0.5930202312727633,0.5589335776772606,1,0.5589335776772606,0.5574125973956512,True,True,False
10,464,612,60,0.024318473413586617,6.392705682782021,0.5729946729250328,0.5508340185627701,0.5619143457439015,1,0.5619143457439015,0.5574125973956512,True,True,False
10,465,612,58,0.02334277704358101,7.868896158972497,0.5406870281961271,0.6961420845638577,0.6184145563799924,1,0.6184145563799924,0.5574125973956512,True,True,False
10,466,612,58,0.023122239857912064,7.4879437780201155,0.5333845135377359,0.6586432288216415,0.5960138711796887,1,0.5960138711796887,0.5574125973956512,True,True,False
10,467,612,58,0.023479726165533066,7.20222949230583,0.5452217417750422,0.6305190870149794,0.5878704143950109,1,0.5878704143950109,0.5574125973956512,True,True,False
10,468,612,58,0.02314979024231434,6.916515206591544,0.5342967727802381,0.6023949452083174,0.5683458589942778,1,0.5683458589942778,0.5574125973956512,True,True,False
10,469,612,58,0.024487329646945,6.630800920877259,0.5785859074169399,0.5742708034016553,0.5764283554092976,1,0.5764283554092976,0.5574125973956512,True,True,False
10,470,612,58,0.024095356464385986,6.345086635162973,0.5656067361145989,0.5461466615949931,0.5558766988547961,1,0.5558766988547961,0.5574125973956512,False,False,False
10,471,612,58,0.02385864593088627,6.059372349448687,0.5577686831557109,0.5180225197883309,0.5378956014720209,1,0.5378956014720209,0.5574125973956512,False,False,False
10,472,612,58,0.023112699389457703,5.7736580637344,0.5330686057667876,0.4898983779816688,0.5114834918742281,1,0.5114834918742281,0.5574125973956512,False,False,False
10,473,612,58,0.02441324107348919,5.487943778020115,0.5761326572222425,0.4617742361750067,0.5189534466986245,1,0.5189534466986245,0.5574125973956512,False,False,False
10,474,612,58,0.02377651445567608,5.202229492305829,0.555049113211901,0.4336500943683446,0.4943496037901228,1,0.4943496037901228,0.5574125973956512,False,False,False
10,475,612,58,0.025059035047888756,4.916515206591543,0.5975164431359375,0.4055259525616825,0.50152119784881,1,0.50152119784881,0.5574125973956512,False,False,False
10,476,612,58,0.023706791922450066,4.630800920877258,0.5527404330709137,0.3774018107550204,0.46507112191296707,1,0.46507112191296707,0.5574125973956512,False,False,False
10,477,612,58,0.023792600259184837,4.345086635162972,0.5555817527101262,0.3492776689483583,0.45242971082924227,1,0.45242971082924227,0.5574125973956512,False,False,False
10,478,612,58,0.024945035576820374,4.1546104446867815,0.5937416474886612,0.3305282410772502,0.4621349442829557,1,0.4621349442829557,0.5574125973956512,False,False,False
10,479,612,56,0.022448288276791573,5.868896158972496,0.5110683617955705,0.49927309191722286,0.5051707268563966,1,0.5051707268563966,0.5574125973956512,False,False,False
10,480,612,54,0.022267812862992287,7.58318187325821,0.5050923883979282,0.6680179427571955,0.5865551655775618,1,0.5865551655775618,0.5574125973956512,True,False,False
10,481,612,54,0.022433027625083923,7.297467587543925,0.5105630450506702,0.6398938009505334,0.5752284230006017,1,0.5752284230006017,0.5574125973956512,True,False,False
10,482,612,54,0.023751595988869667,7.011753301829639,0.5542240030674757,0.6117696591438714,0.5829968311056735,1,0.5829968311056735,0.5574125973956512,True,True,True
10,483,612,54,0.021936772391200066,6.726039016115354,0.4941308451531881,0.5836455173372093,0.5388881812451987,1,0.5388881812451987,0.5574125973956512,False,False,False
10,484,612,54,0.021229442209005356,6.440324730401068,0.4707094479492121,0.5555213755305471,0.5131154117398796,1,0.5131154117398796,0.5574125973956512,False,False,False
10,485,612,53,0.021226249635219574,7.106991397067735,0.47060373418126883,0.6211443730794254,0.5458740536303471,1,0.5458740536303471,0.5574125973956512,False,False,False
10,486,612,53,0.02094966731965542,6.868896158972497,0.46144543097932755,0.5977075882405404,0.529576509609934,1,0.529576509609934,0.5574125973956512,False,False,False
10,487,612,53,0.022112049162387848,6.630800920877259,0.4999346790372191,0.5742708034016553,0.5371027412194371,1,0.5371027412194371,0.5574125973956512,False,False,False
10,488,612,53,0.0211328137665987,6.392705682782021,0.46750984868457224,0.5508340185627701,0.5091719336236712,1,0.5091719336236712,0.5574125973956512,False,False,False
10,489,612,53,0.02108515426516533,6.154610444686782,0.4659317283926444,0.527397233723885,0.4966644810582647,1,0.4966644810582647,0.5574125973956512,False,False,False
10,490,612,53,0.021086208522319794,5.916515206591543,0.46596663737319044,0.5039604488849999,0.4849635431290952,1,0.4849635431290952,0.5574125973956512,False,False,False
10,491,612,53,0.02171282097697258,5.678419968496305,0.48671527720620883,0.4805236640461148,0.48361947062616184,1,0.48361947062616184,0.5574125973956512,False,False,False
10,492,612,50,0.02127009630203247,8.297467587543926,0.4720556023827767,0.7383282972738509,0.6051919498283138,1,0.6051919498283138,0.5574125973956512,True,False,False
10,493,612,50,0.02122395485639572,7.916515206591544,0.4705277485557694,0.7008294415316347,0.585678595043702,1,0.585678595043702,0.5574125973956512,True,False,False
10,494,612,50,0.020574187859892845,7.535562825639163,0.449012406360264,0.6633305857894185,0.5561714960748413,1,0.5561714960748413,0.5574125973956512,False,False,False
10,495,612,50,0.020596332848072052,7.154610444686782,0.44974567998166276,0.6258317300472024,0.5377887050144325,1,0.5377887050144325,0.5574125973956512,False,False,False
10,496,612,50,0.020058447495102882,6.773658063734401,0.43193500708912125,0.5883328743049863,0.5101339406970538,1,0.5101339406970538,0.5574125973956512,False,False,False
10,497,612,49,0.02048617973923683,7.345086635162973,0.4460982466043998,0.6445811579183105,0.5453397022613551,1,0.5453397022613551,0.5574125973956512,False,False,False
10,498,612,49,0.02047889307141304,6.916515206591544,0.4458569675727813,0.6023949452083174,0.5241259563905494,1,0.5241259563905494,0.5574125973956512,False,False,False
10,499,612,49,0.02018463797867298,6.4879437780201155,0.43611347637186354,0.5602087324983241,0.49816110443509387,1,0.49816110443509387,0.5574125973956512,False,False,False
10,500,612,49,0.019942520186305046,6.154610444686782,0.4280963761152281,0.527397233723885,0.47774680491955657,1,0.47774680491955657,0.5574125973956512,False,False,False
10,501,612,49,0.019377879798412323,5.916515206591543,0.40939977990720405,0.5039604488849999,0.456680114396102,1,0.456680114396102,0.5574125973956512,False,False,False
10,502,612,49,0.019173504784703255,5.678419968496305,0.40263243348944516,0.4805236640461148,0.44157804876777995,1,0.44157804876777995,0.5574125973956512,False,False,False
10,503,612,49,0.01871974766254425,5.440324730401067,0.38760744790316126,0.4570868792072297,0.42234716355519547,1,0.42234716355519547,0.5574125973956512,False,False,False
10,504,612,45,0.020325854420661926,9.01175330182964,0.4407894911423528,0.8086386517905062,0.6247140714664294,1,0.6247140714664294,0.5574125973956512,True,False,False
10,505,612,45,0.018957948312163353,8.58318187325821,0.3954948421773085,0.7664524390805129,0.5809736406289107,1,0.5809736406289107,0.5574125973956512,True,False,False
10,506,612,45,0.020353414118289948,8.202229492305829,0.4417020587680754,0.7289535833382967,0.585327821053186,1,0.585327821053186,0.5574125973956512,True,True,True
10,507,612,45,0.019872935488820076,7.8212771113534485,0.42579226004590226,0.6914547275960806,0.5586234938209914,1,0.5586234938209914,0.5574125973956512,True,True,False
10,508,612,45,0.019970299676060677,7.440324730401068,0.42901622158495145,0.6539558718538645,0.541486046719408,1,0.541486046719408,0.5574125973956512,False,False,False
10,509,612,45,0.01943938620388508,7.059372349448687,0.4114364043711799,0.6164570161116484,0.5139467102414141,1,0.5139467102414141,0.5574125973956512,False,False,False
10,510,612,45,0.020156675949692726,6.678419968496306,0.4351875865910209,0.5789581603694323,0.5070728734802266,1,0.5070728734802266,0.5574125973956512,False,False,False
10,511,612,45,0.019944822415709496,6.297467587543925,0.42817260844730387,0.541459304627216,0.48481595653725995,1,0.48481595653725995,0.5574125973956512,False,False,False
10,512,612,45,0.02032080665230751,5.916515206591543,0.4406223474369116,0.5039604488849999,0.4722913981609558,1,0.4722913981609558,0.5574125973956512,False,False,False
10,513,612,45,0.021121852099895477,5.678419968496305,0.4671468816341953,0.4805236640461148,0.47383527284015503,1,0.47383527284015503,0.5574125973956512,False,False,False
10,514,612,45,0.020600752905011177,5.440324730401067,0.44989203865805094,0.4570868792072297,0.4534894589326403,1,0.4534894589326403,0.5574125973956512,False,False,False
10,515,612,45,0.020267799496650696,5.202229492305829,0.43886715349984656,0.4336500943683446,0.4362586239340956,1,0.4362586239340956,0.5574125973956512,False,False,False
10,516,612,45,0.020020708441734314,4.964134254210591,0.4306853766035329,0.4102133095294595,0.4204493430664962,1,0.4204493430664962,0.5574125973956512,False,False,False
10,517,612,45,0.02011542022228241,4.726039016115353,0.4338215106014203,0.3867765246905744,0.41029901764599735,1,0.41029901764599735,0.5574125973956512,False,False,False
10,518,612,45,0.020486226305365562,4.535562825639163,0.44609978852050164,0.3680270968194664,0.407063442669984,1,0.407063442669984,0.5574125973956512,False,False,False
10,519,612,45,0.02038576826453209,4.345086635162972,0.4427733820756451,0.3492776689483583,0.3960255255120017,1,0.3960255255120017,0.5574125973956512,False,False,False
10,520,612,45,0.020893653854727745,4.1546104446867815,0.45959069093872673,0.3305282410772502,0.39505946600798847,1,0.39505946600798847,0.5574125973956512,False,False,False
10,521,612,45,0.020379869267344475,3.964134254210591,0.442578052143862,0.31177881320614215,0.37717843267500206,1,0.37717843267500206,0.5574125973956512,False,False,False
10,522,612,45,0.02009318210184574,3.7736580637344006,0.43308515314781787,0.29302938533503414,0.363057269241426,1,0.363057269241426,0.5574125973956512,False,False,False
10,523,612,42,0.020526226609945297,6.440324730401068,0.44742429445199616,0.5555213755305471,0.5014728349912716,1,0.5014728349912716,0.5574125973956512,False,False,False
10,524,612,42,0.0212196446955204,6.106991397067735,0.47038502880138156,0.522709876756108,0.4965474527787448,1,0.4965474527787448,0.5574125973956512,False,False,False
10,525,612,42,0.021234892308712006,5.964134254210591,0.47088991380977335,0.5086478058527769,0.48976885983127516,1,0.48976885983127516,0.5574125973956512,False,False,False
10,526,612,41,0.02141684666275978,6.773658063734401,0.47691485846281056,0.5883328743049863,0.5326238663838985,1,0.5326238663838985,0.5574125973956512,False,False,False
10,527,612,40,0.020554792135953903,7.535562825639163,0.44837016746551883,0.6633305857894185,0.5558503766274687,1,0.5558503766274687,0.5574125973956512,False,False,False
10,528,612,40,0.023108303546905518,7.297467587543925,0.5329230488867723,0.6398938009505334,0.5864084249186529,1,0.5864084249186529,0.5574125973956512,True,False,False
10,529,612,40,0.024283260107040405,7.059372349448687,0.5718286759688092,0.6164570161116484,0.5941428460402287,1,0.5941428460402287,0.5574125973956512,True,False,False
10,530,612,40,0.022723359987139702,6.8212771113534485,0.5201766452391675,0.5930202312727633,0.5565984382559654,1,0.5565984382559654,0.5574125973956512,False,False,False
10,531,612,40,0.022112281993031502,6.58318187325821,0.4999423886177284,0.5695834464338781,0.5347629175258033,1,0.5347629175258033,0.5574125973956512,False,False,False
10,532,612,38,0.022228267043828964,8.249848539924878,0.5037829315675878,0.7336409403060739,0.6187119359368308,1,0.6187119359368308,0.5574125973956512,True,False,False
10,533,612,38,0.020531097427010536,7.916515206591544,0.4475855788762503,0.7008294415316347,0.5742075102039426,1,0.5742075102039426,0.5574125973956512,True,False,False
10,534,612,38,0.020251000300049782,7.58318187325821,0.4383108918469409,0.6680179427571955,0.5531644173020682,1,0.5531644173020682,0.5574125973956512,False,False,False
10,535,612,38,0.021122725680470467,7.249848539924877,0.46717580798026614,0.6352064439827564,0.5511911259815112,1,0.5511911259815112,0.5574125973956512,False,False,False
10,536,612,36,0.021824711933732033,8.82127711135345,0.4904202548923931,0.7898892239193982,0.6401547394058956,1,0.6401547394058956,0.5574125973956512,True,False,False
10,537,612,36,0.02008974924683571,8.39270568278202,0.43297148309278904,0.7477030112094049,0.5903372471510969,1,0.5903372471510969,0.5574125973956512,True,False,False
10,538,612,36,0.02117251604795456,7.964134254210592,0.4688244863530149,0.7055167984994117,0.5871706424262133,1,0.5871706424262133,0.5574125973956512,True,True,True
10,539,612,36,0.019913503900170326,7.535562825639163,0.42713557735383945,0.6633305857894185,0.545233081571629,1,0.545233081571629,0.5574125973956512,False,False,False
10,540,612,36,0.0194324292242527,7.106991397067735,0.41120604210556255,0.6211443730794254,0.5161752075924939,1,0.5161752075924939,0.5574125973956512,False,False,False
10,541,612,36,0.020891660824418068,6.678419968496306,0.45952469692956727,0.5789581603694323,0.5192414286494997,1,0.5192414286494997,0.5574125973956512,False,False,False
10,542,612,34,0.020911717787384987,8.154610444686782,0.4601888310329588,0.7242662263705197,0.5922275287017393,1,0.5922275287017393,0.5574125973956512,True,False,False
10,543,612,34,0.02102484554052353,7.630800920877259,0.46393476201080835,0.6727052997249726,0.5683200308678905,1,0.5683200308678905,0.5574125973956512,True,False,False
10,544,612,34,0.021015821024775505,7.249848539924877,0.46363593867026864,0.6352064439827564,0.5494211913265126,1,0.5494211913265126,0.5574125973956512,False,False,False
10,545,612,34,0.01914878562092781,6.868896158972497,0.4018139227459358,0.5977075882405404,0.49976075549323806,1,0.49976075549323806,0.5574125973956512,False,False,False
10,546,612,33,0.0209483839571476,7.440324730401068,0.46140293577156044,0.6539558718538645,0.5576794038127124,1,0.5576794038127124,0.5574125973956512,True,False,False
10,547,612,32,0.020615527406334877,8.01175330182964,0.4503812577988479,0.7102041554671887,0.5802927066330184,1,0.5802927066330184,0.5574125973956512,True,False,False
10,548,612,32,0.020379163324832916,7.630800920877259,0.4425546766957578,0.6727052997249726,0.5576299882103652,1,0.5576299882103652,0.5574125973956512,True,True,True
10,549,612,32,0.021479962393641472,7.249848539924877,0.4790047715472665,0.6352064439827564,0.5571056077650114,1,0.5571056077650114,0.5574125973956512,False,False,False
10,550,612,32,0.021837327629327774,6.868896158972497,0.490837990802708,0.5977075882405404,0.5442727895216242,1,0.5442727895216242,0.5574125973956512,False,False,False
10,551,612,32,0.022009478881955147,6.4879437780201155,0.4965383312779824,0.5602087324983241,0.5283735318881533,1,0.5283735318881533,0.5574125973956512,False,False,False
10,552,612,32,0.02136615663766861,6.106991397067733,0.4752363902709739,0.5227098767561079,0.4989731335135409,1,0.4989731335135409,0.5574125973956512,False,False,False
10,553,612,32,0.020785510540008545,5.821277111353448,0.45600980666041985,0.4945857349494458,0.47529777080493285,1,0.47529777080493285,0.5574125973956512,False,False,False
10,554,612,32,0.022183721885085106,5.535562825639162,0.5023079346245521,0.4664615931427837,0.4843847638836679,1,0.4843847638836679,0.5574125973956512,False,False,False
10,555,612,32,0.021208083257079124,5.249848539924876,0.4700022018716127,0.4383374513361216,0.4541698266038672,1,0.4541698266038672,0.5574125973956512,False,False,False
10,556,612,32,0.0215778648853302,4.96413425421059,0.48224655763645313,0.4102133095294594,0.44622993358295626,1,0.44622993358295626,0.5574125973956512,False,False,False
10,557,612,32,0.021473797038197517,4.7736580637344,0.47880062185538075,0.3914638816583514,0.4351322517568661,1,0.4351322517568661,0.5574125973956512,False,False,False
10,558,612,32,0.021383430808782578,4.5831818732582095,0.4758083794681185,0.3727144537872433,0.4242614166276809,1,0.4242614166276809,0.5574125973956512,False,False,False
10,559,612,32,0.020883718505501747,4.392705682782019,0.4592617077192347,0.3539650259161352,0.40661336681768495,1,0.40661336681768495,0.5574125973956512,False,False,False
10,560,612,32,0.020140327513217926,4.202229492305828,0.43464625068598123,0.33521559804502715,0.3849309243655042,1,0.3849309243655042,0.5574125973956512,False,False,False
10,561,612,29,0.019723903387784958,6.868896158972497,0.42085745007687747,0.5977075882405404,0.5092825191587089,1,0.5092825191587089,0.5574125973956512,False,False,False
10,562,612,29,0.02117866650223732,6.53556282563916,0.4690281426317481,0.5648960894661009,0.5169621160489245,1,0.5169621160489245,0.5574125973956512,False,False,False
10,563,612,29,0.019568288698792458,6.297467587543925,0.41570467484769424,0.541459304627216,0.47858198973745514,1,0.47858198973745514,0.5574125973956512,False,False,False
10,564,612,29,0.021352265030145645,6.059372349448686,0.4747764058594682,0.5180225197883309,0.4963994628238996,1,0.4963994628238996,0.5574125973956512,False,False,False
10,565,612,29,0.02121203951537609,5.821277111353448,0.4701332030636264,0.4945857349494458,0.4823594690065361,1,0.4823594690065361,0.5574125973956512,False,False,False
10,566,612,29,0.022240983322262764,5.5831818732582095,0.5042039980166827,0.4711489501105607,0.4876764740636217,1,0.4876764740636217,0.5574125973956512,False,False,False
10,567,612,29,0.021032579243183136,5.392705682782019,0.4641908434370047,0.4523995222394526,0.4582951828382287,1,0.4582951828382287,0.5574125973956512,False,False,False
10,568,612,29,0.020050164312124252,5.249848539924876,0.4316607310529231,0.4383374513361216,0.43499909119452235,1,0.43499909119452235,0.5574125973956512,False,False,False
10,569,612,25,0.019485335797071457,8.916515206591544,0.41295790550384753,0.7992639378549522,0.6061109216793998,1,0.6061109216793998,0.5574125973956512,True,False,False
10,570,612,25,0.02267051488161087,8.58318187325821,0.5184268171701369,0.7664524390805129,0.6424396281253248,1,0.6424396281253248,0.5574125973956512,True,False,False
10,571,612,25,0.020316528156399727,8.249848539924878,0.44048067618547304,0.7336409403060739,0.5870608082457734,1,0.5870608082457734,0.5574125973956512,True,True,True
10,572,612,25,0.021233264356851578,7.916515206591544,0.4708360084228525,0.7008294415316347,0.5858327249772436,1,0.5858327249772436,0.5574125973956512,True,True,False
10,573,612,23,0.020726867020130157,9.487943778020115,0.4540679791983862,0.8555122214682763,0.6547901003333313,1,0.6547901003333313,0.5574125973956512,True,True,False
10,574,612,23,0.020463254302740097,9.059372349448687,0.4453391304691339,0.8133260087582832,0.6293325696137085,1,0.6293325696137085,0.5574125973956512,True,True,False
10,575,612,23,0.020348304882645607,8.630800920877258,0.44153287973337974,0.7711397960482899,0.6063363378908349,1,0.6063363378908349,0.5574125973956512,True,True,False
10,576,612,23,0.018532728776335716,8.202229492305829,0.3814148044548862,0.7289535833382967,0.5551841938965915,1,0.5551841938965915,0.5574125973956512,False,False,False
10,577,612,23,0.01854456216096878,7.773658063734401,0.3818066361746899,0.6867673706283036,0.5342870034014968,1,0.5342870034014968,0.5574125973956512,False,False,False
10,578,612,23,0.019831296056509018,7.345086635162973,0.4244134786676224,0.6445811579183105,0.5344973182929664,1,0.5344973182929664,0.5574125973956512,False,False,False
10,579,612,23,0.020373601466417313,6.916515206591544,0.4423705102365521,0.6023949452083174,0.5223827277224348,1,0.5223827277224348,0.5574125973956512,False,False,False
10,580,612,23,0.020279737189412117,6.4879437780201155,0.4392624391117184,0.5602087324983241,0.4997355858050213,1,0.4997355858050213,0.5574125973956512,False,False,False
10,581,612,21,0.019655872136354446,7.964134254210592,0.4186047723287096,0.7055167984994117,0.5620607854140607,1,0.5620607854140607,0.5574125973956512,True,False,False
10,582,612,20,0.020722337067127228,8.535562825639163,0.4539179815999976,0.7617650821127359,0.6078415318563667,1,0.6078415318563667,0.5574125973956512,True,False,False
10,583,612,20,0.02081266976892948,8.106991397067734,0.4569091138076665,0.7195788694027427,0.5882439916052047,1,0.5882439916052047,0.5574125973956512,True,True,True
10,584,612,20,0.02128756418824196,7.678419968496306,0.472634005950905,0.6773926566927496,0.5750133313218273,1,0.5750133313218273,0.5574125973956512,True,True,False
10,585,612,20,0.020961765199899673,7.249848539924877,0.46184602078258985,0.6352064439827564,0.5485262323826732,1,0.5485262323826732,0.5574125973956512,False,False,False
10,586,612,20,0.02228442206978798,6.8212771113534485,0.5056423590331384,0.5930202312727633,0.5493312951529508,1,0.5493312951529508,0.5574125973956512,False,False,False
10,587,612,20,0.02158018760383129,6.392705682782021,0.4823234684116137,0.5508340185627701,0.5165787434871919,1,0.5165787434871919,0.5574125973956512,False,False,False
10,588,612,20,0.02137671411037445,5.964134254210591,0.47558597348958676,0.5086478058527769,0.49211688967118183,1,0.49211688967118183,0.5574125973956512,False,False,False
10,589,612,20,0.021906491369009018,5.535562825639163,0.49312816795047304,0.4664615931427838,0.47979488054662844,1,0.47979488054662844,0.5574125973956512,False,False,False
10,590,612,20,0.022247876971960068,5.297467587543925,0.5044322632764016,0.4430248083038987,0.4737285357901501,1,0.4737285357901501,0.5574125973956512,False,False,False
10,591,612,20,0.020725786685943604,5.059372349448687,0.45403220674482314,0.4195880234650136,0.4368101151049184,1,0.4368101151049184,0.5574125973956512,False,False,False
10,592,612,16,0.02172248251736164,8.630800920877258,0.48703519395902195,0.7711397960482899,0.6290874950036559,1,0.6290874950036559,0.5574125973956512,True,False,False
10,593,612,16,0.02157016098499298,8.202229492305829,0.48199146303656204,0.7289535833382967,0.6054725231874294,1,0.6054725231874294,0.5574125973956512,True,False,False
10,594,612,16,0.023009290918707848,7.868896158972497,0.5296445035177175,0.6961420845638577,0.6128932940407876,1,0.6128932940407876,0.5574125973956512,True,True,True
10,595,612,16,0.022922702133655548,7.535562825639163,0.5267773413646378,0.6633305857894185,0.5950539635770282,1,0.5950539635770282,0.5574125973956512,True,True,False
10,596,612,16,0.02130102925002575,7.20222949230583,0.47307986641091776,0.6305190870149794,0.5517994767129486,1,0.5517994767129486,0.5574125973956512,False,False,False
10,597,612,16,0.020351890474557877,6.868896158972497,0.44165160727322267,0.5977075882405404,0.5196795977568816,1,0.5196795977568816,0.5574125973956512,False,False,False
10,598,612,16,0.020820096135139465,6.535562825639163,0.45715501858759056,0.5648960894661011,0.5110255540268458,1,0.5110255540268458,0.5574125973956512,False,False,False
10,599,612,16,0.020298490300774574,6.202229492305827,0.439883399564258,0.5320845906916618,0.48598399512795987,1,0.48598399512795987,0.5574125973956512,False,False,False
10,600,612,16,0.02127634361386299,5.868896158972495,0.4722624658470017,0.4992730919172228,0.48576777888211226,1,0.48576777888211226,0.5574125973956512,False,False,False
10,601,612,16,0.021846527233719826,5.535562825639162,0.4911426117477907,0.4664615931427837,0.4788021024452872,1,0.4788021024452872,0.5574125973956512,False,False,False
10,602,612,16,0.021519234403967857,5.297467587543924,0.480305161910928,0.4430248083038986,0.4616649851074133,1,0.4616649851074133,0.5574125973956512,False,False,False
10,603,612,16,0.02226053737103939,5.106991397067733,0.5048514794261743,0.4242753804327905,0.4645634299294824,1,0.4645634299294824,0.5574125973956512,False,False,False
10,604,612,16,0.02179608680307865,4.9165152065915425,0.48947240822626004,0.4055259525616824,0.4474991803939712,1,0.4474991803939712,0.5574125973956512,False,False,False
10,605,612,16,0.021953333169221878,4.726039016115353,0.49467921219565225,0.3867765246905744,0.4407278684431133,1,0.4407278684431133,0.5574125973956512,False,False,False
10,606,612,16,0.022961214184761047,4.535562825639162,0.528052567657517,0.3680270968194663,0.44803983223849164,1,0.44803983223849164,0.5574125973956512,False,False,False
10,607,612,16,0.021903183311223984,4.345086635162971,0.49301863023059717,0.3492776689483582,0.42114814958947766,1,0.42114814958947766,0.5574125973956512,False,False,False
10,608,612,16,0.02156246080994606,4.154610444686781,0.4817364917899591,0.33052824107725015,0.4061323664336046,1,0.4061323664336046,0.5574125973956512,False,False,False
10,609,612,16,0.021097663789987564,3.9641342542105904,0.4663459487342471,0.31177881320614215,0.38906238097019463,1,0.38906238097019463,0.5574125973956512,False,False,False
10,610,612,16,0.021713681519031525,3.7736580637343997,0.48674377181577116,0.29302938533503403,0.3898865785754026,1,0.3898865785754026,0.5574125973956512,False,False,False
10,611,612,16,0.021906452253460884,3.5831818732582095,0.49312687274094746,0.27427995746392597,0.3837034151024367,1,0.3837034151024367,0.5574125973956512,False,False,False
11,35,590,11,0.020075969398021698,1.328325053515891,0.4325151992799277,0.05232426213139363,0.24241973070566067,0,0.24241973070566067,0.5574125973956512,False,False,False
11,36,590,11,0.02012171968817711,0.7551597398925649,0.43403010101167944,0.0,0.21701505050583972,0,0.21701505050583972,0.5574125973956512,False,False,False
11,37,590,11,0.019427023828029633,0.6037804434751004,0.4110270564844591,0.0,0.20551352824222954,0,0.20551352824222954,0.5574125973956512,False,False,False
11,38,590,12,0.020191989839076996,0.9457167090754863,0.4363569140860246,0.014662402457304062,0.22550965827166433,0,0.22550965827166433,0.5574125973956512,False,False,False
11,39,590,12,0.02024908922612667,0.7144068823458127,0.4382476116101207,0.0,0.21912380580506036,0,0.21912380580506036,0.5574125973956512,False,False,False
11,40,590,13,0.020840823650360107,1.2263419362655994,0.4578413562828488,0.04228560535137935,0.25006348081711405,0,0.25006348081711405,0.5574125973956512,False,False,False
11,41,590,13,0.02086702547967434,0.8878791550547266,0.45870896163504127,0.008969191958697918,0.2338390767968696,0,0.2338390767968696,0.5574125973956512,False,False,False
11,42,590,13,0.019656090065836906,0.6786623046165022,0.41861198849606623,0.0,0.20930599424803312,0,0.20930599424803312,0.5574125973956512,False,False,False
11,43,590,13,0.021068906411528587,0.6037804434750991,0.46539372302638476,0.0,0.23269686151319238,0,0.23269686151319238,0.5574125973956512,False,False,False
11,44,590,16,0.020079484209418297,2.5596752695989333,0.4326315831072958,0.1735316004491359,0.30308159177821586,0,0.30308159177821586,0.5574125973956512,False,False,False
11,45,590,16,0.020775826647877693,2.0681772284825723,0.45568914978787783,0.12515123832794978,0.2904201940579138,0,0.2904201940579138,0.5574125973956512,False,False,False
11,46,590,16,0.020142976194620132,1.6566097176784205,0.4347339548738548,0.0846387976989016,0.2596863762863782,0,0.2596863762863782,0.5574125973956512,False,False,False
11,47,590,16,0.019882909953594208,1.27735368956743,0.4261225384749199,0.04730692159421437,0.2367147300345671,0,0.2367147300345671,0.5574125973956512,False,False,False
11,48,590,16,0.021091708913445473,0.9780281917686499,0.46614876850314174,0.017842966981665202,0.24199586774240348,0,0.24199586774240348,0.5574125973956512,False,False,False
11,49,590,16,0.020731084048748016,0.7161032351872039,0.4542076151205703,0.0,0.22710380756028514,0,0.22710380756028514,0.5574125973956512,False,False,False
11,50,590,16,0.021662794053554535,0.5918655842319958,0.4850587658996626,0.0,0.2425293829498313,0,0.2425293829498313,0.5574125973956512,False,False,False
11,51,590,16,0.021653354167938232,0.6291853467425975,0.48474618866749436,0.0,0.24237309433374718,0,0.24237309433374718,0.5574125973956512,False,False,False
11,52,590,16,0.020224688574671745,0.8688961589724952,0.43743964757274806,0.007100610300635962,0.222270128936692,0,0.222270128936692,0.5574125973956512,False,False,False
11,53,590,16,0.02085014432668686,1.1546104446867809,0.45814998620979636,0.035224752107298064,0.24668736915854722,0,0.24668736915854722,0.5574125973956512,False,False,False
11,54,590,16,0.021062644198536873,1.4403247304010667,0.4651863661490071,0.06334889391396017,0.2642676300314836,0,0.2642676300314836,0.5574125973956512,False,False,False
11,55,590,16,0.021401695907115936,1.7260390161153523,0.4764131806399106,0.09147303572062228,0.28394310818026647,0,0.28394310818026647,0.5574125973956512,False,False,False
11,56,590,17,0.02097349241375923,1.1052950442263414,0.4622343369336813,0.030370415501992012,0.24630237621783665,0,0.24630237621783665,0.5574125973956512,False,False,False
11,57,590,18,0.021281534805893898,0.7618239831980276,0.47243435865403666,0.0,0.23621717932701833,0,0.23621717932701833,0.5574125973956512,False,False,False
11,58,590,18,0.02062949165701866,0.8927258774587024,0.45084364759947254,0.009446276637352211,0.23014496211841237,0,0.23014496211841237,0.5574125973956512,False,False,False
11,59,590,20,0.02184954658150673,1.161638192172543,0.49124258958783507,0.035916524891346516,0.2635795572395908,0,0.2635795572395908,0.5574125973956512,False,False,False
11,60,590,20,0.0212854091078043,0.9490286360515376,0.4725626460737111,0.014988410321051282,0.2437755281973812,0,0.2437755281973812,0.5574125973956512,False,False,False
11,61,590,20,0.020870717242360115,0.848661092935903,0.4588312047435964,0.0051087817672549425,0.23196999325542567,0,0.23196999325542567,0.5574125973956512,False,False,False
11,62,590,20,0.02187138982117176,0.812916515206591,0.4919658715928938,0.0015902822621804544,0.24677807692753712,0,0.24677807692753712,0.5574125973956512,False,False,False
11,63,590,20,0.0214926116168499,0.8451876085463871,0.4794236176371747,0.004766871080886041,0.24209524435903038,0,0.24209524435903038,0.5574125973956512,False,False,False
11,64,590,21,0.021261990070343018,0.816309220889374,0.47178718562776556,0.0019242415372384494,0.23685571358250201,0,0.23685571358250201,0.5574125973956512,False,False,False
11,65,590,21,0.021220481023192406,0.7091562664081762,0.47041272161457093,0.0,0.23520636080728546,0,0.23520636080728546,0.5574125973956512,False,False,False
11,66,590,21,0.02030046470463276,0.6717153358374739,0.4399487768069767,0.0,0.21997438840348835,0,0.21997438840348835,0.5574125973956512,False,False,False
11,67,590,23,0.01913829892873764,1.3691990791227429,0.4014666832397978,0.05634767625471046,0.2289071797472541,0,0.2289071797472541,0.5574125973956512,False,False,False
11,68,590,23,0.02051180601119995,1.073266287006745,0.4469467938735733,0.027217680917219236,0.23708223739539624,0,0.23708223739539624,0.5574125973956512,False,False,False
11,69,590,23,0.020333196967840195,0.8419564602770715,0.4410326204732935,0.004448814628450002,0.22274071755087174,0,0.22274071755087174,0.5574125973956512,False,False,False
11,70,590,23,0.020387670025229454,0.6786623046165029,0.4428363539292449,0.0,0.22141817696462246,0,0.22141817696462246,0.5574125973956512,False,False,False
11,71,590,25,0.020814254879951477,1.9406276505513145,0.4569616006317737,0.1125959598680347,0.2847787802499042,0,0.2847787802499042,0.5574125973956512,False,False,False
11,72,590,25,0.02091834880411625,1.5443677046730486,0.46040839988586313,0.0735903116824026,0.26699935578413286,0,0.26699935578413286,0.5574125973956512,False,False,False
11,73,590,25,0.02107047475874424,1.1838119471707265,0.46544565476069527,0.03809918729618935,0.25177242102844233,0,0.25177242102844233,0.5574125973956512,False,False,False
11,74,590,25,0.022267458960413933,0.8963609192616822,0.5050806698355541,0.009804090146342731,0.25744237999094843,0,0.25744237999094843,0.5574125973956512,False,False,False
11,75,590,25,0.02182239107787609,0.7058443394321262,0.4903434057938766,0.0,0.2451717028969383,0,0.2451717028969383,0.5574125973956512,False,False,False
11,76,590,25,0.022650130093097687,0.6190476190476204,0.5177518279773884,0.0,0.2588759139886942,0,0.2588759139886942,0.5574125973956512,False,False,False
11,77,590,25,0.02176513336598873,0.7057231713720271,0.48844746575503417,0.0,0.24422373287751709,0,0.24422373287751709,0.5574125973956512,False,False,False
11,78,590,27,0.022190364077687263,1.0273435922290879,0.502527873537321,0.022697303586971113,0.26261258856214603,0,0.26261258856214603,0.5574125973956512,False,False,False
11,79,590,27,0.021814921870827675,0.705884728785493,0.49009608245113884,0.0,0.24504804122556942,0,0.24504804122556942,0.5574125973956512,False,False,False
11,80,590,27,0.021580712869763374,0.5765984086594778,0.48234086122524267,0.0,0.24117043061262133,0,0.24117043061262133,0.5574125973956512,False,False,False
11,81,590,29,0.02237347513437271,1.7977705076941715,0.5085911193863282,0.09853388896470362,0.3035625041755159,0,0.3035625041755159,0.5574125973956512,False,False,False
11,82,590,29,0.022873694077134132,1.4015105618159058,0.5251545671824003,0.059528240779071546,0.29234140398073594,0,0.29234140398073594,0.5574125973956512,False,False,False
11,83,590,29,0.02128172293305397,1.044347509996366,0.47244058799508815,0.024371075667916235,0.2484058318315022,0,0.2484058318315022,0.5574125973956512,False,False,False
11,84,590,29,0.02184348739683628,0.755200129245931,0.49104195546466156,0.0,0.24552097773233078,0,0.24552097773233078,0.5574125973956512,False,False,False
11,85,590,29,0.021348094567656517,0.6207843612423749,0.4746383118533859,0.0,0.23731915592669295,0,0.23731915592669295,0.5574125973956512,False,False,False
11,86,590,29,0.020510125905275345,0.61561452401147,0.4468911615406183,0.0,0.22344558077030915,0,0.22344558077030915,0.5574125973956512,False,False,False
11,87,590,29,0.02168489620089531,0.7362979118704313,0.4857906209582477,0.0,0.24289531047912385,0,0.24289531047912385,0.5574125973956512,False,False,False
11,88,590,29,0.021716592833399773,0.942041277919141,0.4868401724104592,0.014300613242658187,0.2505703928265587,0,0.2505703928265587,0.5574125973956512,False,False,False
11,89,590,30,0.020750457420945168,0.584999394159699,0.4548491138955866,0.0,0.2274245569477933,0,0.2274245569477933,0.5574125973956512,False,False,False
11,90,590,30,0.02104152925312519,0.714204935578982,0.46448719971178143,0.0,0.23224359985589071,0,0.23224359985589071,0.5574125973956512,False,False,False
11,91,590,32,0.021236855536699295,1.0307362979118702,0.47095492099262765,0.023031262862029042,0.24699309192732835,0,0.24699309192732835,0.5574125973956512,False,False,False
11,92,590,32,0.022016195580363274,0.7994264711821965,0.49676073725651415,0.00026239657325979697,0.24851156691488696,0,0.24851156691488696,0.5574125973956512,False,False,False
11,93,590,32,0.020515330135822296,0.6412213740458019,0.4470634860841618,0.0,0.2235317430420809,0,0.2235317430420809,0.5574125973956512,False,False,False
11,94,590,32,0.0210594329982996,0.5799507249888931,0.46508003561462313,0.0,0.23254001780731157,0,0.23254001780731157,0.5574125973956512,False,False,False
11,95,590,32,0.020577317103743553,0.6190072296942523,0.44911602312230875,0.0,0.22455801156115437,0,0.22455801156115437,0.5574125973956512,False,False,False
11,96,590,32,0.02220168150961399,0.7788279009653049,0.5029026208267161,0.0,0.25145131041335805,0,0.25145131041335805,0.5574125973956512,False,False,False
11,97,590,32,0.022245051339268684,1.0321903146330622,0.5043386998073409,0.023174388265625262,0.2637565440364831,0,0.2637565440364831,0.5574125973956512,False,False,False
11,98,590,32,0.021480325609445572,1.3450866351629713,0.479016798492861,0.05397417997840614,0.26649548923563354,0,0.26649548923563354,0.5574125973956512,False,False,False
11,99,590,32,0.021265801042318344,1.5831818732582095,0.4719133760415415,0.07741096481729123,0.2746621704294164,0,0.2746621704294164,0.5574125973956512,False,False,False
11,100,590,32,0.020677125081419945,1.8212771113534476,0.45242090441838334,0.10084774965617632,0.27663432703727986,0,0.27663432703727986,0.5574125973956512,False,False,False
11,101,590,33,0.020858215168118477,1.2005331394644367,0.4584172311085701,0.03974512943754606,0.24908118027305806,0,0.24908118027305806,0.5574125973956512,False,False,False
11,102,590,33,0.02119622938334942,1.3280827173956946,0.4696096917087242,0.05230040789746115,0.26095504980309264,0,0.26095504980309264,0.5574125973956512,False,False,False
11,103,590,34,0.02138117514550686,0.8127953471464913,0.4757336890521446,0.0015783551452140606,0.2386560220986793,0,0.2386560220986793,0.5574125973956512,False,False,False
11,104,590,34,0.0211502593010664,0.8944222303000922,0.4680875121329717,0.009613256274881044,0.23885038420392635,0,0.23885038420392635,0.5574125973956512,False,False,False
11,105,590,35,0.02181875891983509,0.6325780524253798,0.4902231363379318,0.0,0.2451115681689659,0,0.2451115681689659,0.5574125973956512,False,False,False
11,106,590,36,0.021574394777417183,0.8283048588392082,0.4821316540485428,0.003105026116907257,0.24261834008272504,0,0.24261834008272504,0.5574125973956512,False,False,False
11,107,590,36,0.021668341010808945,0.6734924673855959,0.4852424389457158,0.0,0.2426212194728579,0,0.2426212194728579,0.5574125973956512,False,False,False
11,108,590,36,0.02130873128771782,0.6173108768528598,0.4733348993341648,0.0,0.2366674496670824,0,0.2366674496670824,0.5574125973956512,False,False,False
11,109,590,36,0.021150847896933556,0.6818934528858185,0.46810700195249916,0.0,0.23405350097624958,0,0.23405350097624958,0.5574125973956512,False,False,False
11,110,590,36,0.02033528871834278,0.7890060180136522,0.4411018833445889,0.0,0.22055094167229444,0,0.22055094167229444,0.5574125973956512,False,False,False
11,111,590,36,0.020721379667520523,0.9896603255381894,0.45388627980494345,0.018987970210435277,0.23643712500768937,0,0.23643712500768937,0.5574125973956512,False,False,False
11,112,590,38,0.020409828051924706,0.8810129649824299,0.4435700592871522,0.008293321997271228,0.22593169064221172,0,0.22593169064221172,0.5574125973956512,False,False,False
11,113,590,38,0.02168012037873268,0.6633143503372506,0.4856324820428413,0.0,0.24281624102142066,0,0.24281624102142066,0.5574125973956512,False,False,False
11,114,590,38,0.021159041672945023,0.5153277596025696,0.46837831750978176,0.0,0.23418915875489088,0,0.23418915875489088,0.5574125973956512,False,False,False
11,115,590,38,0.020218975841999054,0.4659719697887647,0.4372504853053723,0.0,0.21862524265268615,0,0.21862524265268615,0.5574125973956512,False,False,False
11,116,590,38,0.019022328779101372,0.5220323922614004,0.3976266337030909,0.0,0.19881331685154546,0,0.19881331685154546,0.5574125973956512,False,False,False
11,117,590,38,0.01942233182489872,0.7005533341411214,0.41087169301803605,0.0,0.20543584650901803,0,0.20543584650901803,0.5574125973956512,False,False,False
11,118,590,38,0.0207144096493721,0.9641342542105911,0.4536554858028176,0.016475324236190064,0.23506540501950385,0,0.23506540501950385,0.5574125973956512,False,False,False
11,119,590,38,0.02098320797085762,1.2498485399248769,0.4625560423091726,0.04459946604285218,0.25357775417601236,0,0.25357775417601236,0.5574125973956512,False,False,False
11,120,590,40,0.02062314748764038,0.6020840906337073,0.45063357694975564,0.0,0.22531678847487782,0,0.22531678847487782,0.5574125973956512,False,False,False
11,121,590,40,0.02178124524652958,0.4999798053233166,0.4889809687262764,0.0,0.2444904843631382,0,0.2444904843631382,0.5574125973956512,False,False,False
11,122,590,41,0.02054538205265999,0.6990589280665624,0.44805857705965574,0.0,0.22402928852982787,0,0.22402928852982787,0.5574125973956512,False,False,False
11,123,590,41,0.02108466438949108,0.5051092532008561,0.4659155074352529,0.0,0.23295775371762645,0,0.23295775371762645,0.5574125973956512,False,False,False
11,124,590,42,0.02181965298950672,0.8623530837271283,0.49025274112708744,0.006456545984452704,0.24835464355577008,0,0.24835464355577008,0.5574125973956512,False,False,False
11,125,590,42,0.02091619372367859,0.5969950321095345,0.4603370400086692,0.0,0.2301685200043346,0,0.2301685200043346,0.5574125973956512,False,False,False
11,126,590,42,0.02048947475850582,0.5118946645664192,0.4462073525877671,0.0,0.22310367629388356,0,0.22310367629388356,0.5574125973956512,False,False,False
11,127,590,42,0.020293794572353363,0.5271618401389385,0.4397279127445468,0.0,0.2198639563722734,0,0.2198639563722734,0.5574125973956512,False,False,False
11,128,590,42,0.02104577235877514,0.6359707581081627,0.4646276991069826,0.0,0.2323138495534913,0,0.2323138495534913,0.5574125973956512,False,False,False
11,129,590,42,0.020260678604245186,0.8094026414637111,0.4386313636895507,0.001244395870156339,0.21993787977985352,0,0.21993787977985352,0.5574125973956512,False,False,False
11,130,590,45,0.021303044632077217,1.8453895553132185,0.4731466005398061,0.10322124593248058,0.28818392323614334,0,0.28818392323614334,0.5574125973956512,False,False,False
11,131,590,45,0.021608950570225716,1.4491296094349526,0.4832758791494083,0.06421559774684849,0.2737457384481284,0,0.2737457384481284,0.5574125973956512,False,False,False
11,132,590,45,0.021436726674437523,1.0851811462498484,0.477573133285015,0.028390514085577332,0.25298182368529615,0,0.25298182368529615,0.5574125973956512,False,False,False
11,133,590,45,0.021690357476472855,0.8538713195201747,0.4859714568786734,0.005621647796808089,0.24579655233774073,0,0.24579655233774073,0.5574125973956512,False,False,False
11,134,590,45,0.022815238684415817,0.6939698695423898,0.5232189690614181,0.0,0.26160948453070904,0,0.26160948453070904,0.5574125973956512,False,False,False
11,135,590,45,0.021249128505587578,0.6394846318510454,0.4713613084004329,0.0,0.23568065420021644,0,0.23568065420021644,0.5574125973956512,False,False,False
11,136,590,45,0.021342772990465164,0.7074599135667851,0.4744621016812658,0.0,0.2372310508406329,0,0.2372310508406329,0.5574125973956512,False,False,False
11,137,590,45,0.021257005631923676,0.8638878791550555,0.47162213892822286,0.006607622799360052,0.23911488086379146,0,0.23911488086379146,0.5574125973956512,False,False,False
11,138,590,45,0.021448461338877678,1.0849388101296502,0.4779616961426828,0.028366659851644677,0.25316417799716373,0,0.25316417799716373,0.5574125973956512,False,False,False
11,139,590,45,0.02298019640147686,1.3655236479663964,0.5286811143372777,0.055985887040064464,0.2923335006886711,0,0.2923335006886711,0.5574125973956512,False,False,False
11,140,590,45,0.02146873064339161,1.6784199684963053,0.47863286138349875,0.08678567875284532,0.28270927006817204,0,0.28270927006817204,0.5574125973956512,False,False,False
11,141,590,48,0.0210589412599802,1.05282927420332,0.4650637529805875,0.025205973855560906,0.2451348634180742,0,0.2451348634180742,0.5574125973956512,False,False,False
11,142,590,48,0.020048577338457108,0.8163899995961069,0.4316081825521718,0.0019321929485493566,0.21677018775036058,0,0.21677018775036058,0.5574125973956512,False,False,False
11,143,590,49,0.021049097180366516,1.2246051940708422,0.4647377919166551,0.042114650008194976,0.25342622096242506,0,0.25342622096242506,0.5574125973956512,False,False,False
11,144,590,49,0.02147919125854969,0.9490690254049018,0.47897923741661974,0.014992386026706507,0.24698581172166312,0,0.24698581172166312,0.5574125973956512,False,False,False
11,145,590,49,0.022778360173106194,0.8180863524374961,0.521997833185392,0.0020991725860781247,0.26204850288573506,0,0.26204850288573506,0.5574125973956512,False,False,False
11,146,590,50,0.023255402222275734,1.1344561573569196,0.5377938384992481,0.03324087498522776,0.28551735674223794,0,0.28551735674223794,0.5574125973956512,False,False,False
11,147,590,50,0.02211771160364151,0.896320529908316,0.5001221760352048,0.00980011444068731,0.25496114523794605,0,0.25496114523794605,0.5574125973956512,False,False,False
11,148,590,50,0.023177647963166237,0.7874308332323595,0.5352192086690126,0.0,0.2676096043345063,0,0.2676096043345063,0.5574125973956512,False,False,False
11,149,590,50,0.023402759805321693,0.802698008804879,0.5426732011652502,0.0005844287313513328,0.27162881494830077,0,0.27162881494830077,0.5574125973956512,False,False,False
11,150,590,50,0.023629892617464066,0.8825881497637239,0.5501941128203083,0.008448374517834062,0.2793212436690712,0,0.2793212436690712,0.5574125973956512,False,False,False
11,151,590,50,0.023898109793663025,0.967607738600107,0.5590754262137121,0.016817234922558964,0.2879463305681355,0,0.2879463305681355,0.5574125973956512,False,False,False
11,152,590,50,0.022939125075936317,1.0849388101296515,0.5273211443354405,0.02836665985164481,0.27784390209354265,0,0.27784390209354265,0.5574125973956512,False,False,False
11,153,590,50,0.02194930799305439,1.2345813643523589,0.4945459289678078,0.04309664930509172,0.26882128913644976,0,0.26882128913644976,0.5574125973956512,False,False,False
11,154,590,50,0.0215593334287405,1.4165354012682276,0.4816329367045584,0.06100720328289955,0.271320069993729,0,0.271320069993729,0.5574125973956512,False,False,False
11,155,590,50,0.021923864260315895,1.6308009208772578,0.4937034260097536,0.08209832178506832,0.2879008738974109,0,0.2879008738974109,0.5574125973956512,False,False,False
11,156,590,50,0.02330688200891018,1.8688961589724957,0.5394984575881722,0.10553510662395339,0.32251678210606277,0,0.32251678210606277,0.5574125973956512,False,False,False
11,157,590,50,0.02314102277159691,2.106991397067734,0.5340064608165807,0.1289718914628385,0.3314891761397096,0,0.3314891761397096,0.5574125973956512,False,False,False
11,158,590,50,0.022874632850289345,2.345086635162972,0.5251856522110137,0.15240867630172358,0.33879716425636863,0,0.33879716425636863,0.5574125973956512,False,False,False
11,159,590,53,0.024900030344724655,1.1122016236520043,0.5922514164145392,0.031050261169074122,0.31165083879180666,0,0.31165083879180666,0.5574125973956512,False,False,False
11,160,590,53,0.023974310606718063,1.0917646108485801,0.5615986177227896,0.02903855410741588,0.29531858591510274,0,0.29531858591510274,0.5574125973956512,False,False,False
11,161,590,53,0.023078978061676025,1.13595056343148,0.5319520118024674,0.033387976094479604,0.28266999394847353,0,0.28266999394847353,0.5574125973956512,False,False,False
11,162,590,54,0.022562865167856216,0.9761298921604246,0.5148622772025098,0.017656108815858794,0.26625919300918427,0,0.26625919300918427,0.5574125973956512,False,False,False
11,163,590,56,0.023364771157503128,1.8453895553132185,0.5414153060093558,0.10322124593248058,0.3223182759709182,0,0.3223182759709182,0.5574125973956512,False,False,False
11,164,590,56,0.02224600687623024,1.5545458217213932,0.504370339925751,0.07459218950757616,0.2894812647166636,0,0.2894812647166636,0.5574125973956512,False,False,False
11,165,590,56,0.02379157580435276,1.3283250535158924,0.5555478305558853,0.05232426213139376,0.3039360463436395,0,0.3039360463436395,0.5574125973956512,False,False,False
11,166,590,56,0.023474372923374176,1.1667272506967155,0.5450444830999729,0.03641746380393332,0.2907309734519531,0,0.2907309734519531,0.5574125973956512,False,False,False
11,167,590,58,0.024126632139086723,2.4644371743608375,0.5666423486452495,0.16415688651358182,0.3653996175794157,0,0.3653996175794157,0.5574125973956512,False,False,False
11,168,590,58,0.023253384977579117,2.1157962761016194,0.5377270426937157,0.12983859529572672,0.33378281899472123,0,0.33378281899472123,0.5574125973956512,False,False,False
11,169,590,58,0.023941367864608765,1.8028595662183449,0.5605078045956925,0.09903482787729052,0.32977131623649153,0,0.32977131623649153,0.5574125973956512,False,False,False
11,170,590,58,0.023488391190767288,1.5545458217213932,0.5455086615232756,0.07459218950757616,0.3100504255154259,0,0.3100504255154259,0.5574125973956512,False,False,False
11,171,590,58,0.022624798119068146,1.3708550426107673,0.5169130256179786,0.05651068018658395,0.2867118529022813,0,0.2867118529022813,0.5574125973956512,False,False,False
11,172,590,58,0.02272813394665718,1.2517872288864669,0.5203347224779298,0.044790299914313866,0.2825625111961218,0,0.2825625111961218,0.5574125973956512,False,False,False
11,173,590,58,0.02287318930029869,1.193949674865707,0.5251378528118561,0.039097089415707706,0.2821174711137819,0,0.2821174711137819,0.5574125973956512,False,False,False
11,174,590,58,0.02250291034579277,1.1836907791106281,0.5128770293830478,0.0380872601792231,0.2754821447811355,0,0.2754821447811355,0.5574125973956512,False,False,False
11,175,590,60,0.02254665642976761,1.4354780079970915,0.5143255670457757,0.06287180923530594,0.2885986881405408,0,0.2885986881405408,0.5574125973956512,False,False,False
11,176,590,60,0.0240014735609293,1.1310230623207733,0.5624980482233244,0.032902940004514616,0.2977004941139195,0,0.2977004941139195,0.5574125973956512,False,False,False
11,177,590,61,0.02332141250371933,1.364069631245204,0.5399795970885954,0.05584276163646822,0.2979111793625318,0,0.2979111793625318,0.5574125973956512,False,False,False
11,178,590,61,0.02383171208202839,0.9524617310876854,0.5568768388823973,0.015326345301764566,0.2861015920920809,0,0.2861015920920809,0.5574125973956512,False,False,False
11,179,590,61,0.02250928059220314,0.6700997617028164,0.5130879635057818,0.0,0.2565439817528909,0,0.2565439817528909,0.5574125973956512,False,False,False
11,180,590,61,0.022998211905360222,0.658144513106347,0.5292776508387639,0.0,0.26463882541938194,0,0.26463882541938194,0.5574125973956512,False,False,False
11,181,590,62,0.021205086261034012,0.6310028676440864,0.46990296415129723,0.0,0.23495148207564862,0,0.23495148207564862,0.5574125973956512,False,False,False
11,182,590,62,0.022542065009474754,0.4829758875560386,0.5141735341181326,0.0,0.2570867670590663,0,0.2570867670590663,0.5574125973956512,False,False,False
11,183,590,62,0.022023780271410942,0.5407326628700675,0.4970118845511845,0.0,0.24850594227559225,0,0.24850594227559225,0.5574125973956512,False,False,False
11,184,590,62,0.023858290165662766,0.7141645462256159,0.5577569029166928,0.0,0.2788784514583464,0,0.2788784514583464,0.5574125973956512,False,False,False
11,185,590,64,0.023308997973799706,0.9984248152187066,0.5395685222558405,0.019850698337667904,0.27970961029675423,0,0.27970961029675423,0.5574125973956512,False,False,False
11,186,590,64,0.02401801198720932,0.6973625752251706,0.5630456751460596,0.0,0.2815228375730298,0,0.2815228375730298,0.5574125973956512,False,False,False
11,187,590,64,0.02215735800564289,0.503412900359467,0.5014349634043253,0.0,0.2507174817021626,0,0.2507174817021626,0.5574125973956512,False,False,False
11,188,590,64,0.024907751008868217,0.4591461690698334,0.592507066104227,0.0,0.2962535330521135,0,0.2962535330521135,0.5574125973956512,False,False,False
11,189,590,64,0.023501470685005188,0.5373399571872852,0.545941754917965,0.0,0.2729708774589825,0,0.2729708774589825,0.5574125973956512,False,False,False
11,190,590,64,0.02359773777425289,0.7073791348600513,0.5491293889136545,0.0,0.27456469445682724,0,0.27456469445682724,0.5574125973956512,False,False,False
11,191,590,64,0.024016499519348145,0.9386485722363596,0.5629955937110714,0.013966653967600334,0.2884811238393359,0,0.2884811238393359,0.5574125973956512,False,False,False
11,192,590,64,0.02444826066493988,1.2022294923058292,0.5772922398074825,0.039912109075075156,0.3086021744412788,0,0.3086021744412788,0.5574125973956512,False,False,False
11,193,590,66,0.025382958352565765,0.590169231390606,0.60824231992367,0.0,0.304121159961835,0,0.304121159961835,0.5574125973956512,False,False,False
11,194,590,66,0.023324215784668922,0.4965467102871689,0.5400724204379271,0.0,0.27003621021896357,0,0.27003621021896357,0.5574125973956512,False,False,False
11,195,590,66,0.02498643472790718,0.5543034856011964,0.5951124725798556,0.0,0.2975562362899278,0,0.2975562362899278,0.5574125973956512,False,False,False
11,196,590,66,0.024093523621559143,0.720949957591179,0.5655460462968298,0.0,0.2827730231484149,0,0.2827730231484149,0.5574125973956512,False,False,False
11,197,590,66,0.025680430233478546,0.9454339836019227,0.6180923266889039,0.01463457251771605,0.31636344960331,0,0.31636344960331,0.5574125973956512,False,False,False
11,198,590,66,0.025026550516486168,1.1546104446867802,0.5964408024632827,0.035224752107298,0.31583277728529036,0,0.31583277728529036,0.5574125973956512,False,False,False
11,199,590,66,0.02422303333878517,1.3927056827820183,0.5698344233593123,0.05866153694618309,0.3142479801527477,0,0.3142479801527477,0.5574125973956512,False,False,False
11,200,590,69,0.025192271918058395,1.2348237004725557,0.6019282351632127,0.04312050353902424,0.32252436935111845,0,0.32252436935111845,0.5574125973956512,False,False,False
11,201,590,69,0.02471996285021305,0.9269760491134539,0.5862889502019493,0.012817675033174838,0.2995533126175621,0,0.2995533126175621,0.5574125973956512,False,False,False
11,202,590,69,0.02505980245769024,0.7364594692838965,0.5975418539132962,0.0,0.2987709269566481,0,0.2987709269566481,0.5574125973956512,False,False,False
11,203,590,69,0.023716555908322334,0.6428773375338249,0.5530637420391509,0.0,0.27653187101957544,0,0.27653187101957544,0.5574125973956512,False,False,False
11,204,590,69,0.023975661024451256,0.6462296538632403,0.5616433332897435,0.0,0.28082166664487174,0,0.28082166664487174,0.5574125973956512,False,False,False
11,205,590,69,0.024103989824652672,0.7465164182721428,0.565892607359883,0.0,0.2829463036799415,0,0.2829463036799415,0.5574125973956512,False,False,False
11,206,590,69,0.024129200726747513,0.8366250656326985,0.566727400737428,0.00392402148193031,0.28532571110967914,0,0.28532571110967914,0.5574125973956512,False,False,False
11,207,590,69,0.024463174864649773,0.9913566783795785,0.577786084696585,0.019154949847964044,0.2984705172722745,0,0.2984705172722745,0.5574125973956512,False,False,False
11,208,590,69,0.02453569509088993,1.2022294923058279,0.5801874031569718,0.039912109075075024,0.3100497561160234,0,0.3100497561160234,0.5574125973956512,False,False,False
11,209,590,69,0.02323947474360466,1.4403247304010658,0.5372664415157692,0.06334889391396009,0.3003076677148646,0,0.3003076677148646,0.5574125973956512,False,False,False
11,210,590,69,0.023561883717775345,1.678419968496304,0.5479421751918693,0.08678567875284518,0.3173639269723572,0,0.3173639269723572,0.5574125973956512,False,False,False
11,211,590,69,0.022811178117990494,1.916515206591542,0.5230845139773361,0.11022246359173028,0.3166534887845332,0,0.3166534887845332,0.5574125973956512,False,False,False
11,212,590,70,0.022206367924809456,1.2957712347025325,0.5030577992632069,0.04911984337310015,0.27608882131815354,0,0.27608882131815354,0.5574125973956512,False,False,False
11,213,590,70,0.022337039932608604,1.5185589078718844,0.5073846625515919,0.07104983576856914,0.2892172491600805,0,0.2892172491600805,0.5574125973956512,False,False,False
11,214,590,70,0.023240426555275917,1.678419968496304,0.5372979582808911,0.08678567875284518,0.31204181851686813,0,0.31204181851686813,0.5574125973956512,False,False,False
11,215,590,73,0.02502884715795517,1.2092572397915913,0.5965168497654262,0.04060388185912361,0.31856036581227487,0,0.31856036581227487,0.5574125973956512,False,False,False
11,216,590,73,0.024007420986890793,1.0442667312896323,0.5626949817478535,0.02436312425660526,0.29352905300222937,0,0.29352905300222937,0.5574125973956512,False,False,False
11,217,590,73,0.0261818990111351,0.9438991881739975,0.6346971595131498,0.014483495702808913,0.32459032760797935,0,0.32459032760797935,0.5574125973956512,False,False,False
11,218,590,73,0.023608025163412094,0.908154610444687,0.5494700290188765,0.010964996197734566,0.2802175126083056,0,0.2802175126083056,0.5574125973956512,False,False,False
11,219,590,73,0.02383788302540779,0.9370329981017007,0.5570811736042153,0.013807625741382211,0.2854443996727987,0,0.2854443996727987,0.5574125973956512,False,False,False
11,220,590,73,0.023614080622792244,1.0305343511450387,0.5496705397887619,0.023011384333751862,0.28634096206125687,0,0.28634096206125687,0.5574125973956512,False,False,False
11,221,590,73,0.02281462401151657,1.0390161153519937,0.5231986157688735,0.02384628252139662,0.27352244914513507,0,0.27352244914513507,0.5574125973956512,False,False,False
11,222,590,75,0.022941691800951958,1.0119552485964707,0.5274061347509748,0.02118255973224431,0.2742943472416095,0,0.2742943472416095,0.5574125973956512,False,False,False
11,223,590,75,0.023036768659949303,0.826568116644453,0.5305543573711008,0.0029340707737230682,0.26674421407241194,0,0.26674421407241194,0.5574125973956512,False,False,False
11,224,590,75,0.022461825981736183,0.7058039500787594,0.5115166276447021,0.0,0.25575831382235104,0,0.25575831382235104,0.5574125973956512,False,False,False
11,225,590,75,0.022618653252720833,0.64966274889939,0.5167095543691776,0.0,0.2583547771845888,0,0.2583547771845888,0.5574125973956512,False,False,False
11,226,590,75,0.02331497147679329,0.6581445131063449,0.5397663192533867,0.0,0.26988315962669335,0,0.26988315962669335,0.5574125973956512,False,False,False
11,227,590,76,0.02191946469247341,0.685447715982066,0.4935577457764502,0.0,0.2467788728882251,0,0.2467788728882251,0.5574125973956512,False,False,False
11,228,590,76,0.023030541837215424,0.6173916555595927,0.5303481723499606,0.0,0.2651740861749803,0,0.2651740861749803,0.5574125973956512,False,False,False
11,229,590,76,0.023486917838454247,0.6462700432166064,0.5454598752978129,0.0,0.27272993764890646,0,0.27272993764890646,0.5574125973956512,False,False,False
11,230,590,78,0.024266215041279793,1.2824427480916025,0.5712642729988857,0.04780786050680117,0.30953606675284345,0,0.30953606675284345,0.5574125973956512,False,False,False
11,231,590,78,0.02452775649726391,0.9320651076376258,0.5799245372999274,0.01331861394576159,0.2966215756228445,0,0.2966215756228445,0.5574125973956512,False,False,False
11,232,590,78,0.02259233221411705,0.6786219152631361,0.5158380017117644,0.0,0.2579190008558822,0,0.2579190008558822,0.5574125973956512,False,False,False
11,233,590,78,0.02312585525214672,0.5731249242699619,0.5335042279038841,0.0,0.26675211395194204,0,0.26675211395194204,0.5574125973956512,False,False,False
11,234,590,78,0.022687779739499092,0.5968738640494361,0.5189984979840612,0.0,0.2594992489920306,0,0.2594992489920306,0.5574125973956512,False,False,False
11,235,590,78,0.0224202498793602,0.7498687346015588,0.5101399432723208,0.0,0.2550699716361604,0,0.2550699716361604,0.5574125973956512,False,False,False
11,236,590,79,0.023322023451328278,0.43874954561977525,0.5399998270278518,0.0,0.2699999135139259,0,0.2699999135139259,0.5574125973956512,False,False,False
11,237,590,82,0.022252045571804047,2.5596752695989333,0.5045702956058398,0.1735316004491359,0.3390509480274878,0,0.3390509480274878,0.5574125973956512,False,False,False
11,238,590,82,0.023122549057006836,2.1634153237206664,0.5333947518606522,0.1345259522635037,0.33396035206207797,0,0.33396035206207797,0.5574125973956512,False,False,False
11,239,590,82,0.023285966366529465,1.799466860535562,0.5388058905518625,0.09870086860223252,0.31875337957704747,0,0.31875337957704747,0.5574125973956512,False,False,False
11,240,590,82,0.023113073781132698,1.4678298800436191,0.5330810027722466,0.06605634946532231,0.29956867611878446,0,0.29956867611878446,0.5574125973956512,False,False,False
11,241,590,82,0.023209907114505768,1.1685043822448389,0.5362873864677346,0.03659239485277313,0.2864398906602538,0,0.2864398906602538,0.5574125973956512,False,False,False
11,242,590,82,0.02462790720164776,0.9082757785047848,0.5832407670985117,0.010976923314700763,0.29710884520660624,0,0.29710884520660624,0.5574125973956512,False,False,False
11,243,590,82,0.023630693554878235,0.80790823538915,0.5502206337772602,0.0010972947609044128,0.27565896426908226,0,0.27565896426908226,0.5574125973956512,False,False,False
11,244,590,82,0.023573949933052063,0.7721636576598395,0.5483417164921822,0.0,0.2741708582460911,0,0.2741708582460911,0.5574125973956512,False,False,False
11,245,590,83,0.024095216765999794,0.8725312007754743,0.5656021103662933,0.007458423809626416,0.28653026708795987,0,0.28653026708795987,0.5574125973956512,False,False,False
11,246,590,83,0.023045748472213745,0.7602487984167355,0.5308517004721828,0.0,0.2654258502360914,0,0.2654258502360914,0.5574125973956512,False,False,False
11,247,590,85,0.022936049848794937,1.5545458217213939,0.5272193161960739,0.07459218950757623,0.3009057528518251,0,0.3009057528518251,0.5574125973956512,False,False,False
11,248,590,85,0.021408580243587494,1.2279978997536236,0.476641137516409,0.042448609283252815,0.2595448733998309,0,0.2595448733998309,0.5574125973956512,False,False,False
11,249,590,85,0.02303846925497055,0.9660729431721791,0.5306106681471406,0.01666615810765155,0.2736384131273961,0,0.2736384131273961,0.5574125973956512,False,False,False
11,250,590,87,0.023237938061356544,2.131103841027505,0.5372155582844079,0.13134538773914275,0.3342804730117753,0,0.3342804730117753,0.5574125973956512,False,False,False
11,251,590,87,0.024582969024777412,1.7348438951492378,0.5817527563835764,0.09233973955351053,0.33704624796854343,0,0.33704624796854343,0.5574125973956512,False,False,False
11,252,590,87,0.02365744486451149,1.3793771961710883,0.5511064337394546,0.05734955407988412,0.3042279939096693,0,0.3042279939096693,0.5574125973956512,False,False,False
11,253,590,87,0.024391714483499527,1.0919261682620454,0.5754198602466765,0.02905445693003763,0.30223715858835704,0,0.30223715858835704,0.5574125973956512,False,False,False
11,254,590,87,0.02530139684677124,0.901409588432488,0.6055416230329467,0.010301053353274062,0.30792133819311035,0,0.30792133819311035,0.5574125973956512,False,False,False
11,255,590,87,0.024809107184410095,0.8078274566824177,0.5892407327106988,0.001089343349593571,0.29516503803014615,0,0.29516503803014615,0.5574125973956512,False,False,False
11,256,590,87,0.024848779663443565,0.8077870673290509,0.5905543835528362,0.0010853676439380848,0.2958198755983871,0,0.2958198755983871,0.5574125973956512,False,False,False
11,257,590,89,0.024573111906647682,1.1225816874671832,0.5814263635831354,0.032072017522525156,0.3067491905528303,0,0.3067491905528303,0.5574125973956512,False,False,False
11,258,590,89,0.02460547722876072,0.8895755078961177,0.5824980569505696,0.009136171596226882,0.29581711427339824,0,0.29581711427339824,0.5574125973956512,False,False,False
11,259,590,89,0.02468140982091427,0.7279777050769409,0.5850123670229004,0.0,0.2925061835114502,0,0.2925061835114502,0.5574125973956512,False,False,False
11,260,590,89,0.02420971542596817,0.66331435033725,0.5693934353541815,0.0,0.28469671767709076,0,0.28469671767709076,0.5574125973956512,False,False,False
11,261,590,89,0.0247478187084198,0.6955854436770459,0.5872113244140796,0.0,0.2936056622070398,0,0.2936056622070398,0.5574125973956512,False,False,False
11,262,590,89,0.026014525443315506,0.8180055737307631,0.6291550196299258,0.0020912211747672175,0.3156231204023465,0,0.3156231204023465,0.5574125973956512,False,False,False
11,263,590,89,0.025603044778108597,1.0118340805363704,0.6155299088341951,0.02117063261527786,0.3183502707247365,0,0.3183502707247365,0.5574125973956512,False,False,False
11,264,590,89,0.025872666388750076,1.2702855527283003,0.624457726417231,0.04661117310451036,0.33553444976087066,0,0.33553444976087066,0.5574125973956512,False,False,False
11,265,590,89,0.02591722458600998,1.5831818732582095,0.6259331550967752,0.07741096481729123,0.3516720599570332,0,0.3516720599570332,0.5574125973956512,False,False,False
11,266,590,89,0.026087485253810883,1.868896158972495,0.6315708937783142,0.10553510662395332,0.3685530002011338,0,0.3685530002011338,0.5574125973956512,False,False,False
11,267,590,91,0.02500758320093155,0.7430833232359971,0.5958127491966746,0.0,0.2979063745983373,0,0.2979063745983373,0.5574125973956512,False,False,False
11,268,590,91,0.02739761769771576,0.8451068298396555,0.6749525182741075,0.0047589196695752645,0.3398557189718414,0,0.3398557189718414,0.5574125973956512,False,False,False
11,269,590,91,0.026156501844525337,1.0049678904640749,0.6338561984711973,0.020494762653851292,0.3271754805625243,0,0.3271754805625243,0.5574125973956512,False,False,False
11,270,590,91,0.027689887210726738,1.1971404337816558,0.684630262172442,0.03941117016248826,0.3620207161674652,0,0.3620207161674652,0.5574125973956512,False,False,False
11,271,590,91,0.026595253497362137,1.3263863645543044,0.6483843170128192,0.052133428259932266,0.35025887263637573,0,0.35025887263637573,0.5574125973956512,False,False,False
11,272,590,91,0.026733508333563805,1.4879437780201141,0.6529622659192303,0.06803625088173718,0.36049925840048375,0,0.36049925840048375,0.5574125973956512,False,False,False
11,273,590,91,0.02564067952334881,1.6784199684963046,0.6167760854277153,0.08678567875284525,0.3517808820902803,0,0.3517808820902803,0.5574125973956512,False,False,False
11,274,590,91,0.026991043239831924,1.868896158972495,0.6614898637588683,0.10553510662395332,0.3835124851914108,0,0.3835124851914108,0.5574125973956512,False,False,False
11,275,590,92,0.02663370408117771,1.200533139464438,0.649657507976444,0.03974512943754619,0.34470131870699505,0,0.34470131870699505,0.5574125973956512,False,False,False
11,276,590,92,0.02852022834122181,1.3757017650147423,0.7121248466277256,0.05698776486523817,0.38455630574648186,0,0.38455630574648186,0.5574125973956512,False,False,False
11,277,590,92,0.028105689212679863,1.5831818732582095,0.698398462782425,0.07741096481729123,0.38790471379985814,0,0.38790471379985814,0.5574125973956512,False,False,False
11,278,590,95,0.02667229063808918,1.2585726402520305,0.6509352013350861,0.045458218464429635,0.3481967098997579,0,0.3481967098997579,0.5574125973956512,False,False,False
11,279,590,95,0.02643732726573944,1.0119552485964707,0.6431550010683398,0.02118255973224431,0.3321687804002921,0,0.3321687804002921,0.5574125973956512,False,False,False
11,280,590,95,0.027820155024528503,0.8299608223272352,0.6889437416290629,0.003268030048780998,0.34610588583892193,0,0.34610588583892193,0.5574125973956512,False,False,False
11,281,590,95,0.026447884738445282,0.7125893614443238,0.6435045842869527,0.0,0.32175229214347634,0,0.32175229214347634,0.5574125973956512,False,False,False
11,282,590,95,0.02712254785001278,0.6598408659477367,0.6658442965071545,0.0,0.33292214825357724,0,0.33292214825357724,0.5574125973956512,False,False,False
11,283,590,96,0.027404597029089928,0.8062118825477596,0.6751836206594537,0.0009303151233755137,0.3380569678914146,0,0.3380569678914146,0.5574125973956512,False,False,False
11,284,590,96,0.027716554701328278,0.6769255624217443,0.6855132866856531,0.0,0.3427566433428266,0,0.3427566433428266,0.5574125973956512,False,False,False
11,285,590,96,0.028881564736366272,0.6445736903752161,0.7240895604883334,0.0,0.3620447802441667,0,0.3620447802441667,0.5574125973956512,False,False,False
11,286,590,96,0.029670145362615585,0.707459913566783,0.7502013545834723,0.0,0.37510067729173613,0,0.37510067729173613,0.5574125973956512,False,False,False
11,287,590,96,0.027650780975818634,0.8417545135102387,0.6833353610301032,0.00442893610017269,0.34388214856513794,0,0.34388214856513794,0.5574125973956512,False,False,False
11,288,590,96,0.027365440502762794,0.9658709964053477,0.6738870542477248,0.016646279579374382,0.34526666691354957,0,0.34526666691354957,0.5574125973956512,False,False,False
11,289,590,98,0.027784524485468864,0.8657457894099112,0.6877639291045665,0.0067905052595107,0.34727721718203863,0,0.34727721718203863,0.5574125973956512,False,False,False
11,290,590,98,0.030403561890125275,0.7024516337493426,0.7744865331877081,0.0,0.38724326659385405,0,0.38724326659385405,0.5574125973956512,False,False,False
11,291,590,98,0.029557161033153534,0.6360919261682612,0.7464601727072164,0.0,0.3732300863536082,0,0.3732300863536082,0.5574125973956512,False,False,False
11,292,590,98,0.02999923937022686,0.6615776081424927,0.7610984457351548,0.0,0.3805492228675774,0,0.3805492228675774,0.5574125973956512,False,False,False
11,293,590,98,0.03155410662293434,0.761864372551395,0.8125838261725078,0.0,0.4062919130862539,0,0.4062919130862539,0.5574125973956512,False,False,False
11,294,590,98,0.032134439796209335,0.9590855850397831,0.8318000481068574,0.015978361029258523,0.42388920456805795,0,0.42388920456805795,0.5574125973956512,False,False,False
11,295,590,98,0.03351321816444397,1.249848539924876,0.8774547036433631,0.04459946604285209,0.4610270848431076,0,0.4610270848431076,0.5574125973956512,False,False,False
11,296,590,101,0.03196945786476135,1.331758148552042,0.8263371010346248,0.05266219711210723,0.43949964907336597,0,0.43949964907336597,0.5574125973956512,False,False,False
11,297,590,101,0.03133155032992363,0.977987802415283,0.8052144540319401,0.017838991276009714,0.41152672265397494,0,0.41152672265397494,0.5574125973956512,False,False,False
11,298,590,101,0.03272411599755287,0.7024112443959771,0.8513256400878834,0.0,0.4256628200439417,0,0.4256628200439417,0.5574125973956512,False,False,False
11,299,590,101,0.033240653574466705,0.5918251948786303,0.8684294369626899,0.0,0.43421471848134496,0,0.43421471848134496,0.5574125973956512,False,False,False
11,300,590,101,0.03338127210736275,0.578173593440769,0.8730856535304313,0.0,0.43654282676521566,0,0.43654282676521566,0.5574125973956512,False,False,False
11,301,590,101,0.03555312007665634,0.6512783230340482,0.9450007438742948,0.0,0.4725003719371474,0,0.4725003719371474,0.5574125973956512,False,False,False
11,302,590,101,0.039521366357803345,0.7890060180136516,1.0763988867692633,0.0,0.5381994433846317,0,0.5381994433846317,0.5574125973956512,False,False,False
11,303,590,101,0.04235609993338585,0.9913566783795792,1.170263707912847,0.01915494984796411,0.5947093288804056,0,0.5947093288804056,0.5574125973956512,True,False,False
11,304,590,101,0.048219915479421616,1.2022294923058285,1.364428691242722,0.039912109075075086,0.7021704001588985,0,0.7021704001588985,0.5574125973956512,True,False,False
11,305,590,101,0.04850293695926666,1.4403247304010667,1.3738002106032279,0.06334889391396017,0.718574552258594,0,0.718574552258594,0.5574125973956512,True,True,True
11,306,590,103,0.048239465802907944,0.6888000323114828,1.3650760492989251,0.0,0.6825380246494626,0,0.6825380246494626,0.5574125973956512,True,True,False
11,307,590,103,0.04947928339242935,0.6581445131063449,1.4061293804809154,0.0,0.7030646902404577,0,0.7030646902404577,0.5574125973956512,True,True,False
11,308,590,103,0.05031590536236763,0.7244234419806942,1.4338319385800173,0.0,0.7169159692900087,0,0.7169159692900087,0.5574125973956512,True,True,False
11,309,590,104,0.0472940169274807,0.6564481602649546,1.333769971593141,0.0,0.6668849857965705,0,0.6668849857965705,0.5574125973956512,True,True,False
11,310,590,104,0.044810421764850616,0.6036996647683674,1.2515321846838587,0.0,0.6257660923419294,0,0.6257660923419294,0.5574125973956512,True,True,False
11,311,590,104,0.044439345598220825,0.6478856173512659,1.2392449636513865,0.0,0.6196224818256932,0,0.6196224818256932,0.5574125973956512,True,True,False
11,312,590,105,0.04412224888801575,0.6360919261682625,1.2287451317641862,0.0,0.6143725658820931,0,0.6143725658820931,0.5574125973956512,True,True,False
11,313,590,105,0.04283386841416359,0.5731249242699619,1.186083767117892,0.0,0.593041883558946,0,0.593041883558946,0.5574125973956512,True,True,False
11,314,590,105,0.04075661674141884,0.639403853144311,1.1173009868199835,0.0,0.5586504934099917,0,0.5586504934099917,0.5574125973956512,True,True,False
11,315,590,105,0.04173264652490616,0.8298396542671347,1.1496196716681786,0.0032561029318145277,0.5764378872999966,0,0.5764378872999966,0.5574125973956512,True,True,False
11,316,590,105,0.06891773641109467,1.084898420776284,2.049783137441142,0.028362684145989244,1.0390729107935657,0,1.0390729107935657,0.5574125973956512,True,True,False
11,317,590,105,0.06876852363348007,1.249848539924876,2.044842344837642,0.04459946604285209,1.044720905440247,0,1.044720905440247,0.5574125973956512,True,True,False
11,318,590,107,0.054720886051654816,0.6071731491578832,1.5796914042110752,0.0,0.7898457021055376,0,0.7898457021055376,0.5574125973956512,True,True,False
11,319,590,107,0.033932145684957504,0.46597196978876404,0.8913263976621025,0.0,0.44566319883105127,0,0.44566319883105127,0.5574125973956512,False,False,False
11,320,590,107,0.034490786492824554,0.45401672119229464,0.9098243333995634,0.0,0.4549121666997817,0,0.4549121666997817,0.5574125973956512,False,False,False
11,321,590,107,0.03312116488814354,0.5594329334787351,0.8644728802453268,0.0,0.4322364401226634,0,0.4322364401226634,0.5574125973956512,False,False,False
11,322,590,107,0.03110940009355545,0.7294721111515013,0.7978585273997807,0.0,0.39892926369989035,0,0.39892926369989035,0.5574125973956512,False,False,False
11,323,590,107,0.031917326152324677,0.9641342542105904,0.8246108951202746,0.016475324236189998,0.42054310967823233,0,0.42054310967823233,0.5574125973956512,False,False,False
11,324,590,109,0.03219727426767349,0.683751363140677,0.8338806480180582,0.0,0.4169403240090291,0,0.4169403240090291,0.5574125973956512,False,False,False
11,325,590,109,0.032868970185518265,0.49319439395775283,0.8561221093442497,0.0,0.42806105467212485,0,0.42806105467212485,0.5574125973956512,False,False,False
11,326,590,110,0.032181914895772934,0.8453895553132191,0.8333720624110219,0.004786749609163276,0.4190794060100926,0,0.4190794060100926,0.5574125973956512,False,False,False
11,327,590,110,0.03125758096575737,0.5698129972939119,0.8027651511424635,0.0,0.40138257557123175,0,0.40138257557123175,0.5574125973956512,False,False,False
11,328,590,110,0.031270839273929596,0.45579385274041734,0.8032041654949841,0.0,0.40160208274749204,0,0.40160208274749204,0.5574125973956512,False,False,False
11,329,590,110,0.03274991363286972,0.5016357688113409,0.8521798616083117,0.0,0.42608993080415586,0,0.42608993080415586,0.5574125973956512,False,False,False
11,330,590,110,0.031955283135175705,0.6070519810977828,0.8258677417732198,0.0,0.4129338708866099,0,0.4129338708866099,0.5574125973956512,False,False,False
11,331,590,111,0.032630499452352524,0.4660123591421295,0.8482257719567116,0.0,0.4241128859783558,0,0.4241128859783558,0.5574125973956512,False,False,False
11,332,590,111,0.032879963517189026,0.47445373399571894,0.8564861248975759,0.0,0.42824306244878796,0,0.42824306244878796,0.5574125973956512,False,False,False
11,333,590,112,0.03131786361336708,0.6123429863887869,0.8047612540512825,0.0,0.40238062702564126,0,0.40238062702564126,0.5574125973956512,False,False,False
11,334,590,112,0.031100591644644737,0.45922694777656503,0.7975668585499536,0.0,0.3987834292749768,0,0.3987834292749768,0.5574125973956512,False,False,False
11,335,590,112,0.0317067988216877,0.46257926410598044,0.8176398307471385,0.0,0.40881991537356926,0,0.40881991537356926,0.5574125973956512,False,False,False
11,336,590,112,0.03127826005220413,0.5934811583666539,0.8034498852449758,0.0,0.4017249426224879,0,0.4017249426224879,0.5574125973956512,False,False,False
11,337,590,112,0.030940303578972816,0.8179247950240308,0.7922593366207881,0.002083269763456376,0.39717130319212224,0,0.39717130319212224,0.5574125973956512,False,False,False
11,338,590,112,0.030646806582808495,1.1069913970677332,0.7825409478140085,0.030537395139521042,0.40653917147676477,0,0.40653917147676477,0.5574125973956512,False,False,False
11,339,590,112,0.032402403652668,1.3450866351629713,0.8406729734766671,0.05397417997840614,0.44732357672753664,0,0.44732357672753664,0.5574125973956512,False,False,False
11,340,590,112,0.03247153386473656,1.5831818732582095,0.8429620404448388,0.07741096481729123,0.46018650263106503,0,0.46018650263106503,0.5574125973956512,False,False,False
11,341,590,112,0.030001498758792877,1.8212771113534476,0.7611732595044168,0.10084774965617632,0.43101050458029655,0,0.43101050458029655,0.5574125973956512,False,False,False
11,342,590,112,0.03039945289492607,2.0593723494486857,0.7743504745108803,0.12428453449506141,0.44931750450297087,0,0.44931750450297087,0.5574125973956512,False,False,False
11,343,590,112,0.031046893447637558,2.297467587543924,0.795788782577937,0.1477213193339465,0.4717550509559417,0,0.4717550509559417,0.5574125973956512,False,False,False
11,344,590,112,0.030283816158771515,2.535562825639162,0.7705214650934628,0.1711581041728316,0.4708397846331472,0,0.4708397846331472,0.5574125973956512,False,False,False
11,345,590,112,0.030478306114673615,2.678419968496305,0.7769614935611197,0.18522017507616265,0.48109083431864114,0,0.48109083431864114,0.5574125973956512,False,False,False
11,346,590,112,0.02888372167944908,2.8212771113534476,0.7241609820421714,0.19928224597949368,0.46172161401083256,0,0.46172161401083256,0.5574125973956512,False,False,False
11,347,590,112,0.027927499264478683,2.916515206591543,0.6924981666270619,0.20865695991504776,0.4505775632710548,0,0.4505775632710548,0.5574125973956512,False,False,False
11,348,590,112,0.029442183673381805,3.011753301829638,0.7426529968218011,0.21803167385060176,0.4803423353362014,0,0.4803423353362014,0.5574125973956512,False,False,False
11,349,590,112,0.028244124725461006,3.106991397067733,0.7029823943233114,0.22740638778615577,0.4651943910547336,0,0.4651943910547336,0.5574125973956512,False,False,False
11,350,590,112,0.028332095593214035,3.2022294923058285,0.7058953205462941,0.23678110172170985,0.471338211134002,1,0.471338211134002,0.5574125973956512,False,False,False
11,351,590,112,0.02760455012321472,3.297467587543924,0.6818045467241803,0.24615581565726385,0.4639801811907221,1,0.4639801811907221,0.5574125973956512,False,False,False
11,352,590,112,0.02900818921625614,3.3450866351629713,0.7282824004291449,0.25084317262504086,0.4895627865270929,1,0.4895627865270929,0.5574125973956512,False,False,False
11,353,590,112,0.029216686263680458,3.392705682782019,0.7351862372602402,0.25553052959281786,0.49535838342652905,1,0.49535838342652905,0.5574125973956512,False,False,False
11,354,590,112,0.03093721903860569,3.392705682782019,0.7921572000982011,0.25553052959281786,0.5238438648455095,1,0.5238438648455095,0.5574125973956512,False,False,False
11,355,590,112,0.02885211631655693,3.392705682782019,0.7231144527455196,0.25553052959281786,0.4893224911691687,1,0.4893224911691687,0.5574125973956512,False,False,False
11,356,590,112,0.030021661892533302,3.392705682782019,0.7618409091765206,0.25553052959281786,0.5086857193846692,1,0.5086857193846692,0.5574125973956512,False,False,False
11,357,590,112,0.031167112290859222,3.392705682782019,0.7997695165397772,0.25553052959281786,0.5276500230662975,1,0.5276500230662975,0.5574125973956512,False,False,False
11,358,590,112,0.0293833389878273,3.392705682782019,0.7407045082822075,0.25553052959281786,0.49811751893751266,1,0.49811751893751266,0.5574125973956512,False,False,False
11,359,590,112,0.03197881206870079,3.392705682782019,0.8266468411411657,0.25553052959281786,0.5410886853669918,1,0.5410886853669918,0.5574125973956512,False,False,False
11,360,590,112,0.030946798622608185,3.392705682782019,0.7924744030786749,0.25553052959281786,0.5240024663357463,1,0.5240024663357463,0.5574125973956512,False,False,False
11,361,590,112,0.03031526319682598,3.392705682782019,0.7715627518753683,0.25553052959281786,0.5135466407340931,1,0.5135466407340931,0.5574125973956512,False,False,False
11,362,590,112,0.031783804297447205,3.392705682782019,0.8201896665664562,0.25553052959281786,0.5378600980796371,1,0.5378600980796371,0.5574125973956512,False,False,False
11,363,590,112,0.030748868361115456,3.392705682782019,0.7859204578494129,0.25553052959281786,0.5207254937211154,1,0.5207254937211154,0.5574125973956512,False,False,False
11,364,590,112,0.031700342893600464,3.392705682782019,0.8174260594987771,0.25553052959281786,0.5364782945457975,1,0.5364782945457975,0.5574125973956512,False,False,False
11,365,590,112,0.028917551040649414,3.392705682782019,0.7252811532518479,0.25553052959281786,0.4904058414223329,1,0.4904058414223329,0.5574125973956512,False,False,False
11,366,590,112,0.029539884999394417,3.392705682782019,0.7458881218334278,0.25553052959281786,0.5007093257131228,1,0.5007093257131228,0.5574125973956512,False,False,False
11,367,590,112,0.02989313378930092,3.392705682782019,0.7575850357054652,0.25553052959281786,0.5065577826491415,1,0.5065577826491415,0.5574125973956512,False,False,False
11,368,590,112,0.029636560007929802,3.392705682782019,0.7490892630141694,0.25553052959281786,0.5023098963034937,1,0.5023098963034937,0.5574125973956512,False,False,False
11,369,590,112,0.029916539788246155,3.392705682782019,0.7583600644149022,0.25553052959281786,0.50694529700386,1,0.50694529700386,0.5574125973956512,False,False,False
11,370,590,112,0.030164575204253197,3.392705682782019,0.7665731113697615,0.25553052959281786,0.5110518204812897,1,0.5110518204812897,0.5574125973956512,False,False,False
11,371,590,112,0.02966805174946785,3.392705682782019,0.7501320300355329,0.25553052959281786,0.5028312798141754,1,0.5028312798141754,0.5574125973956512,False,False,False
11,372,590,112,0.03008446842432022,3.392705682782019,0.7639205839380603,0.25553052959281786,0.5097255567654391,1,0.5097255567654391,0.5574125973956512,False,False,False
11,373,590,112,0.030365262180566788,3.392705682782019,0.7732183380322534,0.25553052959281786,0.5143744338125356,1,0.5143744338125356,0.5574125973956512,False,False,False
11,374,590,112,0.030839208513498306,3.392705682782019,0.7889118367636582,0.25553052959281786,0.522221183178238,1,0.522221183178238,0.5574125973956512,False,False,False
11,375,590,112,0.031247980892658234,3.392705682782019,0.8024472697189049,0.25553052959281786,0.5289888996558614,1,0.5289888996558614,0.5574125973956512,False,False,False
11,376,590,112,0.030411487445235252,3.392705682782019,0.774748967308244,0.25553052959281786,0.5151397484505309,1,0.5151397484505309,0.5574125973956512,False,False,False
11,377,590,112,0.02834063209593296,3.392705682782019,0.7061779846060865,0.25553052959281786,0.4808542570994522,1,0.4808542570994522,0.5574125973956512,False,False,False
11,378,590,112,0.030043018981814384,3.392705682782019,0.762548093577476,0.25553052959281786,0.5090393115851469,1,0.5090393115851469,0.5574125973956512,False,False,False
11,379,590,112,0.02895425260066986,3.392705682782019,0.7264964298466869,0.25553052959281786,0.4910134797197524,1,0.4910134797197524,0.5574125973956512,False,False,False
11,380,590,112,0.032349612563848495,3.392705682782019,0.8389249340303148,0.25553052959281786,0.5472277318115664,1,0.5472277318115664,0.5574125973956512,False,False,False
11,381,590,112,0.03214750811457634,3.392705682782019,0.8322327714416823,0.25553052959281786,0.5438816505172501,1,0.5438816505172501,0.5574125973956512,False,False,False
11,382,590,112,0.030417313799262047,3.392705682782019,0.7749418918509083,0.25553052959281786,0.5152362107218631,1,0.5152362107218631,0.5574125973956512,False,False,False
11,383,590,112,0.03118450567126274,3.392705682782019,0.8003454530421426,0.25553052959281786,0.5279379913174802,1,0.5279379913174802,0.5574125973956512,False,False,False
11,384,590,112,0.029524456709623337,3.392705682782019,0.7453772541905608,0.25553052959281786,0.5004538918916893,1,0.5004538918916893,0.5574125973956512,False,False,False
11,385,590,112,0.03027433343231678,3.392705682782019,0.7702074692984807,0.25553052959281786,0.5128689994456492,1,0.5128689994456492,0.5574125973956512,False,False,False
11,386,590,112,0.030565975233912468,3.392705682782019,0.7798644281677624,0.25553052959281786,0.5176974788802902,1,0.5176974788802902,0.5574125973956512,False,False,False
11,387,590,112,0.030067581683397293,3.392705682782019,0.763361423482883,0.25553052959281786,0.5094459765378505,1,0.5094459765378505,0.5574125973956512,False,False,False
11,388,590,112,0.031201692298054695,3.392705682782019,0.8009145434370156,0.25553052959281786,0.5282225365149167,1,0.5282225365149167,0.5574125973956512,False,False,False
11,389,590,112,0.029053300619125366,3.392705682782019,0.7297761470719792,0.25553052959281786,0.49265333833239855,1,0.49265333833239855,0.5574125973956512,False,False,False
11,390,590,112,0.031212734058499336,3.392705682782019,0.8012801625830879,0.25553052959281786,0.5284053460879529,1,0.5284053460879529,0.5574125973956512,False,False,False
11,391,590,112,0.03192393481731415,3.392705682782019,0.8248297238534501,0.25553052959281786,0.540180126723134,1,0.540180126723134,0.5574125973956512,False,False,False
11,392,590,112,0.03219905495643616,3.392705682782019,0.8339396108897931,0.25553052959281786,0.5447350702413054,1,0.5447350702413054,0.5574125973956512,False,False,False
11,393,590,112,0.032563649117946625,3.392705682782019,0.8460121972008867,0.25553052959281786,0.5507713633968523,1,0.5507713633968523,0.5574125973956512,False,False,False
11,394,590,112,0.02981583960354328,3.392705682782019,0.755025640006316,0.25553052959281786,0.5052780847995669,1,0.5052780847995669,0.5574125973956512,False,False,False
11,395,590,112,0.02984968200325966,3.392705682782019,0.7561462429525011,0.25553052959281786,0.5058383862726594,1,0.5058383862726594,0.5574125973956512,False,False,False
11,396,590,112,0.03030974790453911,3.392705682782019,0.7713801273322645,0.25553052959281786,0.5134553284625412,1,0.5134553284625412,0.5574125973956512,False,False,False
11,397,590,112,0.030869010835886,3.392705682782019,0.7898986630688462,0.25553052959281786,0.522714596330832,1,0.522714596330832,0.5574125973956512,False,False,False
11,398,590,112,0.030574895441532135,3.392705682782019,0.7801597976162339,0.25553052959281786,0.5178451636045258,1,0.5178451636045258,0.5574125973956512,False,False,False
11,399,590,112,0.031338226050138474,3.392705682782019,0.8054355031243022,0.25553052959281786,0.5304830163585601,1,0.5304830163585601,0.5574125973956512,False,False,False
11,400,590,112,0.03032892756164074,3.392705682782019,0.7720152117362971,0.25553052959281786,0.5137728706645575,1,0.5137728706645575,0.5574125973956512,False,False,False
11,401,590,112,0.03129182010889053,3.392705682782019,0.8038988912138364,0.25553052959281786,0.5297147104033271,1,0.5297147104033271,0.5574125973956512,False,False,False
11,402,590,112,0.029587287455797195,3.392705682782019,0.7474577307484733,0.25553052959281786,0.5014941301706456,1,0.5014941301706456,0.5574125973956512,False,False,False
11,403,590,112,0.031246135011315346,3.392705682782019,0.8023861481646273,0.25553052959281786,0.5289583388787226,1,0.5289583388787226,0.5574125973956512,False,False,False
11,404,590,112,0.030352124944329262,3.392705682782019,0.7727833326615977,0.25553052959281786,0.5141569311272078,1,0.5141569311272078,0.5574125973956512,False,False,False
11,405,590,112,0.031573258340358734,3.392705682782019,0.8132179854268793,0.25553052959281786,0.5343742575098486,1,0.5343742575098486,0.5574125973956512,False,False,False
11,406,590,112,0.030229035764932632,3.392705682782019,0.7687075549912391,0.25553052959281786,0.5121190422920285,1,0.5121190422920285,0.5574125973956512,False,False,False
11,407,590,112,0.029703564941883087,3.392705682782019,0.7513079569314525,0.25553052959281786,0.5034192432621352,1,0.5034192432621352,0.5574125973956512,False,False,False
11,408,590,112,0.031011272221803665,3.392705682782019,0.7946092784366611,0.25553052959281786,0.5250699040147395,1,0.5250699040147395,0.5574125973956512,False,False,False
11,409,590,112,0.029975559562444687,3.392705682782019,0.7603143505590388,0.25553052959281786,0.5079224400759283,1,0.5079224400759283,0.5574125973956512,False,False,False
11,410,590,112,0.030218489468097687,3.392705682782019,0.7683583418324906,0.25553052959281786,0.5119444357126542,1,0.5119444357126542,0.5574125973956512,False,False,False
11,411,590,112,0.02989199198782444,3.392705682782019,0.7575472279226476,0.25553052959281786,0.5065388787577327,1,0.5065388787577327,0.5574125973956512,False,False,False
11,412,590,112,0.029164638370275497,3.392705682782019,0.7334628067948734,0.25553052959281786,0.49449666819384563,1,0.49449666819384563,0.5574125973956512,False,False,False
11,413,590,112,0.029246242716908455,3.392705682782019,0.7361649222484105,0.25553052959281786,0.49584772592061416,1,0.49584772592061416,0.5574125973956512,False,False,False
11,414,590,112,0.029245058074593544,3.392705682782019,0.7361256959027792,0.25553052959281786,0.49582811274779853,1,0.49582811274779853,0.5574125973956512,False,False,False
11,415,590,112,0.030748020857572556,3.392705682782019,0.7858923949763592,0.25553052959281786,0.5207114622845885,1,0.5207114622845885,0.5574125973956512,False,False,False
11,416,590,112,0.031103068962693214,3.392705682782019,0.7976488884865723,0.25553052959281786,0.5265897090396952,1,0.5265897090396952,0.5574125973956512,False,False,False
11,417,590,112,0.031036432832479477,3.392705682782019,0.795442406544816,0.25553052959281786,0.5254864680688169,1,0.5254864680688169,0.5574125973956512,False,False,False
11,418,590,112,0.029928283765912056,3.392705682782019,0.7587489356557904,0.25553052959281786,0.5071397326243041,1,0.5071397326243041,0.5574125973956512,False,False,False
11,419,590,112,0.03035171516239643,3.392705682782019,0.7727697637999014,0.25553052959281786,0.5141501466963596,1,0.5141501466963596,0.5574125973956512,False,False,False
11,420,590,112,0.030769387260079384,3.392705682782019,0.7865998877605349,0.25553052959281786,0.5210652086766764,1,0.5210652086766764,0.5574125973956512,False,False,False
11,421,590,112,0.029836665838956833,3.392705682782019,0.7557152465637103,0.25553052959281786,0.505622888078264,1,0.505622888078264,0.5574125973956512,False,False,False
11,422,590,112,0.028711821883916855,3.392705682782019,0.7184689679138471,0.25553052959281786,0.48699974875333246,1,0.48699974875333246,0.5574125973956512,False,False,False
11,423,590,112,0.030132094398140907,3.392705682782019,0.7654975940503947,0.25553052959281786,0.5105140618216063,1,0.5105140618216063,0.5574125973956512,False,False,False
11,424,590,112,0.030240288004279137,3.392705682782019,0.7690801435980916,0.25553052959281786,0.5123053365954547,1,0.5123053365954547,0.5574125973956512,False,False,False
11,425,590,112,0.030035346746444702,3.392705682782019,0.7622940474805341,0.25553052959281786,0.5089122885366759,1,0.5089122885366759,0.5574125973956512,False,False,False
11,426,590,112,0.028601372614502907,3.392705682782019,0.7148117279501762,0.25553052959281786,0.48517112877149704,1,0.48517112877149704,0.5574125973956512,False,False,False
11,427,590,112,0.027764879167079926,3.392705682782019,0.6871134255395155,0.25553052959281786,0.47132197756616667,1,0.47132197756616667,0.5574125973956512,False,False,False
11,428,590,112,0.027905965223908424,3.392705682782019,0.6917851229449195,0.25553052959281786,0.47365782626886865,1,0.47365782626886865,0.5574125973956512,False,False,False
11,429,590,112,0.02721434272825718,3.392705682782019,0.6688838448804216,0.25553052959281786,0.46220718723661974,1,0.46220718723661974,0.5574125973956512,False,False,False
11,430,590,112,0.02985699474811554,3.392705682782019,0.7563883854571366,0.25553052959281786,0.5059594575249773,1,0.5059594575249773,0.5574125973956512,False,False,False
11,431,590,112,0.029281174764037132,3.392705682782019,0.7373216060313789,0.25553052959281786,0.49642606781209836,1,0.49642606781209836,0.5574125973956512,False,False,False
11,432,590,112,0.03022020310163498,3.392705682782019,0.768415084345039,0.25553052959281786,0.5119728069689284,1,0.5119728069689284,0.5574125973956512,False,False,False
11,433,590,112,0.028258776292204857,3.392705682782019,0.7034675428055994,0.25553052959281786,0.47949903619920864,1,0.47949903619920864,0.5574125973956512,False,False,False
11,434,590,112,0.02964836359024048,3.392705682782019,0.749480107907668,0.25553052959281786,0.5025053187502428,1,0.5025053187502428,0.5574125973956512,False,False,False
11,435,590,112,0.029437946155667305,3.392705682782019,0.7425126824565322,0.25553052959281786,0.49902160602467505,1,0.49902160602467505,0.5574125973956512,False,False,False
11,436,590,112,0.030970461666584015,3.392705682782019,0.7932579431649942,0.25553052959281786,0.524394236378906,1,0.524394236378906,0.5574125973956512,False,False,False
11,437,590,112,0.03006029687821865,3.392705682782019,0.7631202061279088,0.25553052959281786,0.5093253678603633,1,0.5093253678603633,0.5574125973956512,False,False,False
11,438,590,112,0.029231077060103416,3.392705682782019,0.7356627510123579,0.25553052959281786,0.4955966403025879,1,0.4955966403025879,0.5574125973956512,False,False,False
11,439,590,112,0.029227610677480698,3.392705682782019,0.7355479707777357,0.25553052959281786,0.4955392501852768,1,0.4955392501852768,0.5574125973956512,False,False,False
11,440,590,112,0.02786637283861637,3.392705682782019,0.6904741241984772,0.25553052959281786,0.47300232689564753,1,0.47300232689564753,0.5574125973956512,False,False,False
11,441,590,112,0.028410067781805992,3.392705682782019,0.7084771665438864,0.25553052959281786,0.4820038480683521,1,0.4820038480683521,0.5574125973956512,False,False,False
11,442,590,112,0.030362538993358612,3.392705682782019,0.7731281667786168,0.25553052959281786,0.5143293481857174,1,0.5143293481857174,0.5574125973956512,False,False,False
11,443,590,112,0.02957555465400219,3.392705682782019,0.7470692295674496,0.25553052959281786,0.5012998795801338,1,0.5012998795801338,0.5574125973956512,False,False,False
11,444,590,112,0.030302666127681732,3.392705682782019,0.7711456327314942,0.25553052959281786,0.513338081162156,1,0.513338081162156,0.5574125973956512,False,False,False
11,445,590,112,0.029920578002929688,3.392705682782019,0.7584937793792551,0.25553052959281786,0.5070121544860364,1,0.5070121544860364,0.5574125973956512,False,False,False
11,446,590,112,0.03038136474788189,3.392705682782019,0.7737515326202753,0.25553052959281786,0.5146410311065466,1,0.5146410311065466,0.5574125973956512,False,False,False
11,447,590,112,0.031941842287778854,3.392705682782019,0.82542268310958,0.25553052959281786,0.540476606351199,1,0.540476606351199,0.5574125973956512,False,False,False
11,448,590,112,0.029294835403561592,3.392705682782019,0.7377739425390194,0.25553052959281786,0.49665223606591863,1,0.49665223606591863,0.5574125973956512,False,False,False
11,449,590,112,0.030186370015144348,3.392705682782019,0.7672947897820743,0.25553052959281786,0.5114126596874461,1,0.5114126596874461,0.5574125973956512,False,False,False
11,450,590,112,0.029585879296064377,3.392705682782019,0.7474111032055532,0.25553052959281786,0.5014708163991854,1,0.5014708163991854,0.5574125973956512,False,False,False
11,451,590,112,0.029566790908575058,3.392705682782019,0.7467790409570803,0.25553052959281786,0.501154785274949,1,0.501154785274949,0.5574125973956512,False,False,False
11,452,590,112,0.030855892226099968,3.392705682782019,0.7894642744646312,0.25553052959281786,0.5224974020287245,1,0.5224974020287245,0.5574125973956512,False,False,False
11,453,590,112,0.030205367133021355,3.392705682782019,0.7679238298749875,0.25553052959281786,0.5117271797339027,1,0.5117271797339027,0.5574125973956512,False,False,False
11,454,590,112,0.028952863067388535,3.392705682782019,0.7264504190702076,0.25553052959281786,0.4909904743315127,1,0.4909904743315127,0.5574125973956512,False,False,False
11,455,590,112,0.028964808210730553,3.392705682782019,0.7268459513886557,0.25553052959281786,0.4911882404907368,1,0.4911882404907368,0.5574125973956512,False,False,False
11,456,590,112,0.02963929809629917,3.392705682782019,0.7491799276809586,0.25553052959281786,0.5023552286368882,1,0.5023552286368882,0.5574125973956512,False,False,False
11,457,590,112,0.032641083002090454,3.392705682782019,0.8485762186483414,0.25553052959281786,0.5520533741205796,1,0.5520533741205796,0.5574125973956512,False,False,False
11,458,590,112,0.03210005536675453,3.392705682782019,0.8306614972572467,0.25553052959281786,0.5430960134250322,1,0.5430960134250322,0.5574125973956512,False,False,False
11,459,590,112,0.030310047790408134,3.392705682782019,0.7713900572719604,0.25553052959281786,0.5134602934323891,1,0.5134602934323891,0.5574125973956512,False,False,False
11,460,590,112,0.029375173151493073,3.392705682782019,0.7404341178745859,0.25553052959281786,0.4979823237337019,1,0.4979823237337019,0.5574125973956512,False,False,False
11,461,590,112,0.02932065911591053,3.392705682782019,0.7386290275324648,0.25553052959281786,0.49707977856264135,1,0.49707977856264135,0.5574125973956512,False,False,False
11,462,590,112,0.029105987399816513,3.392705682782019,0.7315207326262635,0.25553052959281786,0.4935256311095407,1,0.4935256311095407,0.5574125973956512,False,False,False
11,463,590,112,0.029294094070792198,3.392705682782019,0.7377493952346779,0.25553052959281786,0.49663996241374786,1,0.49663996241374786,0.5574125973956512,False,False,False
11,464,590,112,0.027589773759245872,3.392705682782019,0.6813152659067393,0.25553052959281786,0.4684228977497786,1,0.4684228977497786,0.5574125973956512,False,False,False
11,465,590,112,0.029272357001900673,3.392705682782019,0.7370296287983314,0.25553052959281786,0.49628007919557465,1,0.49628007919557465,0.5574125973956512,False,False,False
11,466,590,112,0.028886308893561363,3.392705682782019,0.7242466509007905,0.25553052959281786,0.4898885902468042,1,0.4898885902468042,0.5574125973956512,False,False,False
11,467,590,112,0.029168078675866127,3.392705682782019,0.7335767235564786,0.25553052959281786,0.49455362657464824,1,0.49455362657464824,0.5574125973956512,False,False,False
11,468,590,112,0.030053656548261642,3.392705682782019,0.762900328891784,0.25553052959281786,0.509215429242301,1,0.509215429242301,0.5574125973956512,False,False,False
11,469,590,112,0.030039077624678612,3.392705682782019,0.7624175857986148,0.25553052959281786,0.5089740576957164,1,0.5089740576957164,0.5574125973956512,False,False,False
11,470,590,112,0.029659230262041092,3.392705682782019,0.7498399294491972,0.25553052959281786,0.5026852295210076,1,0.5026852295210076,0.5574125973956512,False,False,False
11,471,590,112,0.029641499742865562,3.392705682782019,0.7492528294742544,0.25553052959281786,0.5023916795335361,1,0.5023916795335361,0.5574125973956512,False,False,False
11,472,590,112,0.030214395374059677,3.392705682782019,0.7682227765688154,0.25553052959281786,0.5118766530808166,1,0.5118766530808166,0.5574125973956512,False,False,False
11,473,590,112,0.0311661995947361,3.392705682782019,0.7997392949841808,0.25553052959281786,0.5276349122884993,1,0.5276349122884993,0.5574125973956512,False,False,False
11,474,590,112,0.03138624131679535,3.392705682782019,0.8070254036552482,0.25553052959281786,0.531277966624033,1,0.531277966624033,0.5574125973956512,False,False,False
11,475,590,112,0.03396976739168167,3.392705682782019,0.8925721425191142,0.25553052959281786,0.574051336055966,1,0.574051336055966,0.5574125973956512,True,False,False
11,476,590,112,0.03355460613965988,3.392705682782019,0.8788251586746929,0.25553052959281786,0.5671778441337554,1,0.5671778441337554,0.5574125973956512,True,False,False
11,477,590,112,0.030469665303826332,3.392705682782019,0.7766753756092591,0.25553052959281786,0.5161029526010386,1,0.5161029526010386,0.5574125973956512,False,False,False
11,478,590,112,0.03102693520486355,3.392705682782019,0.7951279173366814,0.25553052959281786,0.5253292234647496,1,0.5253292234647496,0.5574125973956512,False,False,False
11,479,590,112,0.031270578503608704,3.392705682782019,0.8031955307648136,0.25553052959281786,0.5293630301788157,1,0.5293630301788157,0.5574125973956512,False,False,False
11,480,590,112,0.031139900907874107,3.392705682782019,0.7988684824464966,0.25553052959281786,0.5271995060196573,1,0.5271995060196573,0.5574125973956512,False,False,False
11,481,590,112,0.030867600813508034,3.392705682782019,0.789851973849282,0.25553052959281786,0.5226912517210499,1,0.5226912517210499,0.5574125973956512,False,False,False
11,482,590,112,0.030731625854969025,3.392705682782019,0.7853495171552176,0.25553052959281786,0.5204400233740177,1,0.5204400233740177,0.5574125973956512,False,False,False
11,483,590,112,0.029593296349048615,3.392705682782019,0.7476566996022569,0.25553052959281786,0.5015936145975374,1,0.5015936145975374,0.5574125973956512,False,False,False
11,484,590,112,0.02925609052181244,3.392705682782019,0.7364910066656309,0.25553052959281786,0.4960107681292244,1,0.4960107681292244,0.5574125973956512,False,False,False
11,485,590,112,0.028773430734872818,3.392705682782019,0.7205089845932469,0.25553052959281786,0.48801975709303236,1,0.48801975709303236,0.5574125973956512,False,False,False
11,486,590,112,0.031183850020170212,3.392705682782019,0.8003237428634284,0.25553052959281786,0.5279271362281232,1,0.5279271362281232,0.5574125973956512,False,False,False
11,487,590,112,0.029383430257439613,3.392705682782019,0.740707530437767,0.25553052959281786,0.49811903001529245,1,0.49811903001529245,0.5574125973956512,False,False,False
11,488,590,112,0.02947588637471199,3.392705682782019,0.7437689740196806,0.25553052959281786,0.4996497518062492,1,0.4996497518062492,0.5574125973956512,False,False,False
11,489,590,112,0.029713960364460945,3.392705682782019,0.7516521742820308,0.25553052959281786,0.5035913519374243,1,0.5035913519374243,0.5574125973956512,False,False,False
11,490,590,112,0.0318567268550396,3.392705682782019,0.822604307181963,0.25553052959281786,0.5390674183873905,1,0.5390674183873905,0.5574125973956512,False,False,False
11,491,590,112,0.03234923630952835,3.392705682782019,0.8389124753482117,0.25553052959281786,0.5472215024705147,1,0.5472215024705147,0.5574125973956512,False,False,False
11,492,590,112,0.031109333038330078,3.392705682782019,0.797856307040594,0.25553052959281786,0.5266934183167059,1,0.5266934183167059,0.5574125973956512,False,False,False
11,493,590,112,0.03054441697895527,3.392705682782019,0.779150582689247,0.25553052959281786,0.5173405561410325,1,0.5173405561410325,0.5574125973956512,False,False,False
11,494,590,112,0.03147267550230026,3.392705682782019,0.8098874466468697,0.25553052959281786,0.5327089881198438,1,0.5327089881198438,0.5574125973956512,False,False,False
11,495,590,112,0.031137414276599884,3.392705682782019,0.7987861441266574,0.25553052959281786,0.5271583368597377,1,0.5271583368597377,0.5574125973956512,False,False,False
11,496,590,112,0.02976563572883606,3.392705682782019,0.7533632694185828,0.25553052959281786,0.5044468995057003,1,0.5044468995057003,0.5574125973956512,False,False,False
11,497,590,112,0.03080582059919834,3.392705682782019,0.7878062829186272,0.25553052959281786,0.5216684062557225,1,0.5216684062557225,0.5574125973956512,False,False,False
11,498,590,112,0.029220199212431908,3.392705682782019,0.7353025594109642,0.25553052959281786,0.49541654450189104,1,0.49541654450189104,0.5574125973956512,False,False,False
11,499,590,112,0.028873005881905556,3.392705682782019,0.7238061563088123,0.25553052959281786,0.48966834295081507,1,0.48966834295081507,0.5574125973956512,False,False,False
11,500,590,112,0.029378732666373253,3.392705682782019,0.7405519819414118,0.25553052959281786,0.49804125576711483,1,0.49804125576711483,0.5574125973956512,False,False,False
11,501,590,112,0.029519973322749138,3.392705682782019,0.7452287985082741,0.25553052959281786,0.500379664050546,1,0.500379664050546,0.5574125973956512,False,False,False
11,502,590,112,0.029574580490589142,3.392705682782019,0.7470369726825988,0.25553052959281786,0.5012837511377084,1,0.5012837511377084,0.5574125973956512,False,False,False
11,503,590,112,0.030115623027086258,3.392705682782019,0.7649521874868461,0.25553052959281786,0.510241358539832,1,0.510241358539832,0.5574125973956512,False,False,False
11,504,590,112,0.028253819793462753,3.392705682782019,0.7033034212557179,0.25553052959281786,0.47941697542426787,1,0.47941697542426787,0.5574125973956512,False,False,False
11,505,590,112,0.029661716893315315,3.392705682782019,0.7499222677690363,0.25553052959281786,0.5027263986809271,1,0.5027263986809271,0.5574125973956512,False,False,False
11,506,590,112,0.028661586344242096,3.392705682782019,0.7168055488231645,0.25553052959281786,0.4861680392079912,1,0.4861680392079912,0.5574125973956512,False,False,False
11,507,590,112,0.030025823041796684,3.392705682782019,0.7619786947993825,0.25553052959281786,0.5087546121961002,1,0.5087546121961002,0.5574125973956512,False,False,False
11,508,590,112,0.028471799567341805,3.392705682782019,0.7105212538817951,0.25553052959281786,0.4830258917373065,1,0.4830258917373065,0.5574125973956512,False,False,False
11,509,590,112,0.03040912374854088,3.392705682782019,0.7746706996469138,0.25553052959281786,0.5151006146198658,1,0.5151006146198658,0.5574125973956512,False,False,False
11,510,590,112,0.030055034905672073,3.392705682782019,0.762945969608399,0.25553052959281786,0.5092382496006085,1,0.5092382496006085,0.5574125973956512,False,False,False
11,511,590,112,0.02916363999247551,3.392705682782019,0.7334297481136497,0.25553052959281786,0.4944801388532338,1,0.4944801388532338,0.5574125973956512,False,False,False
11,512,590,112,0.029997896403074265,3.392705682782019,0.7610539768747773,0.25553052959281786,0.5082922532337976,1,0.5082922532337976,0.5574125973956512,False,False,False
11,513,590,112,0.02889622002840042,3.392705682782019,0.7245748323239096,0.25553052959281786,0.49005268095836374,1,0.49005268095836374,0.5574125973956512,False,False,False
11,514,590,112,0.030443495139479637,3.392705682782019,0.775808818760016,0.25553052959281786,0.5156696741764168,1,0.5156696741764168,0.5574125973956512,False,False,False
11,515,590,112,0.02926664613187313,3.392705682782019,0.7368405282075997,0.25553052959281786,0.4961855289002088,1,0.4961855289002088,0.5574125973956512,False,False,False
11,516,590,112,0.029176505282521248,3.392705682782019,0.7338557486942705,0.25553052959281786,0.4946931391435442,1,0.4946931391435442,0.5574125973956512,False,False,False
11,517,590,112,0.02842428907752037,3.392705682782019,0.7089480677213932,0.25553052959281786,0.4822392986571055,1,0.4822392986571055,0.5574125973956512,False,False,False
11,518,590,112,0.02926858328282833,3.392705682782019,0.7369046719174369,0.25553052959281786,0.4962176007551274,1,0.4962176007551274,0.5574125973956512,False,False,False
11,519,590,112,0.02656720019876957,3.392705682782019,0.6474554050764169,0.25553052959281786,0.45149296733461736,1,0.45149296733461736,0.5574125973956512,False,False,False
11,520,590,112,0.029300056397914886,3.392705682782019,0.7379468221723595,0.25553052959281786,0.4967386758825887,1,0.4967386758825887,0.5574125973956512,False,False,False
11,521,590,112,0.03151249885559082,3.392705682782019,0.8112060932971772,0.25553052959281786,0.5333683114449975,1,0.5333683114449975,0.5574125973956512,False,False,False
11,522,590,112,0.028471093624830246,3.392705682782019,0.7104978784336909,0.25553052959281786,0.4830142040132544,1,0.4830142040132544,0.5574125973956512,False,False,False
11,523,590,112,0.02811831422150135,3.392705682782019,0.6988165070759603,0.25553052959281786,0.4771735183343891,1,0.4771735183343891,0.5574125973956512,False,False,False
11,524,590,112,0.03055829182267189,3.392705682782019,0.779610012010956,0.25553052959281786,0.517570270801887,1,0.517570270801887,0.5574125973956512,False,False,False
11,525,590,112,0.029550563544034958,3.392705682782019,0.7462417140339054,0.25553052959281786,0.5008861218133616,1,0.5008861218133616,0.5574125973956512,False,False,False
11,526,590,112,0.032438669353723526,3.392705682782019,0.8418738177367927,0.25553052959281786,0.5487021736648052,1,0.5487021736648052,0.5574125973956512,False,False,False
11,527,590,112,0.03128442168235779,3.392705682782019,0.8036539115835735,0.25553052959281786,0.5295922205881957,1,0.5295922205881957,0.5574125973956512,False,False,False
11,528,590,112,0.03143656253814697,3.392705682782019,0.8086916598715582,0.25553052959281786,0.5321110947321881,1,0.5321110947321881,0.5574125973956512,False,False,False
11,529,590,112,0.032858677208423615,3.392705682782019,0.8557812842090954,0.25553052959281786,0.5556559069009566,1,0.5556559069009566,0.5574125973956512,False,False,False
11,530,590,112,0.031193815171718597,3.392705682782019,0.8006537129092257,0.25553052959281786,0.5280921212510218,1,0.5280921212510218,0.5574125973956512,False,False,False
11,531,590,112,0.03118894062936306,3.392705682782019,0.8004923051316833,0.25553052959281786,0.5280114173622505,1,0.5280114173622505,0.5574125973956512,False,False,False
11,532,590,112,0.03055209293961525,3.392705682782019,0.779404752139477,0.25553052959281786,0.5174676408661474,1,0.5174676408661474,0.5574125973956512,False,False,False
11,533,590,112,0.028841277584433556,3.392705682782019,0.7227555563536515,0.25553052959281786,0.4891430429732347,1,0.4891430429732347,0.5574125973956512,False,False,False
11,534,590,112,0.029415205121040344,3.392705682782019,0.7417596723090297,0.25553052959281786,0.4986451009509238,1,0.4986451009509238,0.5574125973956512,False,False,False
11,535,590,112,0.030302630737423897,3.392705682782019,0.7711444608752568,0.25553052959281786,0.5133374952340373,1,0.5133374952340373,0.5574125973956512,False,False,False
11,536,590,112,0.02963974140584469,3.392705682782019,0.7491946067222482,0.25553052959281786,0.502362568157533,1,0.502362568157533,0.5574125973956512,False,False,False
11,537,590,112,0.03132125362753868,3.392705682782019,0.8048735055434977,0.25553052959281786,0.5302020175681578,1,0.5302020175681578,0.5574125973956512,False,False,False
11,538,590,112,0.030949870124459267,3.392705682782019,0.7925761078647534,0.25553052959281786,0.5240533187287857,1,0.5240533187287857,0.5574125973956512,False,False,False
11,539,590,112,0.029490629211068153,3.392705682782019,0.7442571446575282,0.25553052959281786,0.49989383712517305,1,0.49989383712517305,0.5574125973956512,False,False,False
11,540,590,112,0.0308034960180521,3.392705682782019,0.7877293104668225,0.25553052959281786,0.5216299200298202,1,0.5216299200298202,0.5574125973956512,False,False,False
11,541,590,112,0.030544357374310493,3.392705682782019,0.7791486090366366,0.25553052959281786,0.5173395693147272,1,0.5173395693147272,0.5574125973956512,False,False,False
11,542,590,112,0.029929988086223602,3.392705682782019,0.7588053697851183,0.25553052959281786,0.5071679496889681,1,0.5071679496889681,0.5574125973956512,False,False,False
11,543,590,112,0.03150046616792679,3.392705682782019,0.8108076621764576,0.25553052959281786,0.5331690958846378,1,0.5331690958846378,0.5574125973956512,False,False,False
11,544,590,112,0.030172422528266907,3.392705682782019,0.7668329550712464,0.25553052959281786,0.5111817423320322,1,0.5111817423320322,0.5574125973956512,False,False,False
11,545,590,112,0.029430070891976357,3.392705682782019,0.7422519136053862,0.25553052959281786,0.49889122159910204,1,0.49889122159910204,0.5574125973956512,False,False,False
11,546,590,112,0.028754884377121925,3.392705682782019,0.7198948702481996,0.25553052959281786,0.48771269992050875,1,0.48771269992050875,0.5574125973956512,False,False,False
11,547,590,112,0.02806788869202137,3.392705682782019,0.6971467969675822,0.25553052959281786,0.4763386632802,1,0.4763386632802,0.5574125973956512,False,False,False
11,548,590,112,0.028332827612757683,3.392705682782019,0.7059195594674154,0.25553052959281786,0.4807250445301166,1,0.4807250445301166,0.5574125973956512,False,False,False
11,549,590,112,0.02834009937942028,3.392705682782019,0.7061603450858812,0.25553052959281786,0.48084543733934954,1,0.48084543733934954,0.5574125973956512,False,False,False
11,550,590,112,0.028125345706939697,3.392705682782019,0.6990493364073406,0.25553052959281786,0.4772899330000792,1,0.4772899330000792,0.5574125973956512,False,False,False
11,551,590,112,0.028868669643998146,3.392705682782019,0.7236625730814074,0.25553052959281786,0.4895965513371126,1,0.4895965513371126,0.5574125973956512,False,False,False
11,552,590,112,0.028346579521894455,3.392705682782019,0.7063749181306155,0.25553052959281786,0.48095272386171667,1,0.48095272386171667,0.5574125973956512,False,False,False
11,553,590,112,0.028310155496001244,3.392705682782019,0.7051688313557436,0.25553052959281786,0.4803496804742807,1,0.4803496804742807,0.5574125973956512,False,False,False
11,554,590,112,0.028271861374378204,3.392705682782019,0.703900821230221,0.25553052959281786,0.47971567541151944,1,0.47971567541151944,0.5574125973956512,False,False,False
11,555,590,112,0.026944760233163834,3.392705682782019,0.6599573225069114,0.25553052959281786,0.45774392604986464,1,0.45774392604986464,0.5574125973956512,False,False,False
11,556,590,112,0.02772761508822441,3.392705682782019,0.685879522598166,0.25553052959281786,0.4707050260954919,1,0.4707050260954919,0.5574125973956512,False,False,False
11,557,590,112,0.02736043743789196,3.392705682782019,0.6737213907817413,0.25553052959281786,0.4646259601872796,1,0.4646259601872796,0.5574125973956512,False,False,False
11,558,590,112,0.026482906192541122,3.392705682782019,0.6446642285488368,0.25553052959281786,0.4500973790708273,1,0.4500973790708273,0.5574125973956512,False,False,False
11,559,590,112,0.02801777981221676,3.392705682782019,0.6954875718886967,0.25553052959281786,0.4755090507407573,1,0.4755090507407573,0.5574125973956512,False,False,False
11,560,590,112,0.02749355137348175,3.392705682782019,0.6781291121505076,0.25553052959281786,0.46682982087166275,1,0.46682982087166275,0.5574125973956512,False,False,False
11,561,590,112,0.02518349513411522,3.392705682782019,0.6016376148163348,0.25553052959281786,0.42858407220457634,1,0.42858407220457634,0.5574125973956512,False,False,False
11,562,590,112,0.026201728731393814,3.392705682782019,0.6353537690659643,0.25553052959281786,0.4454421493293911,1,0.4454421493293911,0.5574125973956512,False,False,False
11,563,590,112,0.0272782351821661,3.392705682782019,0.6709994771254566,0.25553052959281786,0.46326500335913723,1,0.46326500335913723,0.5574125973956512,False,False,False
11,564,590,112,0.02660902589559555,3.392705682782019,0.6488403541191041,0.25553052959281786,0.452185441855961,1,0.452185441855961,0.5574125973956512,False,False,False
11,565,590,112,0.028197141364216805,3.392705682782019,0.7014266626531825,0.25553052959281786,0.4784785961230002,1,0.4784785961230002,0.5574125973956512,False,False,False
11,566,590,112,0.02821395732462406,3.392705682782019,0.7019834793958849,0.25553052959281786,0.4787570044943514,1,0.4787570044943514,0.5574125973956512,False,False,False
11,567,590,112,0.02813555859029293,3.392705682782019,0.6993875094467997,0.25553052959281786,0.4774590195198088,1,0.4774590195198088,0.5574125973956512,False,False,False
11,568,590,112,0.028532272204756737,3.392705682782019,0.7125236478083097,0.25553052959281786,0.48402708870056377,1,0.48402708870056377,0.5574125973956512,False,False,False
11,569,590,112,0.03006807155907154,3.392705682782019,0.7633776444402747,0.25553052959281786,0.5094540870165463,1,0.5094540870165463,0.5574125973956512,False,False,False
11,570,590,112,0.026855627074837685,3.392705682782019,0.6570059100580263,0.25553052959281786,0.4562682198254221,1,0.4562682198254221,0.5574125973956512,False,False,False
11,571,590,112,0.02738441713154316,3.392705682782019,0.6745154158975533,0.25553052959281786,0.46502297274518556,1,0.46502297274518556,0.5574125973956512,False,False,False
11,572,590,112,0.02731025405228138,3.392705682782019,0.6720596986370929,0.25553052959281786,0.4637951141149554,1,0.4637951141149554,0.5574125973956512,False,False,False
11,573,590,112,0.026739276945590973,3.392705682782019,0.6531532784859283,0.25553052959281786,0.4543419040393731,1,0.4543419040393731,0.5574125973956512,False,False,False
11,574,590,112,0.027935687452554703,3.392705682782019,0.6927692971544123,0.25553052959281786,0.47414991337361506,1,0.47414991337361506,0.5574125973956512,False,False,False
11,575,590,112,0.02691986784338951,3.392705682782019,0.6591330758355032,0.25553052959281786,0.4573318027141605,1,0.4573318027141605,0.5574125973956512,False,False,False
11,576,590,112,0.02695576287806034,3.392705682782019,0.660321646443458,0.25553052959281786,0.45792608801813794,1,0.45792608801813794,0.5574125973956512,False,False,False
11,577,590,112,0.028458930552005768,3.392705682782019,0.7100951299478862,0.25553052959281786,0.482812829770352,1,0.482812829770352,0.5574125973956512,False,False,False
11,578,590,112,0.031029777601361275,3.392705682782019,0.7952220358955387,0.25553052959281786,0.5253762827441784,1,0.5253762827441784,0.5574125973956512,False,False,False
11,579,590,112,0.029919929802417755,3.392705682782019,0.7584723159071173,0.25553052959281786,0.5070014227499675,1,0.5070014227499675,0.5574125973956512,False,False,False
11,580,590,112,0.028471564874053,3.392705682782019,0.7105134826246418,0.25553052959281786,0.4830220061087298,1,0.4830220061087298,0.5574125973956512,False,False,False
11,581,590,112,0.02932659536600113,3.392705682782019,0.7388255909971295,0.25553052959281786,0.4971780602949737,1,0.4971780602949737,0.5574125973956512,False,False,False
11,582,590,112,0.029158510267734528,3.392705682782019,0.7332598906358692,0.25553052959281786,0.4943952101143435,1,0.4943952101143435,0.5574125973956512,False,False,False
11,583,590,112,0.031133193522691727,3.392705682782019,0.7986463848511851,0.25553052959281786,0.5270884572220015,1,0.5270884572220015,0.5574125973956512,False,False,False
11,584,590,112,0.02710093930363655,3.392705682782019,0.665128785759249,0.25553052959281786,0.46032965767603345,1,0.46032965767603345,0.5574125973956512,False,False,False
11,585,590,112,0.02701120264828205,3.392705682782019,0.6621573900776839,0.25553052959281786,0.4588439598352509,1,0.4588439598352509,0.5574125973956512,False,False,False
11,586,590,112,0.02733667381107807,3.392705682782019,0.6729345201566421,0.25553052959281786,0.46423252487473,1,0.46423252487473,0.5574125973956512,False,False,False
11,587,590,112,0.02619401551783085,3.392705682782019,0.6350983660828527,0.25553052959281786,0.4453144478378353,1,0.4453144478378353,0.5574125973956512,False,False,False
11,588,590,112,0.02766403742134571,3.392705682782019,0.6837743137059796,0.25553052959281786,0.46965242164939874,1,0.46965242164939874,0.5574125973956512,False,False,False
11,589,590,112,0.026575224474072456,3.392705682782019,0.6477211080590888,0.25553052959281786,0.4516258188259533,1,0.4516258188259533,0.5574125973956512,False,False,False
15,35,815,9,0.03974790871143341,1.2498485399248769,1.0839002469281498,0.04459946604285218,0.564249856485501,0,0.564249856485501,0.5574125973956512,True,False,False
15,36,815,9,0.04318491742014885,1.4403247304010673,1.1977078408732778,0.06334889391396024,0.630528367393619,0,0.630528367393619,0.5574125973956512,True,False,False
15,37,815,10,0.041680965572595596,0.7719617108930088,1.1479083915016945,0.0,0.5739541957508473,0,0.5739541957508473,0.5574125973956512,True,True,True
15,38,815,10,0.044883619993925095,0.9471303364433145,1.2539559534426885,0.014801552155245081,0.6343787527989668,0,0.6343787527989668,0.5574125973956512,True,True,False
15,39,815,10,0.03132515773177147,1.1546104446867815,0.8050027797894773,0.035224752107298134,0.42011376594838773,0,0.42011376594838773,0.5574125973956512,False,False,False
15,40,815,10,0.02039448358118534,1.3927056827820197,0.4430619670932685,0.05866153694618322,0.2508617520197259,0,0.2508617520197259,0.5574125973956512,False,False,False
15,41,815,10,0.021807752549648285,1.6308009208772578,0.48985868904809704,0.08209832178506832,0.28597850541658265,0,0.28597850541658265,0.5574125973956512,False,False,False
15,42,815,10,0.022302987053990364,1.8688961589724957,0.5062570901446264,0.10553510662395339,0.3058960983842899,0,0.3058960983842899,0.5574125973956512,False,False,False
15,43,815,10,0.021674692630767822,2.059372349448686,0.48545275630200896,0.12428453449506145,0.3048686453985352,0,0.3048686453985352,0.5574125973956512,False,False,False
15,44,815,11,0.02099010720849037,1.3910093299406279,0.4627844925988236,0.058494557308654195,0.2606395249537389,0,0.2606395249537389,0.5574125973956512,False,False,False
15,45,815,11,0.020636726170778275,1.518558907871886,0.45108319968505695,0.0710498357685693,0.2610665177268131,0,0.2610665177268131,0.5574125973956512,False,False,False
15,46,815,11,0.02189495787024498,1.6784199684963053,0.49274626617036527,0.08678567875284532,0.2897659724616053,0,0.2897659724616053,0.5574125973956512,False,False,False
15,47,815,12,0.02026214823126793,1.1002059857021695,0.4386800265617253,0.029869476589405274,0.23427475157556527,0,0.23427475157556527,0.5574125973956512,False,False,False
15,48,815,12,0.02034302055835724,1.1665253039298855,0.4413579030941411,0.03639758527565629,0.23887774418489868,0,0.23887774418489868,0.5574125973956512,False,False,False
15,49,815,13,0.02151588723063469,0.8009208772567562,0.48019432898152653,0.00040949768251159193,0.24030191333201906,0,0.24030191333201906,0.5574125973956512,False,False,False
15,50,815,13,0.01932305283844471,0.790702370855044,0.40758432788887855,0.0,0.20379216394443928,0,0.20379216394443928,0.5574125973956512,False,False,False
15,51,815,13,0.01876601204276085,0.8774183125328175,0.38913937238867746,0.007939484193936261,0.19853942829130686,0,0.19853942829130686,0.5574125973956512,False,False,False
15,52,815,13,0.019026419147849083,1.0593723494486862,0.39776207561347793,0.025850038171744086,0.211806056892611,0,0.211806056892611,0.5574125973956512,False,False,False
15,53,815,15,0.02005007676780224,0.8316571751686256,0.4316578322506516,0.003435009686309886,0.21754642096848073,0,0.21754642096848073,0.5574125973956512,False,False,False
15,54,815,16,0.019626809284090996,1.3215800315036954,0.41764243165121906,0.05166031928693346,0.23465137546907627,0,0.23465137546907627,0.5574125973956512,False,False,False
15,55,815,16,0.019485635682940483,1.0307362979118702,0.4129678354435435,0.023031262862029042,0.21799954915278627,0,0.21799954915278627,0.5574125973956512,False,False,False
15,56,815,16,0.018806295469403267,0.8062118825477596,0.39047325317007126,0.0009303151233755137,0.19570178414672337,0,0.19570178414672337,0.5574125973956512,False,False,False
15,57,815,16,0.01949935592710972,0.6769255624217456,0.4134221456037944,0.0,0.2067110728018972,0,0.2067110728018972,0.5574125973956512,False,False,False
15,58,815,16,0.019712256267666817,0.5578577486974425,0.42047178602148116,0.0,0.21023589301074058,0,0.21023589301074058,0.5574125973956512,False,False,False
15,59,815,16,0.02106405608355999,0.5186800759319843,0.4652331170452154,0.0,0.2326165585226077,0,0.2326165585226077,0.5574125973956512,False,False,False
15,60,815,17,0.02091505564749241,0.65317662264227,0.46029935557913987,0.0,0.23014967778956993,0,0.23014967778956993,0.5574125973956512,False,False,False
15,61,815,17,0.020844271406531334,0.5221939496748657,0.4579555197510302,0.0,0.2289777598755151,0,0.2289777598755151,0.5574125973956512,False,False,False
15,62,815,18,0.022501811385154724,0.8147340361080806,0.512840640163044,0.0017691890166756817,0.2573049145898598,0,0.2573049145898598,0.5574125973956512,False,False,False
15,63,815,18,0.022119862958788872,0.6004281271456836,0.5001934125591105,0.0,0.25009670627955527,0,0.25009670627955527,0.5574125973956512,False,False,False
15,64,815,19,0.022466160356998444,0.9354982026737743,0.5116601491954629,0.013656548926474941,0.2626583490609689,0,0.2626583490609689,0.5574125973956512,False,False,False
15,65,815,20,0.02153223380446434,1.4644371743608375,0.48073560320992215,0.06572239019026445,0.2732289967000933,0,0.2732289967000933,0.5574125973956512,False,False,False
15,66,815,20,0.020869765430688858,1.0749626398481362,0.4587996879784745,0.0273846605547482,0.24309217426661134,0,0.24309217426661134,0.5574125973956512,False,False,False
15,67,815,20,0.021387241780757904,0.7518074235631482,0.4759345698818944,0.0,0.2379672849409472,0,0.2379672849409472,0.5574125973956512,False,False,False
15,68,815,21,0.020387209951877594,1.1804192414879429,0.4428211197981586,0.03776522802113129,0.24029317390964494,0,0.24029317390964494,0.5574125973956512,False,False,False
15,69,815,21,0.020856110379099846,0.8266488953511852,0.45834753650076615,0.00294202218503391,0.23064477934290004,0,0.23064477934290004,0.5574125973956512,False,False,False
15,70,815,21,0.021483611315488815,0.6208247505957445,0.479125596093008,0.0,0.239562798046504,0,0.239562798046504,0.5574125973956512,False,False,False
15,71,815,21,0.020952410995960236,0.5544246536612948,0.46153628067604896,0.0,0.23076814033802448,0,0.23076814033802448,0.5574125973956512,False,False,False
15,72,815,23,0.021131692454218864,1.5120562219798859,0.4674727193448396,0.07040974715804153,0.26894123325144054,0,0.26894123325144054,0.5574125973956512,False,False,False
15,73,815,23,0.023798082023859024,1.0681772284825723,0.5557632670736367,0.026716742004632407,0.2912400045391345,0,0.2912400045391345,0.5574125973956512,False,False,False
15,74,815,23,0.02350812591612339,0.7603295771234706,0.5461621255672423,0.0,0.27308106278362115,0,0.27308106278362115,0.5574125973956512,False,False,False
15,75,815,23,0.022227179259061813,0.5970354214629021,0.5037469124074485,0.0,0.25187345620372426,0,0.25187345620372426,0.5574125973956512,False,False,False
15,76,815,23,0.023308441042900085,0.537461125247385,0.5395500809392624,0.0,0.2697750404696312,0,0.2697750404696312,0.5574125973956512,False,False,False
15,77,815,23,0.023539304733276367,0.6037400541217343,0.5471945309124012,0.0,0.2735972654562006,0,0.2735972654562006,0.5574125973956512,False,False,False
15,78,815,25,0.02412201464176178,1.2297346419483823,0.5664894522445895,0.042619564626437345,0.3045545084355134,0,0.3045545084355134,0.5574125973956512,False,False,False
15,79,815,25,0.023230142891407013,0.8691788844460602,0.5369574415289572,0.007128440240224104,0.27204294088459063,0,0.27204294088459063,0.5574125973956512,False,False,False
15,80,815,25,0.023165637627243996,0.5885132679025817,0.5348215176680219,0.0,0.26741075883401094,0,0.26741075883401094,0.5574125973956512,False,False,False
15,81,815,25,0.023297129198908806,0.48471262975079793,0.5391755186797994,0.0,0.2695877593398997,0,0.2695877593398997,0.5574125973956512,False,False,False
15,82,815,25,0.02199404314160347,0.520336039420008,0.49602721692853907,0.0,0.24801360846426954,0,0.24801360846426954,0.5574125973956512,False,False,False
15,83,815,25,0.02048548310995102,0.7464760289187766,0.446075179539516,0.0,0.223037589769758,0,0.223037589769758,0.5574125973956512,False,False,False
15,84,815,25,0.021399542689323425,1.0593723494486855,0.47634188243936076,0.02585003817174402,0.25109596030555237,0,0.25109596030555237,0.5574125973956512,False,False,False
15,85,815,25,0.021775497123599052,1.3450866351629713,0.48879063460266325,0.05397417997840614,0.2713824072905347,0,0.2713824072905347,0.5574125973956512,False,False,False
15,86,815,25,0.021639477461576462,1.5831818732582095,0.4842866976691412,0.07741096481729123,0.2808488312432162,0,0.2808488312432162,0.5574125973956512,False,False,False
15,87,815,26,0.020817305892705917,0.9624379013691986,0.4570626269747673,0.016308344598660967,0.23668548578671414,0,0.23668548578671414,0.5574125973956512,False,False,False
15,88,815,27,0.020858503878116608,0.6223595460236676,0.45842679098840156,0.0,0.22921339549420078,0,0.22921339549420078,0.5574125973956512,False,False,False
15,89,815,27,0.021368011832237244,0.7022496869825112,0.4752978202084719,0.0,0.23764891010423594,0,0.23764891010423594,0.5574125973956512,False,False,False
15,90,815,27,0.021817687898874283,0.8638071004483211,0.4901876722675891,0.006599671388049002,0.24839367182781905,0,0.24839367182781905,0.5574125973956512,False,False,False
15,91,815,29,0.021148869767785072,0.9439395775273629,0.4680415013564923,0.014487471408464257,0.24126448638247827,0,0.24126448638247827,0.5574125973956512,False,False,False
15,92,815,29,0.02197844535112381,0.7415081384547031,0.49551073671106133,0.0,0.24775536835553066,0,0.24775536835553066,0.5574125973956512,False,False,False
15,93,815,29,0.021680690348148346,0.6241366775717917,0.48565135509592805,0.0,0.24282567754796403,0,0.24282567754796403,0.5574125973956512,False,False,False
15,94,815,29,0.021100733429193497,0.5747808877579869,0.46644759184368145,0.0,0.23322379592184073,0,0.23322379592184073,0.5574125973956512,False,False,False
15,95,815,29,0.020705590024590492,0.6223595460236676,0.453363446893126,0.0,0.226681723446563,0,0.226681723446563,0.5574125973956512,False,False,False
15,96,815,29,0.020622288808226585,0.7617835938446628,0.45060514401683743,0.0,0.22530257200841872,0,0.22530257200841872,0.5574125973956512,False,False,False
15,97,815,31,0.02197793312370777,0.99668807302395,0.49549377563394087,0.019679742994483582,0.2575867593142122,0,0.2575867593142122,0.5574125973956512,False,False,False
15,98,815,32,0.02169186808168888,1.5120562219798859,0.4860214766370176,0.07040974715804153,0.2782156118975296,0,0.2782156118975296,0.5574125973956512,False,False,False
15,99,815,32,0.022829178720712662,1.2110343713397154,0.5236805570656697,0.04077881290796347,0.2822296849868166,0,0.2822296849868166,0.5574125973956512,False,False,False
15,100,815,32,0.023139044642448425,0.9491094147582693,0.5339409602205738,0.014996361732362058,0.27446866097646794,0,0.27446866097646794,0.5574125973956512,False,False,False
15,101,815,32,0.021312018856406212,0.7824225534149198,0.47344375861095583,0.0,0.23672187930547792,0,0.23672187930547792,0.5574125973956512,False,False,False
15,102,815,32,0.020609673112630844,0.6803586574578947,0.4501874081065225,0.0,0.22509370405326126,0,0.22509370405326126,0.5574125973956512,False,False,False
15,103,815,32,0.02147447131574154,0.6513994910941486,0.4788229488005356,0.0,0.2394114744002678,0,0.2394114744002678,0.5574125973956512,False,False,False
15,104,815,32,0.02090492658317089,0.7193747728098883,0.4599639579886641,0.0,0.22998197899433204,0,0.22998197899433204,0.5574125973956512,False,False,False
15,105,815,32,0.023523807525634766,0.894462619653459,0.5466813812337035,0.00961723198053653,0.27814930660712,0,0.27814930660712,0.5574125973956512,False,False,False
15,106,815,33,0.021734243258833885,0.6241366775717904,0.4874246202897068,0.0,0.2437123101448534,0,0.2437123101448534,0.5574125973956512,False,False,False
15,107,815,33,0.022774066776037216,0.6818934528858192,0.5218556685208008,0.0,0.2609278342604004,0,0.2609278342604004,0.5574125973956512,False,False,False
15,108,815,33,0.021907923743128777,0.9165152065915427,0.4931755972897661,0.011787967268412974,0.2524817822790896,0,0.2524817822790896,0.5574125973956512,False,False,False
15,109,815,33,0.02124643698334694,1.2022294923058285,0.4712721856497456,0.039912109075075086,0.2555921473624103,0,0.2555921473624103,0.5574125973956512,False,False,False
15,110,815,33,0.022403495386242867,1.4879437780201141,0.5095851618588729,0.06803625088173718,0.28881070637030504,0,0.28881070637030504,0.5574125973956512,False,False,False
15,111,815,36,0.022046852856874466,1.1293670988327469,0.4977758731413322,0.03273993607264093,0.26525790460698656,0,0.26525790460698656,0.5574125973956512,False,False,False
15,112,815,36,0.02210213802754879,0.9082353891514187,0.49960649761410003,0.010972947609045342,0.2552897226115727,0,0.2552897226115727,0.5574125973956512,False,False,False
15,113,815,36,0.02338491566479206,0.7755563633426225,0.5420823389150189,0.0,0.27104116945750945,0,0.27104116945750945,0.5574125973956512,False,False,False
15,114,815,36,0.023082302883267403,0.7075003029201492,0.5320621046121399,0.0,0.26603105230606994,0,0.26603105230606994,0.5574125973956512,False,False,False
15,115,815,36,0.022104114294052124,0.7091562664081741,0.4996719365334628,0.0,0.2498359682667314,0,0.2498359682667314,0.5574125973956512,False,False,False
15,116,815,36,0.02209094725549221,0.8077466779756861,0.4992359443365019,0.0010813919382827951,0.25015866813739235,0,0.25015866813739235,0.5574125973956512,False,False,False
15,117,815,38,0.023816442117094994,1.044307120642997,0.5563712137542766,0.024367099962260542,0.29036915685826853,0,0.29036915685826853,0.5574125973956512,False,False,False
15,118,815,38,0.021988332271575928,0.8537905408134411,0.49583811633780744,0.005613696385497116,0.25072590636165226,0,0.25072590636165226,0.5574125973956512,False,False,False
15,119,815,38,0.022795045748353004,0.700714891554586,0.5225503325630091,0.0,0.26127516628150455,0,0.26127516628150455,0.5574125973956512,False,False,False
15,120,815,38,0.02243456430733204,0.6122622076820553,0.5106139282820313,0.0,0.25530696414101567,0,0.25530696414101567,0.5574125973956512,False,False,False
15,121,815,38,0.023671098053455353,0.5969142534028036,0.5515585235405188,0.0,0.2757792617702594,0,0.2757792617702594,0.5574125973956512,False,False,False
15,122,815,40,0.02295570634305477,1.4168181267417899,0.5278701898209894,0.06103503322248742,0.2944526115217384,0,0.2944526115217384,0.5574125973956512,False,False,False
15,123,815,40,0.021745266392827034,1.0783553455309185,0.4877896226693382,0.02771861982980613,0.25775412124957214,0,0.25775412124957214,0.5574125973956512,False,False,False
15,124,815,40,0.021916504949331284,0.8368270123995313,0.49345974158901623,0.003943900010207621,0.24870182079961192,0,0.24870182079961192,0.5574125973956512,False,False,False
15,125,815,41,0.022446461021900177,1.2280382891069899,0.5110078570077337,0.04245258498890825,0.27673022099832095,0,0.27673022099832095,0.5574125973956512,False,False,False
15,126,815,41,0.02078738994896412,0.8793570014944062,0.4560720383942908,0.008130318065397817,0.2321011782298443,0,0.2321011782298443,0.5574125973956512,False,False,False
15,127,815,41,0.020697787404060364,0.7075406922735187,0.453105083431099,0.0,0.2265525417155495,0,0.2265525417155495,0.5574125973956512,False,False,False
15,128,815,41,0.01995437778532505,0.6632739609838865,0.4284890096314048,0.0,0.2142445048157024,0,0.2142445048157024,0.5574125973956512,False,False,False
15,129,815,42,0.021875077858567238,0.6990589280665598,0.49208799134816084,0.0,0.24604399567408042,0,0.24604399567408042,0.5574125973956512,False,False,False
15,130,815,42,0.02119200862944126,0.5187204652853504,0.4694699324332519,0.0,0.23473496621662596,0,0.23473496621662596,0.5574125973956512,False,False,False
15,131,815,42,0.020490575581789017,0.4965467102871689,0.446243803484415,0.0,0.2231219017422075,0,0.2231219017422075,0.5574125973956512,False,False,False
15,132,815,42,0.0208651814609766,0.6376671109495545,0.45864790175740777,0.0,0.22932395087870389,0,0.22932395087870389,0.5574125973956512,False,False,False
15,133,815,42,0.02129925601184368,0.8434104769982643,0.4730211502457591,0.0045919400320463,0.2388065451389027,0,0.2388065451389027,0.5574125973956512,False,False,False
15,134,815,42,0.021022558212280273,1.1069913970677339,0.4638590230918852,0.03053739513952111,0.24719820911570314,0,0.24719820911570314,0.5574125973956512,False,False,False
15,135,815,45,0.022862156853079796,1.4644371743608375,0.5247725420490044,0.06572239019026445,0.2952474661196344,0,0.2952474661196344,0.5574125973956512,False,False,False
15,136,815,45,0.022929932922124863,1.0681772284825717,0.527016770096934,0.02671674200463234,0.2768667560507832,0,0.2768667560507832,0.5574125973956512,False,False,False
15,137,815,45,0.022725407034158707,0.7194959408699868,0.5202444278710051,0.0,0.26012221393550256,0,0.26012221393550256,0.5574125973956512,False,False,False
15,138,815,45,0.02188800647854805,0.5680762550991567,0.4925160889346802,0.0,0.2462580444673401,0,0.2462580444673401,0.5574125973956512,False,False,False
15,139,815,45,0.022332364693284035,0.5459025001009737,0.5072298541749655,0.0,0.25361492708748273,0,0.25361492708748273,0.5574125973956512,False,False,False
15,140,815,45,0.022556504234671593,0.6444929116684844,0.5146516514629962,0.0,0.2573258257314981,0,0.2573258257314981,0.5574125973956512,False,False,False
15,141,815,45,0.02166854403913021,0.8332323599499176,0.48524916169991983,0.003590062206872523,0.24441961195339618,0,0.24441961195339618,0.5574125973956512,False,False,False
15,142,815,45,0.0223233625292778,1.086594773617675,0.5069317709541546,0.02852966378351821,0.2677307173688364,0,0.2677307173688364,0.5574125973956512,False,False,False
15,143,815,45,0.021881848573684692,1.2974675875439243,0.4923121859493707,0.04928682301062918,0.27079950447999995,0,0.27079950447999995,0.5574125973956512,False,False,False
15,144,815,49,0.022165333852171898,2.273960983884647,0.5016990627942511,0.14540745864247373,0.32355326071836243,0,0.32355326071836243,0.5574125973956512,False,False,False
15,145,815,49,0.022178959101438522,1.8777010380063812,0.5021502274456543,0.10640181045684165,0.30427601895124795,0,0.30427601895124795,0.5574125973956512,False,False,False
15,146,815,49,0.023178553208708763,1.5613716224403245,0.5352491835180327,0.07526408376334749,0.3052566336406901,0,0.3052566336406901,0.5574125973956512,False,False,False
15,147,815,49,0.023134993389248848,1.2841391009329937,0.5338068135197123,0.047974840144330136,0.2908908268320212,0,0.2908908268320212,0.5574125973956512,False,False,False
15,148,815,50,0.024002745747566223,1.6906175532129717,0.5625401733712271,0.08798634186079138,0.3252632576160092,0,0.3252632576160092,0.5574125973956512,False,False,False
15,149,815,50,0.022130774334073067,1.3606769255624218,0.5005547143400976,0.055508802361410294,0.27803175835075394,0,0.27803175835075394,0.5574125973956512,False,False,False
15,150,815,50,0.023353103548288345,1.1514600751241975,0.5410289635108747,0.03491464706617286,0.2879718052885238,1,0.2879718052885238,0.5574125973956512,False,False,False
15,151,815,50,0.02286514639854431,1.0374813199240684,0.5248715330627435,0.023695205706489468,0.27428336938461645,1,0.27428336938461645,0.5574125973956512,False,False,False
15,152,815,50,0.022507818415760994,0.9881255301102636,0.5130395473401835,0.018836893395528072,0.2659382203678558,1,0.2659382203678558,0.5574125973956512,False,False,False
15,153,815,50,0.02448686584830284,1.003392705682783,0.5785705499325654,0.020339710133288665,0.299455130032927,1,0.299455130032927,0.5574125973956512,False,False,False
15,154,815,50,0.02417640946805477,1.0832828466416264,0.5682905952814898,0.028203655919771253,0.29824712560063055,1,0.29824712560063055,0.5574125973956512,False,False,False
15,155,815,51,0.0240336786955595,0.8180055737307651,0.5635644373993682,0.002091221174767414,0.28282782928706784,1,0.28282782928706784,0.5574125973956512,False,False,False
15,156,815,52,0.02499900572001934,0.8810129649824312,0.5955287282507126,0.00829332199727136,0.301911025123992,1,0.301911025123992,0.5574125973956512,False,False,False
15,157,815,52,0.02314135432243347,0.809564198877177,0.5340174392592258,0.0012602986927781534,0.267638868976002,1,0.267638868976002,0.5574125973956512,False,False,False
15,158,815,52,0.022727880626916885,0.8044347509996361,0.5203263344543357,0.0007553840745357074,0.2605408592644357,1,0.2605408592644357,0.5574125973956512,False,False,False
15,159,815,53,0.022540949285030365,0.8469647400945097,0.5141365898083322,0.00494180212972577,0.25953919596902897,1,0.25953919596902897,0.5574125973956512,False,False,False
15,160,815,53,0.0242123045027256,0.763601114746153,0.5694791658894447,0.0,0.28473958294472235,1,0.28473958294472235,0.5574125973956512,False,False,False
15,161,815,53,0.02430865913629532,0.7805646431600641,0.5726696986874056,0.0,0.2863348493437028,1,0.2863348493437028,0.5574125973956512,False,False,False
15,162,815,53,0.02452588453888893,0.9216850438224484,0.5798625522726328,0.012296857592310709,0.29607970493247177,1,0.29607970493247177,0.5574125973956512,False,False,False
15,163,815,53,0.02500183880329132,1.1274284098711582,0.5956225384263496,0.032549102201179375,0.3140858203137645,1,0.3140858203137645,0.5574125973956512,False,False,False
15,164,815,53,0.024301446974277496,1.3927056827820197,0.5724308867215502,0.05866153694618322,0.3155462118338667,1,0.3155462118338667,0.5574125973956512,False,False,False
15,165,815,53,0.024246107786893845,1.5831818732582101,0.5705984736261042,0.07741096481729129,0.3240047192216977,1,0.3240047192216977,0.5574125973956512,False,False,False
15,166,815,53,0.025002215057611465,1.7736580637344006,0.5956349971084526,0.09616039268839936,0.345897694898426,1,0.345897694898426,0.5574125973956512,False,False,False
15,167,815,53,0.025025231763720512,1.964134254210591,0.5963971353992781,0.11490982055950744,0.35565347797939273,1,0.35565347797939273,0.5574125973956512,False,False,False
15,168,815,53,0.024354280903935432,2.1546104446867815,0.5741803447307162,0.1336592484306155,0.35391979658066586,1,0.35391979658066586,0.5574125973956512,False,False,False
15,169,815,53,0.02459176443517208,2.2974675875439243,0.582043993496895,0.14772131933394655,0.3648826564154207,1,0.3648826564154207,0.5574125973956512,False,False,False
15,170,815,53,0.02511431649327278,2.440324730401067,0.5993469442554172,0.16178339023727759,0.3805651672463474,1,0.3805651672463474,0.5574125973956512,False,False,False
15,171,815,53,0.023828202858567238,2.58318187325821,0.5567606400849614,0.17584546114060864,0.366303050612785,1,0.366303050612785,0.5574125973956512,False,False,False
15,172,815,53,0.0240046214312315,2.726039016115353,0.5626022817518099,0.18990753204393973,0.37625490689787483,1,0.37625490689787483,0.5574125973956512,False,False,False
15,173,815,54,0.02574511617422104,2.0100569489882467,0.6202342331843145,0.11943019788975541,0.36983221553703494,1,0.36983221553703494,0.5574125973956512,False,False,False
15,174,815,54,0.024661235511302948,2.137606526919505,0.5843443472909322,0.1319854763496705,0.35816491182030136,1,0.35816491182030136,0.5574125973956512,False,False,False
15,175,815,54,0.02614227868616581,2.2974675875439243,0.6333852356170464,0.14772131933394655,0.3905532774754965,1,0.3905532774754965,0.5574125973956512,False,False,False
15,176,815,54,0.025066852569580078,2.440324730401067,0.5977753000111171,0.16178339023727759,0.37977934512419737,1,0.37977934512419737,0.5574125973956512,False,False,False
15,177,815,54,0.0252288356423378,2.5355628256391625,0.6031389476863902,0.17115810417283164,0.3871485259296109,1,0.3871485259296109,0.5574125973956512,False,False,False
15,178,815,54,0.02448461391031742,2.630800920877258,0.5784959828698797,0.1805328181083857,0.3795144004891327,1,0.3795144004891327,0.5574125973956512,False,False,False
15,179,815,54,0.024497920647263527,2.726039016115353,0.5789366008151461,0.18990753204393973,0.3844220664295429,1,0.3844220664295429,0.5574125973956512,False,False,False
15,180,815,54,0.02407962642610073,2.7736580637344006,0.5650858768553918,0.19459488901171673,0.37984038293355427,1,0.37984038293355427,0.5574125973956512,False,False,False
15,181,815,54,0.02539118379354477,2.821277111353448,0.6085146839839018,0.19928224597949376,0.4038984649816978,1,0.4038984649816978,0.5574125973956512,False,False,False
15,182,815,56,0.024068329483270645,1.431842966194111,0.5647118080090815,0.06251399572631536,0.3136129018676984,1,0.3136129018676984,0.5574125973956512,False,False,False
15,183,815,56,0.024155717343091965,1.416535401268226,0.567605429442469,0.061007203282899394,0.3143063163626842,1,0.3143063163626842,0.5574125973956512,False,False,False
15,184,815,56,0.023527439683675766,1.4335393190355028,0.5468016506896483,0.06268097536384439,0.30474131302674634,1,0.30474131302674634,0.5574125973956512,False,False,False
15,185,815,56,0.02516694739460945,1.482854719495941,0.6010896795103792,0.06753531196915032,0.33431249573976474,1,0.33431249573976474,0.5574125973956512,False,False,False
15,186,815,56,0.024688344448804855,1.5644816026495416,0.5852419891687889,0.07557021309881727,0.3304061011338031,1,0.3304061011338031,0.5574125973956512,False,False,False
15,187,815,56,0.02380681410431862,1.6784199684963053,0.5560524071810568,0.08678567875284532,0.321419042966951,1,0.321419042966951,0.5574125973956512,False,False,False
15,188,815,56,0.02254846692085266,1.8212771113534483,0.5143855167438158,0.10084774965617639,0.3076166331999961,1,0.3076166331999961,0.5574125973956512,False,False,False
15,189,815,57,0.023732507601380348,1.132517468395331,0.5535919408190028,0.0330500411137662,0.2933209909663845,1,0.2933209909663845,0.5574125973956512,False,False,False
15,190,815,58,0.024463199079036713,0.7958318187325808,0.577786886492958,0.0,0.288893443246479,1,0.288893443246479,0.5574125973956512,False,False,False
15,191,815,58,0.024094250053167343,0.78561331233087,0.5655701001880188,0.0,0.2827850500940094,1,0.2827850500940094,0.5574125973956512,False,False,False
15,192,815,58,0.023570183664560318,0.8417141241568725,0.5482170063178641,0.00442496039451727,0.27632098335619065,1,0.27632098335619065,0.5574125973956512,False,False,False
15,193,815,58,0.023631606251001358,0.9930530312209702,0.5502508553328566,0.019321929485493064,0.2847863924091748,1,0.2847863924091748,0.5574125973956512,False,False,False
15,194,815,58,0.023714400827884674,1.1546104446867815,0.552992382161957,0.035224752107298134,0.2941085671346276,1,0.2941085671346276,0.5574125973956512,False,False,False
15,195,815,58,0.02411429025232792,1.345086635162972,0.5662336792016136,0.0539741799784062,0.3101039295900099,1,0.3101039295900099,0.5574125973956512,False,False,False
15,196,815,58,0.023705819621682167,1.5355628256391625,0.5527082378627068,0.07272360784951427,0.31271592285611055,1,0.31271592285611055,0.5574125973956512,False,False,False
15,197,815,58,0.02351909875869751,1.726039016115353,0.5465254626774837,0.09147303572062233,0.31899924919905304,1,0.31899924919905304,0.5574125973956512,False,False,False
15,198,815,58,0.02356705628335476,1.9165152065915434,0.5481134512324635,0.11022246359173041,0.3291679574120969,1,0.3291679574120969,0.5574125973956512,False,False,False
15,199,815,60,0.02509576827287674,0.6954642756169475,0.5987327682337258,0.0,0.2993663841168629,1,0.2993663841168629,0.5574125973956512,False,False,False
15,200,815,60,0.02397804893553257,0.7974877822206071,0.5617224027474467,7.156270179817612e-05,0.28089698272462243,1,0.28089698272462243,0.5574125973956512,False,False,False
15,201,815,60,0.02486054040491581,0.9573488428450266,0.590943809883521,0.015807405686074215,0.3033756077847976,1,0.3033756077847976,0.5574125973956512,False,False,False
15,202,815,60,0.022858988493680954,1.1495213861626075,0.524667630077434,0.03472381319471117,0.2796957216360726,1,0.2796957216360726,0.5574125973956512,False,False,False
15,203,815,60,0.02304641343653202,1.278767316935256,0.5308737190341173,0.04744607129215518,0.2891598951631362,1,0.2891598951631362,0.5574125973956512,False,False,False
15,204,815,60,0.02416391670703888,1.4403247304010673,0.5678769300296839,0.06334889391396024,0.31561291197182206,1,0.31561291197182206,0.5574125973956512,False,False,False
15,205,815,60,0.023891422897577286,1.6308009208772578,0.5588540070614855,0.08209832178506832,0.32047616442327687,1,0.32047616442327687,0.5574125973956512,False,False,False
15,206,815,60,0.024286877363920212,1.8212771113534483,0.5719484520116014,0.10084774965617639,0.3363981008338889,1,0.3363981008338889,0.5574125973956512,False,False,False
15,207,815,61,0.02398713491857052,1.1529140918453897,0.5620232614172408,0.0350577724697691,0.2985405169435049,1,0.2985405169435049,0.5574125973956512,False,False,False
15,208,815,61,0.024167625233530998,1.3280827173956955,0.5679997282280357,0.05230040789746123,0.3101500680627485,1,0.3101500680627485,0.5574125973956512,False,False,False
15,209,815,61,0.024446941912174225,1.5355628256391625,0.577248572743478,0.07272360784951427,0.3249860902964961,1,0.3249860902964961,0.5574125973956512,False,False,False
15,210,815,61,0.023686600849032402,1.726039016115353,0.5520718582491488,0.09147303572062233,0.3217724469848856,1,0.3217724469848856,0.5574125973956512,False,False,False
15,211,815,61,0.02389468625187874,1.8688961589724957,0.5589620645419036,0.10553510662395339,0.33224858558292847,1,0.33224858558292847,0.5574125973956512,False,False,False
15,212,815,61,0.024825461208820343,2.0117533018296387,0.5897822536456707,0.11959717752728445,0.3546897155864776,1,0.3546897155864776,0.5574125973956512,False,False,False
15,213,815,61,0.023999322205781937,2.1546104446867815,0.5624268116994187,0.1336592484306155,0.3480430300650171,1,0.3480430300650171,0.5574125973956512,False,False,False
15,214,815,61,0.023852378129959106,2.2974675875439243,0.5575611412484011,0.14772131933394655,0.3526412302911738,1,0.3526412302911738,0.5574125973956512,False,False,False
15,215,815,61,0.023635799065232277,2.440324730401067,0.5503896894586677,0.16178339023727759,0.35608653984797267,1,0.35608653984797267,0.5574125973956512,False,False,False
15,216,815,61,0.023786986246705055,2.58318187325821,0.5553958593048864,0.17584546114060864,0.36562066022274753,1,0.36562066022274753,0.5574125973956512,False,False,False
15,217,815,63,0.023604264482855797,1.2889858233369682,0.5493455038744907,0.04845192482298431,0.2988987143487375,1,0.2988987143487375,0.5574125973956512,False,False,False
15,218,815,63,0.023837456479668617,1.3689163536491786,0.5570670496527222,0.05631984631512239,0.30669344798392234,1,0.30669344798392234,0.5574125973956512,False,False,False
15,219,815,64,0.02538190595805645,1.0866351629710405,0.608207472619768,0.028533639489173555,0.3183705560544708,1,0.3183705560544708,0.5574125973956512,False,False,False
15,220,815,64,0.02542293816804886,1.0254049032674986,0.6095661474120797,0.02250646971550949,0.3160363085637946,1,0.3160363085637946,0.5574125973956512,False,False,False
15,221,815,64,0.025289960205554962,1.0287976089502808,0.6051629284383309,0.02284042899056742,0.3140016787144491,1,0.3140016787144491,0.5574125973956512,False,False,False
15,222,815,64,0.02471606619656086,1.0951169271779968,0.5861599226625459,0.029368537676818445,0.3077642301696822,1,0.3077642301696822,0.5574125973956512,False,False,False
15,223,815,64,0.025525357574224472,1.1937477280988742,0.6129574993631464,0.039077210887430394,0.3260173551252884,1,0.3260173551252884,0.5574125973956512,False,False,False
15,224,815,64,0.02558543160557747,1.3246900117129132,0.614946694487829,0.0519664486224033,0.33345657155511615,1,0.33345657155511615,0.5574125973956512,False,False,False
15,225,815,64,0.024956833571195602,1.4879437780201148,0.5941323073522276,0.06803625088173725,0.3310842791169824,1,0.3310842791169824,0.5574125973956512,False,False,False
15,226,815,64,0.02501089498400688,1.6784199684963053,0.5959224102698386,0.08678567875284532,0.341354044511342,1,0.341354044511342,0.5574125973956512,False,False,False
15,227,815,64,0.02562212385237217,1.8688961589724957,0.6161616626994477,0.10553510662395339,0.36084838466170055,1,0.36084838466170055,0.5574125973956512,False,False,False
15,228,815,64,0.02408888004720211,2.0117533018296387,0.5653922864231526,0.11959717752728445,0.34249473197521857,1,0.34249473197521857,0.5574125973956512,False,False,False
15,229,815,64,0.02436770312488079,2.1546104446867815,0.5746247866279153,0.1336592484306155,0.3541420175292654,1,0.3541420175292654,0.5574125973956512,False,False,False
15,230,815,66,0.023557676002383232,0.8842441132517488,0.5478028476529055,0.008611378449707595,0.2782071130513066,1,0.2782071130513066,0.5574125973956512,False,False,False
15,231,815,66,0.023991858586668968,0.94034492507775,0.5621796733866131,0.014133633605129235,0.28815665349587116,1,0.28815665349587116,0.5574125973956512,False,False,False
15,232,815,66,0.025189971551299095,1.0525869380831219,0.6018520645077811,0.025182119621628248,0.31351709206470463,1,0.31351709206470463,0.5574125973956512,False,False,False
15,233,815,66,0.025720620527863503,1.1971404337816551,0.619423123638094,0.03941117016248819,0.3294171469002911,1,0.3294171469002911,0.5574125973956512,False,False,False
15,234,815,66,0.02634008415043354,1.3740054121733511,0.6399350485111555,0.056820785227709204,0.3483779168694323,1,0.3483779168694323,0.5574125973956512,False,False,False
15,235,815,66,0.025545503944158554,1.5831818732582088,0.6136245939454534,0.07741096481729116,0.3455177793813723,1,0.3455177793813723,0.5574125973956512,False,False,False
15,236,815,66,0.02501952275633812,1.821277111353447,0.5962080964851905,0.10084774965617625,0.34852792307068337,1,0.34852792307068337,0.5574125973956512,False,False,False
15,237,815,66,0.026103125885128975,2.059372349448685,0.6320887925586057,0.12428453449506133,0.3781866635268335,1,0.3781866635268335,0.5574125973956512,False,False,False
15,238,815,66,0.023907342925667763,2.2022294923058277,0.5593811573383881,0.13834660539839239,0.34886388136839025,1,0.34886388136839025,0.5574125973956512,False,False,False
15,239,815,66,0.024802349507808685,2.3450866351629704,0.5890169698459974,0.15240867630172342,0.3707128230738604,1,0.3707128230738604,0.5574125973956512,False,False,False
15,240,815,66,0.025731561705470085,2.440324730401066,0.6197854122453862,0.16178339023727747,0.39078440124133185,1,0.39078440124133185,0.5574125973956512,False,False,False
15,241,815,66,0.026161376386880875,2.535562825639161,0.6340176062487397,0.1711581041728315,0.4025878552107856,1,0.4025878552107856,0.5574125973956512,False,False,False
15,242,815,66,0.02695617638528347,2.6308009208772565,0.6603353386584425,0.18053281810838556,0.42043407838341407,1,0.42043407838341407,0.5574125973956512,False,False,False
15,243,815,66,0.025447068735957146,2.726039016115352,0.6103651683360616,0.1899075320439396,0.4001363501900006,1,0.4001363501900006,0.5574125973956512,False,False,False
15,244,815,66,0.02704535610973835,2.8212771113534467,0.6632882930234294,0.1992822459794936,0.4312852695014615,1,0.4312852695014615,0.5574125973956512,False,False,False
15,245,815,66,0.026191070675849915,2.916515206591542,0.6350008553085714,0.20865695991504768,0.4218289076118096,1,0.4218289076118096,0.5574125973956512,False,False,False
15,246,815,66,0.02560478448867798,3.0117533018296374,0.6155875148197605,0.21803167385060168,0.41680959433518106,1,0.41680959433518106,0.5574125973956512,False,False,False
15,247,815,66,0.02666194923222065,3.1069913970677328,0.6505927726071858,0.22740638778615577,0.4389995801966708,1,0.4389995801966708,0.5574125973956512,False,False,False
15,248,815,67,0.02721567451953888,2.34339028232158,0.6689279436809348,0.15224169666419454,0.41058482017256465,1,0.41058482017256465,0.5574125973956512,False,False,False
15,249,815,67,0.025683097541332245,2.423320812633789,0.6181806476432182,0.16010961815633248,0.38914513289977537,1,0.38914513289977537,0.5574125973956512,False,False,False
15,250,815,67,0.02677358314394951,2.535562825639161,0.6542892389164878,0.1711581041728315,0.41272367154465966,1,0.41272367154465966,0.5574125973956512,False,False,False
15,251,815,67,0.025783097371459007,2.5831818732582086,0.6214918816336326,0.1758454611406085,0.39866867138712053,1,0.39866867138712053,0.5574125973956512,False,False,False
15,252,815,68,0.028002694249153137,1.8008804879033886,0.6949880527483394,0.0988400183001734,0.3969140355242564,1,0.3969140355242564,0.5574125973956512,False,False,False
15,253,815,68,0.02761651948094368,1.8042731935861696,0.6822008808390014,0.09917397757523119,0.3906874292071163,1,0.3906874292071163,0.5574125973956512,False,False,False
15,254,815,69,0.027431610971689224,1.2805040591300145,0.6760781170284625,0.04761702663533968,0.36184757183190114,1,0.36184757183190114,0.5574125973956512,False,False,False
15,255,815,69,0.026266109198331833,1.2073589401833673,0.6374855605917467,0.04041702369331733,0.338951292142532,1,0.338951292142532,0.5574125973956512,False,False,False
15,256,815,69,0.02521078661084175,1.2311482693162084,0.6025413010053108,0.04275871432437815,0.3226500076648445,1,0.3226500076648445,0.5574125973956512,False,False,False
15,257,815,69,0.02560238540172577,1.3450866351629707,0.6155080753021929,0.05397417997840607,0.33474112764029945,1,0.33474112764029945,0.5574125973956512,False,False,False
15,258,815,69,0.026948528364300728,1.4879437780201135,0.6600820943578736,0.06803625088173712,0.36405917261980536,1,0.36405917261980536,0.5574125973956512,False,False,False
15,259,815,69,0.025777779519557953,1.6308009208772565,0.6213157948148006,0.08209832178506818,0.35170705829993437,1,0.35170705829993437,0.5574125973956512,False,False,False
15,260,815,69,0.02693719044327736,1.7736580637343993,0.6597066686253936,0.09616039268839924,0.37793353065689644,1,0.37793353065689644,0.5574125973956512,False,False,False
15,261,815,69,0.026811929419636726,1.916515206591542,0.6555589759880445,0.11022246359173028,0.38289071978988737,1,0.38289071978988737,0.5574125973956512,False,False,False
15,262,815,69,0.02618829719722271,2.059372349448685,0.6349090187855448,0.12428453449506133,0.3795967766403031,1,0.3795967766403031,0.5574125973956512,False,False,False
15,263,815,69,0.026431601494550705,2.2022294923058277,0.6429654070644556,0.13834660539839239,0.390656006231424,1,0.390656006231424,0.5574125973956512,False,False,False
15,264,815,69,0.0264645516872406,2.3450866351629704,0.644056466898129,0.15240867630172342,0.3982325715999262,1,0.3982325715999262,0.5574125973956512,False,False,False
15,265,815,69,0.026474308222532272,2.4879437780201137,0.64437952915979,0.1664707472050545,0.40542513818242226,1,0.40542513818242226,0.5574125973956512,False,False,False
15,266,815,69,0.025360742583870888,2.6308009208772565,0.6075067025897963,0.18053281810838556,0.3940197603490909,1,0.3940197603490909,0.5574125973956512,False,False,False
15,267,815,69,0.026850100606679916,2.7736580637343993,0.656822915455058,0.1945948890117166,0.4257089022333873,1,0.4257089022333873,0.5574125973956512,False,False,False
15,268,815,69,0.026917828246951103,2.916515206591542,0.6590655399102419,0.20865695991504768,0.43386124991264474,1,0.43386124991264474,0.5574125973956512,False,False,False
15,269,815,70,0.027280274778604507,2.15291409184539,0.6710670130507179,0.13349226879308648,0.4022796409219022,1,0.4022796409219022,0.5574125973956512,False,False,False
15,270,815,70,0.02740601636469364,2.232844622157599,0.6752306182622383,0.14136019028522442,0.40829540427373134,1,0.40829540427373134,0.5574125973956512,False,False,False
15,271,815,70,0.027786102145910263,2.3450866351629704,0.6878161692220974,0.15240867630172342,0.4201124227619104,1,0.4201124227619104,0.5574125973956512,False,False,False
15,272,815,70,0.02740640379488468,2.4879437780201137,0.6752434470042057,0.1664707472050545,0.4208570971046301,1,0.4208570971046301,0.5574125973956512,False,False,False
15,273,815,70,0.02758708968758583,2.5831818732582086,0.6812263898626283,0.1758454611406085,0.4285359255016184,1,0.4285359255016184,0.5574125973956512,False,False,False
15,274,815,70,0.027441078796982765,2.678419968496304,0.6763916194102919,0.18522017507616256,0.43080589724322726,1,0.43080589724322726,0.5574125973956512,False,False,False
15,275,815,70,0.027138356119394302,2.726039016115352,0.6663677461854126,0.1899075320439396,0.4281376391146761,1,0.4281376391146761,0.5574125973956512,False,False,False
15,276,815,70,0.026905084028840065,2.7736580637343993,0.6586435483114859,0.1945948890117166,0.42661921866160124,1,0.42661921866160124,0.5574125973956512,False,False,False
15,277,815,70,0.02591601200401783,2.8212771113534467,0.6258930036014828,0.1992822459794936,0.4125876247904882,1,0.4125876247904882,0.5574125973956512,False,False,False
15,278,815,70,0.027381623163819313,2.8688961589724946,0.6744229009314419,0.20396960294727068,0.4391962519393563,1,0.4391962519393563,0.5574125973956512,False,False,False
15,279,815,70,0.026315294206142426,2.916515206591542,0.6391141940551712,0.20865695991504768,0.4238855769851094,1,0.4238855769851094,0.5574125973956512,False,False,False
15,280,815,70,0.026683136820793152,2.9641342542105895,0.6512943444335304,0.21334431688282468,0.4323193306581775,1,0.4323193306581775,0.5574125973956512,False,False,False
15,281,815,70,0.026341956108808517,3.0117533018296374,0.63999703353845,0.21803167385060168,0.4290143536945259,1,0.4290143536945259,0.5574125973956512,False,False,False
15,282,815,70,0.026290323585271835,3.059372349448685,0.6382873569647118,0.22271903081837868,0.43050319389154523,1,0.43050319389154523,0.5574125973956512,False,False,False
15,283,815,70,0.027014680206775665,3.1069913970677328,0.6622725403721705,0.22740638778615577,0.44483946407916314,1,0.44483946407916314,0.5574125973956512,False,False,False
15,284,815,73,0.026821784675121307,1.419968496304376,0.6558853071118412,0.06134513826361289,0.35861522268772705,1,0.35861522268772705,0.5574125973956512,False,False,False
15,285,815,73,0.02594302035868168,1.357041883759442,0.6267873149405595,0.05515098885241977,0.34096915189648963,1,0.34096915189648963,0.5574125973956512,False,False,False
15,286,815,73,0.02687009796500206,1.326426753907671,0.6574850759058392,0.05213740396558774,0.35481123993571345,1,0.35481123993571345,0.5574125973956512,False,False,False
15,287,815,73,0.02826792560517788,1.3281231067490615,0.7037704984812921,0.05230438360311664,0.3780374410422044,1,0.3780374410422044,0.5574125973956512,False,False,False
15,288,815,73,0.027071399614214897,1.3621309422836148,0.6641506558608756,0.055651927765006604,0.3599012918129411,1,0.3599012918129411,0.5574125973956512,False,False,False
15,289,815,73,0.026792382821440697,1.4284502605113294,0.6549117412851293,0.0621800364512575,0.3585458888681934,1,0.3585458888681934,0.5574125973956512,False,False,False
15,290,815,73,0.02716628648340702,1.4794620138131593,0.667292587463306,0.06720135269409244,0.3672469700786992,1,0.3672469700786992,0.5574125973956512,False,False,False
15,291,815,73,0.02755781263113022,1.5627852498081505,0.6802569563710692,0.07540323346128831,0.37783009491617875,1,0.37783009491617875,0.5574125973956512,False,False,False
15,292,815,73,0.027064470574259758,1.6784199684963046,0.6639212187449194,0.08678567875284525,0.3753534487488823,1,0.3753534487488823,0.5574125973956512,False,False,False
15,293,815,73,0.02625970169901848,1.8212771113534476,0.6372733929361312,0.10084774965617632,0.36906057129615377,1,0.36906057129615377,0.5574125973956512,False,False,False
15,294,815,73,0.02783961035311222,1.9641342542105904,0.6895879541764184,0.11490982055950737,0.4022488873679629,1,0.4022488873679629,0.5574125973956512,False,False,False
15,295,815,73,0.028160637244582176,2.106991397067733,0.7002179237826154,0.1289718914628384,0.4145949076227269,1,0.4145949076227269,0.5574125973956512,False,False,False
15,296,815,75,0.02787717804312706,0.8927662668120698,0.690831910410752,0.009450252343007762,0.3501410813768799,1,0.3501410813768799,0.5574125973956512,False,False,False
15,297,815,75,0.02582613006234169,0.9165555959449095,0.6229167971416799,0.01179194297406846,0.3173543700578742,1,0.3173543700578742,0.5574125973956512,False,False,False
15,298,815,75,0.026426887139678,1.0049678904640749,0.6428093034783037,0.020494762653851292,0.3316520330660775,1,0.3316520330660775,0.5574125973956512,False,False,False
15,299,815,75,0.026403995230793953,1.1495213861626081,0.6420512975226311,0.03472381319471124,0.33838755535867115,1,0.33838755535867115,0.5574125973956512,False,False,False
15,300,815,75,0.02695726417005062,1.3263863645543044,0.6603713578185818,0.052133428259932266,0.35625239303925704,1,0.35625239303925704,0.5574125973956512,False,False,False
15,301,815,75,0.027870533987879753,1.5355628256391618,0.6906119098213391,0.0727236078495142,0.3816677588354267,1,0.3816677588354267,0.5574125973956512,False,False,False
15,302,815,75,0.02774517424404621,1.7736580637344,0.686460948321854,0.0961603926883993,0.39131067050512663,1,0.39131067050512663,0.5574125973956512,False,False,False
15,303,815,75,0.02811473049223423,2.011753301829638,0.6986978412127615,0.11959717752728437,0.4091475093700229,1,0.4091475093700229,0.5574125973956512,False,False,False
15,304,815,75,0.027005130425095558,2.249848539924876,0.6619563242180019,0.14303396236616947,0.4024951432920857,1,0.4024951432920857,0.5574125973956512,False,False,False
15,305,815,76,0.02608150988817215,1.4862474251787237,0.631373035104124,0.06786927124420829,0.34962115317416614,1,0.34962115317416614,0.5574125973956512,False,False,False
15,306,815,76,0.026604853570461273,1.5661779554909327,0.6487021984363779,0.07573719273634624,0.3622196955863621,1,0.3622196955863621,0.5574125973956512,False,False,False
15,307,815,76,0.02610950730741024,1.6784199684963046,0.632300096741204,0.08678567875284525,0.35954288774702464,1,0.35954288774702464,0.5574125973956512,False,False,False
15,308,815,76,0.02603951469063759,1.8212771113534476,0.629982473486826,0.10084774965617632,0.3654151115715012,1,0.3654151115715012,0.5574125973956512,False,False,False
15,309,815,76,0.025573862716555595,1.9641342542105904,0.6145636208514839,0.11490982055950737,0.3647367207054956,1,0.3647367207054956,0.5574125973956512,False,False,False
15,310,815,76,0.02682194858789444,2.106991397067733,0.6558907346565198,0.1289718914628384,0.3924313130596791,1,0.3924313130596791,0.5574125973956512,False,False,False
15,311,815,76,0.025912202894687653,2.249848539924876,0.625766874864351,0.14303396236616947,0.38440041861526025,1,0.38440041861526025,0.5574125973956512,False,False,False
15,312,815,76,0.025723174214363098,2.392705682782019,0.6195076823171198,0.1570960332695005,0.38830185779331017,1,0.38830185779331017,0.5574125973956512,False,False,False
15,313,815,78,0.025635289028286934,1.0985096328607797,0.6165975932197645,0.029702496951876437,0.32315004508582046,1,0.32315004508582046,0.5574125973956512,False,False,False
15,314,815,78,0.025449413806200027,1.1784401631729888,0.610442819230951,0.03757041844401439,0.3240066188374827,1,0.3240066188374827,0.5574125973956512,False,False,False
15,315,815,78,0.026346251368522644,1.2906821761783607,0.6401392598796853,0.04861890446051341,0.3443790821700994,1,0.3443790821700994,0.5574125973956512,False,False,False
15,316,815,78,0.02632216550409794,1.435235671876894,0.6393417191951611,0.06284795500137336,0.3510948370982673,1,0.3510948370982673,0.5574125973956512,False,False,False
15,317,815,78,0.026037104427814484,1.5168625550304948,0.6299026639093939,0.07088285613104034,0.35039276002021713,1,0.35039276002021713,0.5574125973956512,False,False,False
15,318,815,78,0.026347773149609566,1.6308009208772571,0.6401896496978939,0.08209832178506825,0.3611439857414811,1,0.3611439857414811,0.5574125973956512,False,False,False
15,319,815,78,0.026342609897255898,1.7736580637344,0.6400186820405201,0.0961603926883993,0.3680895373644597,1,0.3680895373644597,0.5574125973956512,False,False,False
15,320,815,78,0.02564358152449131,1.9165152065915427,0.6168721776391831,0.11022246359173034,0.36354732061545675,1,0.36354732061545675,0.5574125973956512,False,False,False
15,321,815,79,0.02529246173799038,1.200533139464438,0.6052457601713225,0.03974512943754619,0.3224954448044343,1,0.3224954448044343,0.5574125973956512,False,False,False
15,322,815,79,0.025476839393377304,1.3280827173956946,0.6113509461383003,0.05230040789746115,0.33182567701788074,1,0.33182567701788074,0.5574125973956512,False,False,False
15,323,815,79,0.025614378973841667,1.4879437780201141,0.6159052112133869,0.06803625088173718,0.34197073104756204,1,0.34197073104756204,0.5574125973956512,False,False,False
15,324,815,79,0.025660447776317596,1.6784199684963046,0.6174306596512754,0.08678567875284525,0.35210816920206034,1,0.35210816920206034,0.5574125973956512,False,False,False
15,325,815,79,0.02457413449883461,1.868896158972495,0.5814602240607322,0.10553510662395332,0.3434976653423427,1,0.3434976653423427,0.5574125973956512,False,False,False
15,326,815,79,0.024687765166163445,2.011753301829638,0.5852228077324818,0.11959717752728437,0.3524099926298831,1,0.3524099926298831,0.5574125973956512,False,False,False
15,327,815,82,0.023661019280552864,0.947291893856781,0.551224791219433,0.014817454977866962,0.28302112309865,1,0.28302112309865,0.5574125973956512,False,False,False
15,328,815,82,0.023416433483362198,0.7976089502807069,0.5431259694093992,8.348981876456977e-05,0.2716047296140819,1,0.2716047296140819,0.5574125973956512,False,False,False
15,329,815,82,0.02533137984573841,0.7125489720909584,0.6065344319726099,0.0,0.30326721598630496,1,0.30326721598630496,0.5574125973956512,False,False,False
15,330,815,82,0.025299590080976486,0.6972010178117054,0.6054817966881947,0.0,0.30274089834409734,1,0.30274089834409734,0.5574125973956512,False,False,False
15,331,815,82,0.025200167670845985,0.7686093945635941,0.6021896824574434,0.0,0.3010948412287217,1,0.3010948412287217,0.5574125973956512,False,False,False
15,332,815,82,0.02577888034284115,0.9046407367018057,0.6213522457114484,0.010619109805710309,0.3159856777585794,1,0.3159856777585794,0.5574125973956512,False,False,False
15,333,815,82,0.02658369019627571,1.0985096328607784,0.6480014284064062,0.02970249695187631,0.33885196267914125,1,0.33885196267914125,0.5574125973956512,False,False,False
15,334,815,82,0.026298146694898605,1.2294519164748172,0.6385463988698237,0.04259173468684919,0.3405690667783364,1,0.3405690667783364,0.5574125973956512,False,False,False
15,335,815,82,0.02575928159058094,1.392705682782019,0.6207032840624992,0.05866153694618316,0.33968241050434117,1,0.33968241050434117,0.5574125973956512,False,False,False
15,336,815,82,0.02695203386247158,1.5831818732582095,0.6601981698020214,0.07741096481729123,0.36880456730965633,1,0.36880456730965633,0.5574125973956512,False,False,False
15,337,815,82,0.026743847876787186,1.7736580637344,0.6533046329704865,0.0961603926883993,0.37473251282944287,1,0.37473251282944287,0.5574125973956512,False,False,False
15,338,815,82,0.025831500068306923,1.9641342542105904,0.6230946109065459,0.11490982055950737,0.36900221573302666,1,0.36900221573302666,0.5574125973956512,False,False,False
15,339,815,83,0.025929097086191177,1.2957712347025332,0.6263262820261044,0.049119843373100214,0.3377230626996023,1,0.3377230626996023,0.5574125973956512,False,False,False
15,340,815,83,0.025373077020049095,1.4709398602528376,0.6079151253268561,0.06636247880079221,0.3371388020638242,1,0.3371388020638242,0.5574125973956512,False,False,False
15,341,815,83,0.025729071348905563,1.6784199684963046,0.6197029505722589,0.08678567875284525,0.3532443146625521,1,0.3532443146625521,0.5574125973956512,False,False,False
15,342,815,83,0.02590646594762802,1.868896158972495,0.6255769108006023,0.10553510662395332,0.3655560087122778,1,0.3655560087122778,0.5574125973956512,False,False,False
15,343,815,83,0.026035761460661888,2.0593723494486857,0.6298581950490164,0.12428453449506141,0.3770713647720389,1,0.3770713647720389,0.5574125973956512,False,False,False
15,344,815,83,0.025628991425037384,2.249848539924876,0.6163890644861495,0.14303396236616947,0.3797115134261595,1,0.3797115134261595,0.5574125973956512,False,False,False
15,345,815,83,0.025901658460497856,2.4403247304010667,0.6254177233822467,0.16178339023727756,0.39360055680976214,1,0.39360055680976214,0.5574125973956512,False,False,False
15,346,815,83,0.0246919933706522,2.630800920877257,0.5853628137145304,0.1805328181083856,0.382947815911458,1,0.382947815911458,0.5574125973956512,False,False,False
15,347,815,87,0.02499512769281864,1.523809523809525,0.59540031747775,0.07156667750377799,0.333483497490764,1,0.333483497490764,0.5574125973956512,False,False,False
15,348,815,87,0.02498282678425312,1.3180257684074486,0.5949930049202837,0.051310457189253846,0.3231517310547688,1,0.3231517310547688,0.5574125973956512,False,False,False
15,349,815,87,0.024668684229254723,1.1445534956985346,0.5845909921905852,0.03423480139909075,0.30941289679483797,1,0.30941289679483797,0.5574125973956512,False,False,False
15,350,815,87,0.026337014511227608,1.0033927056827823,0.6398334054017211,0.0203397101332886,0.33008655776750484,0,0.33008655776750484,0.5574125973956512,False,False,False
15,351,815,87,0.026814809069037437,0.901328809725757,0.6556543280797832,0.010293101941963352,0.33297371501087325,0,0.33297371501087325,0.5574125973956512,False,False,False
15,352,815,89,0.026940051466226578,1.7025324124560763,0.6598014039506916,0.0891591750291496,0.3744802894899206,0,0.3744802894899206,0.5574125973956512,False,False,False
15,353,815,89,0.026213929057121277,1.4049032674986865,0.6357577510846506,0.05986220005412932,0.34780997556939,0,0.34780997556939,0.5574125973956512,False,False,False
15,354,815,89,0.0269478689879179,1.1718970879276212,0.6600602608258713,0.03692635412783106,0.3484933074768512,0,0.3484933074768512,0.5574125973956512,False,False,False
15,355,815,89,0.025725964456796646,1.00351387374288,0.6196000739299431,0.020351637250254788,0.31997585559009895,0,0.31997585559009895,0.5574125973956512,False,False,False
15,356,815,89,0.026255527511239052,0.8997536249444631,0.6371351755767608,0.010138049421400529,0.32363661249908066,0,0.32363661249908066,0.5574125973956512,False,False,False
15,357,815,89,0.026684872806072235,0.870794458580717,0.6513518270658076,0.007287468466442031,0.3293196477661248,0,0.3293196477661248,0.5574125973956512,False,False,False
15,358,815,89,0.02601846121251583,0.9353770346136744,0.6292853423788547,0.013644621809508537,0.3214649820941816,0,0.3214649820941816,0.5574125973956512,False,False,False
15,359,815,89,0.027017446234822273,1.0645825760329575,0.6623641301886208,0.026362904201297187,0.344363517194959,0,0.344363517194959,0.5574125973956512,False,False,False
15,360,815,89,0.026898911222815514,1.1989175653297786,0.6584391519130237,0.039586101211328,0.34901262656217585,0,0.34901262656217585,0.5574125973956512,False,False,False
15,361,815,89,0.02617216669023037,1.3655640373197624,0.6343748990478618,0.055989862745719876,0.3451823808967909,0,0.3451823808967909,0.5574125973956512,False,False,False
15,362,815,89,0.028807369992136955,1.5645219920029079,0.7216327947249238,0.0755741888044727,0.3986034917646982,0,0.3986034917646982,0.5574125973956512,False,False,False
15,363,815,89,0.028128648176789284,1.795791429379216,0.6991586890972842,0.0983390793875866,0.3987488842424354,0,0.3987488842424354,0.5574125973956512,False,False,False
15,364,815,89,0.02697821892797947,2.0593723494486857,0.6610652200644171,0.12428453449506141,0.39267487727973927,0,0.39267487727973927,0.5574125973956512,False,False,False
15,365,815,89,0.03011063113808632,2.3450866351629713,0.7647868940807272,0.1524086763017235,0.45859778519122535,0,0.45859778519122535,0.5574125973956512,False,False,False
15,366,815,89,0.029468348249793053,2.630800920877257,0.7435193686411121,0.1805328181083856,0.46202609337474887,0,0.46202609337474887,0.5574125973956512,False,False,False
15,367,815,89,0.028479348868131638,2.916515206591543,0.7107712293202281,0.20865695991504776,0.4597140946176379,0,0.4597140946176379,0.5574125973956512,False,False,False
15,368,815,90,0.02930036373436451,2.1529140918453904,0.7379569988186319,0.13349226879308654,0.4357246338058592,0,0.4357246338058592,0.5574125973956512,False,False,False
15,369,815,90,0.02818617969751358,2.2328446221575993,0.7010636956028056,0.14136019028522448,0.42121194294401504,0,0.42121194294401504,0.5574125973956512,False,False,False
15,370,815,91,0.027883118018507957,1.6699382042893511,0.6910285972287048,0.08595078056520064,0.38848968889695273,0,0.38848968889695273,0.5574125973956512,False,False,False
15,371,815,91,0.030204959213733673,1.703946039823903,0.7679103226899353,0.08929832472709048,0.42860432370851287,0,0.42860432370851287,0.5574125973956512,False,False,False
15,372,815,91,0.02961435541510582,1.8025768407447804,0.7483540157401604,0.09900699793770243,0.4236805068389314,0,0.4236805068389314,0.5574125973956512,False,False,False
15,373,815,91,0.028971225023269653,1.868896158972495,0.7270584274274915,0.10553510662395332,0.4162967670257224,0,0.4162967670257224,0.5574125973956512,False,False,False
15,374,815,91,0.028857972472906113,1.9641342542105904,0.723308364114489,0.11490982055950737,0.41910909233699817,0,0.41910909233699817,0.5574125973956512,False,False,False
15,375,815,91,0.03066154755651951,2.0593723494486857,0.7830290567752121,0.12428453449506141,0.4536567956351367,0,0.4536567956351367,0.5574125973956512,False,False,False
15,376,815,92,0.029387092217803,1.2957712347025332,0.7408287867200171,0.049119843373100214,0.39497431504655867,0,0.39497431504655867,0.5574125973956512,False,False,False
15,377,815,92,0.030087562277913094,1.3757017650147423,0.7640230288438675,0.05698776486523817,0.41050539685455284,0,0.41050539685455284,0.5574125973956512,False,False,False
15,378,815,95,0.02972792461514473,1.4966678783472687,0.7521145640826555,0.06889500330331473,0.41050478369298515,0,0.41050478369298515,0.5574125973956512,False,False,False
15,379,815,95,0.029720906168222427,1.2432650753261445,0.7518821664877837,0.04395142602101357,0.39791679625439863,0,0.39791679625439863,0.5574125973956512,False,False,False
15,380,815,96,0.028204187750816345,1.750151460075124,0.7016599853977155,0.09384653199692662,0.39775325869732103,0,0.39775325869732103,0.5574125973956512,False,False,False
15,381,815,96,0.028608107939362526,1.4508259622763424,0.7150347506951488,0.06438257738437732,0.38970866403976306,0,0.38970866403976306,0.5574125973956512,False,False,False
15,382,815,96,0.02929983288049698,1.2161234298638866,0.7379394209750707,0.04127975182055015,0.3896095863978104,0,0.3896095863978104,0.5574125973956512,False,False,False
15,383,815,96,0.027369918301701546,1.044347509996363,0.6740353249000793,0.02437107566791595,0.34920320028399765,0,0.34920320028399765,0.5574125973956512,False,False,False
15,384,815,96,0.02829967997968197,0.9048830728220025,0.70482196190947,0.010642964039642834,0.3577324629745564,0,0.3577324629745564,0.5574125973956512,False,False,False
15,385,815,98,0.028094951063394547,1.988246698170362,0.698042896929337,0.1172833168358117,0.40766310688257434,0,0.40766310688257434,0.5574125973956512,False,False,False
15,386,815,98,0.027709372341632843,1.595379457974877,0.6852754615461029,0.07861162792523739,0.3819435447356701,0,0.3819435447356701,0.5574125973956512,False,False,False
15,387,815,98,0.027404161170125008,1.272224241689889,0.6751691883247403,0.04680200697597191,0.3609855976503561,0,0.3609855976503561,0.5574125973956512,False,False,False
15,388,815,98,0.02819456346333027,1.0460034734843882,0.7013413021777838,0.024534079599789507,0.36293769088878663,0,0.36293769088878663,0.5574125973956512,False,False,False
15,389,815,98,0.030397050082683563,0.9592471424532478,0.7742709116400246,0.015994263851880217,0.3951325877459524,0,0.3951325877459524,0.5574125973956512,False,False,False
15,390,815,98,0.02935478463768959,0.9371137768084317,0.7397590053285492,0.013815577152692922,0.37678729124062105,0,0.37678729124062105,0.5574125973956512,False,False,False
15,391,815,98,0.028695138171315193,1.0238297184862053,0.7179165302128739,0.022351417194946734,0.3701339737039103,0,0.3701339737039103,0.5574125973956512,False,False,False
15,392,815,101,0.029813630506396294,2.131103841027505,0.754952491506444,0.13134538773914275,0.44314893962279334,0,0.44314893962279334,0.5574125973956512,False,False,False
15,393,815,101,0.02926015295088291,1.68722484753019,0.7366255234263569,0.0876523825857335,0.4121389530060452,0,0.4121389530060452,0.5574125973956512,False,False,False
15,394,815,101,0.03020850010216236,1.2807463952502107,0.7680275699903205,0.047640880869272144,0.4078342254297963,0,0.4078342254297963,0.5574125973956512,False,False,False
15,395,815,101,0.03091641515493393,0.9473726725635107,0.7914683336605358,0.014825406389177542,0.40314687002485666,0,0.40314687002485666,0.5574125973956512,False,False,False
15,396,815,101,0.030408063903450966,0.7211115150046442,0.7746356056364356,0.0,0.3873178028182178,0,0.3873178028182178,0.5574125973956512,False,False,False
15,397,815,101,0.03159433603286743,0.6717153358374726,0.8139159183312235,0.0,0.4069579591656117,0,0.4069579591656117,0.5574125973956512,False,False,False
15,398,815,101,0.03210625424981117,0.7413869703946039,0.8308667571287258,0.0,0.4154333785643629,0,0.4154333785643629,0.5574125973956512,False,False,False
15,399,815,101,0.03219166770577431,0.9437376307605315,0.8336950013193947,0.014467592880187086,0.42408129709979087,0,0.42408129709979087,0.5574125973956512,False,False,False
15,400,815,101,0.03285275027155876,1.2022294923058285,0.8555850291276511,0.039912109075075086,0.44774856910136307,0,0.44774856910136307,0.5574125973956512,False,False,False
15,401,815,101,0.033185068517923355,1.4403247304010667,0.8665888825502261,0.06334889391396017,0.46496888823209315,0,0.46496888823209315,0.5574125973956512,False,False,False
15,402,815,101,0.034010663628578186,1.6784199684963046,0.8939263149164085,0.08678567875284525,0.4903559968346269,0,0.4903559968346269,0.5574125973956512,False,False,False
15,403,815,101,0.032435737550258636,1.9165152065915427,0.8417767386990199,0.11022246359173034,0.47599960114537515,0,0.47599960114537515,0.5574125973956512,False,False,False
15,404,815,101,0.03275848925113678,2.1546104446867806,0.8524638208776296,0.1336592484306154,0.4930615346541225,0,0.4930615346541225,0.5574125973956512,False,False,False
15,405,815,101,0.03284173086285591,2.392705682782019,0.8552201501013078,0.1570960332695005,0.5061580916854042,0,0.5061580916854042,0.5574125973956512,False,False,False
15,406,815,101,0.03241662308573723,2.535562825639162,0.8411438129775299,0.1711581041728316,0.5061509585751808,0,0.5061509585751808,0.5574125973956512,False,False,False
15,407,815,101,0.03285875543951988,2.678419968496305,0.8557838746281464,0.18522017507616265,0.5205020248521546,0,0.5205020248521546,0.5574125973956512,False,False,False
15,408,815,101,0.03343141824007034,2.8212771113534476,0.8747461121421983,0.19928224597949368,0.537014179060846,0,0.537014179060846,0.5574125973956512,False,False,False
15,409,815,101,0.03494803607463837,2.9641342542105904,0.9249649626934866,0.21334431688282476,0.5691546397881557,0,0.5691546397881557,0.5574125973956512,True,False,False
15,410,815,101,0.0388258621096611,3.106991397067733,1.0533690745785147,0.22740638778615577,0.6403877311823353,0,0.6403877311823353,0.5574125973956512,True,False,False
15,411,815,102,0.04600249603390694,2.3910093299406285,1.2910046201249379,0.15692905363197163,0.7239668368784548,0,0.7239668368784548,0.5574125973956512,True,True,True
15,412,815,103,0.04974178597331047,1.9080334423845893,1.4148214699302994,0.10938756540408574,0.7621045176671926,0,0.7621045176671926,0.5574125973956512,True,True,False
15,413,815,103,0.04795528203248978,1.8451068298396553,1.3556660437125168,0.10319341599289263,0.7294297298527047,0,0.7294297298527047,0.5574125973956512,True,True,False
15,414,815,104,0.04168441891670227,1.419968496304376,1.1480227399998082,0.06134513826361289,0.6046839391317106,0,0.6046839391317106,0.5574125973956512,True,True,False
15,415,815,104,0.04203539714217186,1.311119188981785,1.159644470042719,0.05063061152217167,0.6051375407824454,0,0.6051375407824454,0.5574125973956512,True,True,False
15,416,815,104,0.04240788146853447,1.2668928470455196,1.1719783186181112,0.04627721382945258,0.6091277662237818,0,0.6091277662237818,0.5574125973956512,True,True,False
15,417,815,105,0.04114558547735214,0.976129892160428,1.1301806736954327,0.017656108815859134,0.5739183912556459,0,0.5739183912556459,0.5574125973956512,True,True,False
15,418,815,105,0.050204094499349594,0.8553657255947344,1.4301296129895282,0.005768748906059883,0.717949180947794,0,0.717949180947794,0.5574125973956512,True,True,False
15,419,815,105,0.0652589425444603,0.8315360071085265,1.9286317054860933,0.003423082569343558,0.9660273940277184,0,0.9660273940277184,0.5574125973956512,True,True,False
15,420,815,105,0.06674569100141525,0.9046407367018057,1.977861509373007,0.010619109805710309,0.9942403095893586,0,0.9942403095893586,0.5574125973956512,True,True,False
15,421,815,106,0.0389728881418705,0.5560806171493198,1.0582374588018715,0.0,0.5291187294009357,0,0.5291187294009357,0.5574125973956512,False,False,False
15,422,815,107,0.035838533192873,0.7823821640615544,0.9544514560457921,0.0,0.47722572802289603,0,0.47722572802289603,0.5574125973956512,False,False,False
15,423,815,107,0.033667534589767456,0.537461125247385,0.8825644902516265,0.0,0.44128224512581327,0,0.44128224512581327,0.5574125973956512,False,False,False
15,424,815,107,0.03699284419417381,0.39795629871965754,0.9926734592049099,0.0,0.49633672960245495,0,0.49633672960245495,0.5574125973956512,False,False,False
15,425,815,107,0.03385842218995094,0.4183125328163496,0.8888852360896438,0.0,0.4444426180448219,0,0.4444426180448219,0.5574125973956512,False,False,False
15,426,815,108,0.03060770593583584,0.512015832626519,0.7812462317016018,0.0,0.3906231158508009,0,0.3906231158508009,0.5574125973956512,False,False,False
15,427,815,108,0.03013909049332142,0.36568520537986027,0.7657292515255376,0.0,0.3828646257627688,0,0.3828646257627688,0.5574125973956512,False,False,False
15,428,815,108,0.03143361955881119,0.4098307686093933,0.8085942107739209,0.0,0.40429710538696045,0,0.40429710538696045,0.5574125973956512,False,False,False
15,429,815,110,0.03143877536058426,1.3691990791227429,0.8087649317247184,0.05634767625471046,0.43255630398971445,0,0.43255630398971445,0.5574125973956512,False,False,False
15,430,815,110,0.030248358845710754,0.9729391332444758,0.7693473884968653,0.017342028069078242,0.3933447082829718,0,0.3933447082829718,0.5574125973956512,False,False,False
15,431,815,110,0.031109780073165894,0.6140797285835442,0.7978711094351718,0.0,0.3989355547175859,0,0.3989355547175859,0.5574125973956512,False,False,False
15,432,815,110,0.030379166826605797,0.3895149238660681,0.7736787541802677,0.0,0.38683937709013383,0,0.38683937709013383,0.5574125973956512,False,False,False
15,433,815,110,0.03070301190018654,0.3809119915990141,0.784402040548949,0.0,0.3922010202744745,0,0.3922010202744745,0.5574125973956512,False,False,False
15,434,815,111,0.031854961067438126,0.5256270447110134,0.8225458377233806,0.0,0.4112729188616903,0,0.4112729188616903,0.5574125973956512,False,False,False
15,435,815,112,0.030320467427372932,1.0392584514721919,0.7717350764189118,0.023870136755329275,0.3978026065871205,0,0.3978026065871205,0.5574125973956512,False,False,False
15,436,815,112,0.03164854273200035,0.726321741588916,0.8157108320270723,0.0,0.40785541601353614,0,0.40785541601353614,0.5574125973956512,False,False,False
15,437,815,112,0.029792383313179016,0.4881861141403111,0.7542489460274889,0.0,0.37712447301374447,0,0.37712447301374447,0.5574125973956512,False,False,False
15,438,815,112,0.029863743111491203,0.4320045236075763,0.7566118399386176,0.0,0.3783059199693088,0,0.3783059199693088,0.5574125973956512,False,False,False
15,439,815,112,0.028969159349799156,0.5152469808958353,0.7269900280292132,0.0,0.3634950140146066,0,0.3634950140146066,0.5574125973956512,False,False,False
15,440,815,114,0.027642324566841125,1.1787228886465524,0.6830553490660061,0.037598248383602394,0.3603267987248042,0,0.3603267987248042,0.5574125973956512,False,False,False
15,441,815,114,0.02982265315949917,0.792641059816632,0.7552512531703396,0.0,0.3776256265851698,0,0.3776256265851698,0.5574125973956512,False,False,False
15,442,815,114,0.02936084195971489,0.5511127266852449,0.7399595777750786,0.0,0.3699797888875393,0,0.3699797888875393,0.5574125973956512,False,False,False
15,443,815,114,0.028093313798308372,0.45922694777656503,0.6979886831591957,0.0,0.34899434157959786,0,0.34899434157959786,0.5574125973956512,False,False,False
15,444,815,114,0.027975192293524742,0.5016761581647077,0.6940773970985831,0.0,0.34703869854929154,0,0.34703869854929154,0.5574125973956512,False,False,False
15,445,815,114,0.026505418121814728,0.6733712993254974,0.6454096524691181,0.0,0.32270482623455904,0,0.32270482623455904,0.5574125973956512,False,False,False
15,446,815,114,0.02687695063650608,0.9641342542105904,0.6577119842793884,0.016475324236189998,0.3370936542577892,0,0.3370936542577892,0.5574125973956512,False,False,False
15,447,815,114,0.02799910493195057,1.249848539924876,0.6948692018552083,0.04459946604285209,0.3697343339490302,0,0.3697343339490302,0.5574125973956512,False,False,False
15,448,815,114,0.02915053255856037,1.5355628256391618,0.7329957295692991,0.0727236078495142,0.4028596687094067,0,0.4028596687094067,0.5574125973956512,False,False,False
15,449,815,114,0.028848784044384956,1.8212771113534476,0.7230041132292707,0.10084774965617632,0.4119259314427235,0,0.4119259314427235,0.5574125973956512,False,False,False
15,450,815,116,0.028699977323412895,0.6223595460236704,0.7180767661341789,0.0,0.35903838306708946,0,0.35903838306708946,0.5574125973956512,False,False,False
15,451,815,116,0.026963233947753906,0.7022496869825126,0.6605690314628399,0.0,0.3302845157314199,0,0.3302845157314199,0.5574125973956512,False,False,False
15,452,815,117,0.025896336883306503,0.6207439718890109,0.6252415132101266,0.0,0.3126207566050633,0,0.3126207566050633,0.5574125973956512,False,False,False
15,453,815,117,0.026314105838537216,0.5934811583666539,0.639074844356252,0.0,0.319537422178126,0,0.319537422178126,0.5574125973956512,False,False,False
15,454,815,117,0.02730408124625683,0.6954642756169481,0.6718553022386309,0.0,0.33592765111931544,0,0.33592765111931544,0.5574125973956512,False,False,False
15,455,815,117,0.02638930454850197,0.857021689082758,0.6415648538308175,0.0059317528379332855,0.3237483033343754,0,0.3237483033343754,0.5574125973956512,False,False,False
15,456,815,117,0.02647976018488407,1.003271537622683,0.6445600566969953,0.02032778301632226,0.3324439198566588,0,0.3324439198566588,0.5574125973956512,False,False,False
15,457,815,121,0.025573812425136566,2.6549133648370287,0.6145619555820939,0.18290631438468996,0.39873413498339194,0,0.39873413498339194,0.5574125973956512,False,False,False
15,458,815,121,0.02562892623245716,2.2586534189587617,0.6163869058036069,0.14390066619905773,0.3801437860013323,0,0.3801437860013323,0.5574125973956512,False,False,False
15,459,815,121,0.025743773207068443,1.8947049557736573,0.620189764323937,0.10807558253778657,0.3641326734308618,0,0.3641326734308618,0.5574125973956512,False,False,False
15,460,815,121,0.02613881789147854,1.5630679752817143,0.6332706404123565,0.07543106340087632,0.3543508519066164,0,0.3543508519066164,0.5574125973956512,False,False,False
15,461,815,121,0.026551570743322372,1.3589805727210293,0.6469378763559899,0.0553418227238812,0.35113984953993554,0,0.35113984953993554,0.5574125973956512,False,False,False
15,462,815,121,0.0272099319845438,1.187204652853506,0.6687377945872538,0.038433146571247016,0.3535854705792504,0,0.3535854705792504,0.5574125973956512,False,False,False
15,463,815,121,0.02581983245909214,1.0477402156791453,0.6227082684080649,0.02470503494297388,0.3237066516755194,0,0.3237066516755194,0.5574125973956512,False,False,False
15,464,815,121,0.025613760575652122,0.9473726725635107,0.6158847345675543,0.014825406389177542,0.3153550704783659,0,0.3153550704783659,0.5574125973956512,False,False,False
15,465,815,121,0.026139818131923676,0.920109859041155,0.6333037607702243,0.012141805071747941,0.3227227829209861,0,0.3227227829209861,0.5574125973956512,False,False,False
15,466,815,121,0.024368830025196075,0.9897814935982865,0.5746621009975802,0.018999897327401406,0.2968309991624908,0,0.2968309991624908,0.5574125973956512,False,False,False
15,467,815,121,0.027270300313830376,1.1479058120279486,0.6707367346217002,0.03456478496849305,0.35265075979509664,0,0.35265075979509664,0.5574125973956512,False,False,False
15,468,815,121,0.024826060980558395,1.3706530958439351,0.5898021135250626,0.05649080165830671,0.32314645759168464,0,0.32314645759168464,0.5574125973956512,False,False,False
15,469,815,122,0.02512209303677082,0.967607738600105,0.5996044442444272,0.01681723492255877,0.308210839583493,0,0.308210839583493,0.5574125973956512,False,False,False
15,470,815,125,0.024459460750222206,1.843652813118462,0.577663101468301,0.10305029058929627,0.34035669602879864,0,0.34035669602879864,0.5574125973956512,False,False,False
15,471,815,125,0.0242556594312191,1.5188012439920835,0.570914751456917,0.0710736900025019,0.3209942207297094,0,0.3209942207297094,0.5574125973956512,False,False,False
15,472,815,125,0.024607311934232712,1.2585726402520292,0.5825588084449826,0.0454582184644295,0.3140085134547061,0,0.3140085134547061,0.5574125973956512,False,False,False
15,473,815,125,0.024868188425898552,1.110586049517347,0.5911970541840899,0.030891232942856152,0.311044143563473,0,0.311044143563473,0.5574125973956512,False,False,False
15,474,815,125,0.0228173416107893,1.0272224241689887,0.5232886019925779,0.022685376470004775,0.27298698923129133,0,0.27298698923129133,0.5574125973956512,False,False,False
15,475,815,125,0.023930687457323074,1.0084817642069548,0.5601541507185707,0.020840649045875407,0.29049739988222306,0,0.29049739988222306,0.5574125973956512,False,False,False
15,476,815,126,0.023546602576971054,0.9353770346136757,0.547436180003884,0.013644621809508668,0.28054040090669635,0,0.28054040090669635,0.5574125973956512,False,False,False
15,477,815,126,0.022391976788640022,0.8400985500222137,0.5092037534919177,0.004265932168299146,0.25673484283010845,0,0.25673484283010845,0.5574125973956512,False,False,False
15,478,815,126,0.021625375375151634,0.8298800436205015,0.48381974379685505,0.003260078637470014,0.24353991121716254,0,0.24353991121716254,0.5574125973956512,False,False,False
15,479,815,126,0.023593513295054436,0.8825881497637218,0.5489895062848941,0.008448374517833854,0.27871894040136397,0,0.27871894040136397,0.5574125973956512,False,False,False
15,480,815,126,0.02355787716805935,0.967607738600105,0.5478095087304655,0.01681723492255877,0.28231337182651217,0,0.28231337182651217,0.5574125973956512,False,False,False
15,481,815,126,0.0219743549823761,1.0917242214952139,0.49537529480067427,0.02903457840176045,0.26220493660121735,0,0.26220493660121735,0.5574125973956512,False,False,False
15,482,815,126,0.022095678374171257,1.2736782584110826,0.49939260301245053,0.04694513237956829,0.2731688676960094,0,0.2731688676960094,0.5574125973956512,False,False,False
15,483,815,127,0.02325972355902195,0.8162688315360072,0.5379369283135004,0.0019202658315829629,0.2699285970725417,0,0.2699285970725417,0.5574125973956512,False,False,False
15,484,815,127,0.021661847829818726,0.9284704551880122,0.4850274341644729,0.012964776142426492,0.2489961051534497,0,0.2489961051534497,0.5574125973956512,False,False,False
15,485,815,127,0.02198408544063568,1.1291247627125494,0.49569749358931814,0.03271608183870834,0.26420678771401324,0,0.26420678771401324,0.5574125973956512,False,False,False
15,486,815,127,0.022146545350551605,1.392705682782019,0.5010769304854742,0.05866153694618316,0.27986923371582867,0,0.27986923371582867,0.5574125973956512,False,False,False
15,487,815,127,0.022231625393033028,1.6784199684963046,0.5038941345568537,0.08678567875284525,0.2953399066548495,0,0.2953399066548495,0.5574125973956512,False,False,False
15,488,815,129,0.02198055014014244,0.8741063855567683,0.4955804313188652,0.007613476330189249,0.25159695382452724,0,0.25159695382452724,0.5574125973956512,False,False,False
15,489,815,129,0.023541368544101715,0.8570620784361263,0.5472628686340355,0.005935728543588914,0.2765992985888122,0,0.2765992985888122,0.5574125973956512,False,False,False
15,490,815,131,0.02295943908393383,1.2585726402520305,0.5279937898157142,0.045458218464429635,0.28672600414007193,0,0.28672600414007193,0.5574125973956512,False,False,False
15,491,815,131,0.023109303787350655,1.0136516014378625,0.5329561692446403,0.02134953936977334,0.2771528543072068,0,0.2771528543072068,0.5574125973956512,False,False,False
15,492,815,131,0.024009549990296364,0.8333535280100174,0.5627654781520304,0.003601989323838916,0.28318373373793465,0,0.28318373373793465,0.5574125973956512,False,False,False
15,493,815,131,0.023370634764432907,0.7176784199684965,0.5416094640849015,0.0,0.27080473204245076,0,0.27080473204245076,0.5574125973956512,False,False,False
15,494,815,131,0.0237335953861475,0.6598408659477354,0.5536279599791422,0.0,0.2768139799895711,0,0.2768139799895711,0.5574125973956512,False,False,False
15,495,815,131,0.024041613563895226,0.6734116886788643,0.5638271799031245,0.0,0.28191358995156224,0,0.28191358995156224,0.5574125973956512,False,False,False
15,496,815,132,0.02396542578935623,0.6973221858718045,0.5613044201305555,0.0,0.28065221006527774,0,0.28065221006527774,0.5574125973956512,False,False,False
15,497,815,132,0.022580720484256744,0.5799507249888946,0.5154535095126056,0.0,0.2577267547563028,0,0.2577267547563028,0.5574125973956512,False,False,False
15,498,815,133,0.0230720154941082,0.8572640252029549,0.5317214645069178,0.00595560707186581,0.2688385357893918,0,0.2688385357893918,0.5574125973956512,False,False,False
15,499,815,133,0.02319978177547455,0.658265681166444,0.535952112230547,0.0,0.2679760561152735,0,0.2679760561152735,0.5574125973956512,False,False,False
15,500,815,134,0.02315223403275013,1.0783553455309172,0.5343776925372635,0.027718619829805998,0.28104815618353474,1,0.28104815618353474,0.5574125973956512,False,False,False
15,501,815,134,0.023535866290330887,0.8011228240235863,0.5470806758274401,0.00042937621078863056,0.2737550260191144,1,0.2737550260191144,0.5574125973956512,False,False,False
15,502,815,134,0.023550599813461304,0.624217456278522,0.5475685380820674,0.0,0.2737842690410337,1,0.2737842690410337,0.5574125973956512,False,False,False
15,503,815,134,0.024339914321899414,0.5833434306716734,0.5737046327749715,0.0,0.28685231638748576,1,0.28685231638748576,0.5574125973956512,False,False,False
15,504,815,134,0.023975007236003876,0.7159416777737372,0.5616216847876734,0.0,0.2808108423938367,1,0.2808108423938367,0.5574125973956512,False,False,False
15,505,815,137,0.02401139959692955,2.083484793408457,0.5628267230595961,0.12665803077136573,0.34474237691548093,1,0.34474237691548093,0.5574125973956512,False,False,False
15,506,815,137,0.024123474955558777,1.6396057999111437,0.5665378067335437,0.08296502561795661,0.32475141617575015,1,0.32475141617575015,0.5574125973956512,False,False,False
15,507,815,137,0.02434115670621395,1.2280382891069905,0.5737457710965691,0.04245258498890831,0.30809917804273873,1,0.30809917804273873,0.5574125973956512,False,False,False
15,508,815,137,0.025522207841277122,0.8589603780443453,0.6128532041580168,0.00612258670939471,0.30948789543370575,1,0.30948789543370575,0.5574125973956512,False,False,False
15,509,815,137,0.024261759594082832,0.654832586130295,0.5711167424662601,0.0,0.28555837123313005,1,0.28555837123313005,0.5574125973956512,False,False,False
15,510,815,137,0.024842500686645508,0.5544246536612948,0.5903464715856619,0.0,0.29517323579283095,1,0.29517323579283095,0.5574125973956512,False,False,False
15,511,815,137,0.024725334718823433,0.5798699462821595,0.5864668256434594,0.0,0.2932334128217297,1,0.2932334128217297,0.5574125973956512,False,False,False
15,512,815,138,0.02479397878050804,0.6123429863887869,0.5887397950075277,0.0,0.29436989750376386,1,0.29436989750376386,0.5574125973956512,False,False,False
15,513,815,138,0.024993419647216797,0.5221535603215002,0.5953437599951339,0.0,0.29767187999756695,1,0.29767187999756695,0.5574125973956512,False,False,False
15,514,815,138,0.02396208420395851,0.5713881820752046,0.5611937722310862,0.0,0.2805968861155431,1,0.2805968861155431,0.5574125973956512,False,False,False
15,515,815,138,0.025428643450140953,0.772002100246375,0.6097550629728791,0.0,0.30487753148643953,1,0.30487753148643953,0.5574125973956512,False,False,False
15,516,815,138,0.02518594078719616,1.0593723494486855,0.6017185962500043,0.02585003817174402,0.3137843172108742,1,0.3137843172108742,0.5574125973956512,False,False,False
15,517,815,138,0.024539805948734283,1.3450866351629713,0.5803235235104437,0.05397417997840614,0.3171488517444249,1,0.3171488517444249,0.5574125973956512,False,False,False
15,518,815,138,0.024665674194693565,1.6308009208772571,0.5844913227337611,0.08209832178506825,0.3332948222594147,1,0.3332948222594147,0.5574125973956512,False,False,False
15,519,815,138,0.02377403900027275,1.868896158972495,0.5549671449519263,0.10553510662395332,0.3302511257879398,1,0.3302511257879398,0.5574125973956512,False,False,False
15,520,815,138,0.024769965559244156,2.106991397067733,0.5879446597121225,0.1289718914628384,0.35845827558748045,1,0.35845827558748045,0.5574125973956512,False,False,False
15,521,815,138,0.024176960811018944,2.297467587543924,0.5683088515681358,0.1477213193339465,0.35801508545104116,1,0.35801508545104116,0.5574125973956512,False,False,False
15,522,815,138,0.024552417919039726,2.487943778020114,0.5807411360674705,0.16647074720505456,0.3736059416362625,1,0.3736059416362625,0.5574125973956512,False,False,False
15,523,815,138,0.024300910532474518,2.678419968496305,0.5724131238480568,0.18522017507616265,0.3788166494621097,1,0.3788166494621097,0.5574125973956512,False,False,False
15,524,815,139,0.023752426728606224,2.0100569489882476,0.5542515108507328,0.1194301978897555,0.33684085437024414,1,0.33684085437024414,0.5574125973956512,False,False,False
15,525,815,139,0.023712143301963806,2.185225574538553,0.552917630069339,0.1366728333174476,0.3447952316933933,1,0.3447952316933933,0.5574125973956512,False,False,False
15,526,815,139,0.02484033815562725,2.249848539924876,0.5902748650018917,0.14303396236616947,0.3666544136840306,1,0.3666544136840306,0.5574125973956512,False,False,False
15,527,815,139,0.024243569001555443,2.3450866351629713,0.5705144083602309,0.1524086763017235,0.3614615423309772,1,0.3614615423309772,0.5574125973956512,False,False,False
15,528,815,139,0.024594388902187347,2.4403247304010667,0.5821308958883955,0.16178339023727756,0.37195714306283656,1,0.37195714306283656,0.5574125973956512,False,False,False
15,529,815,139,0.024446923285722733,2.535562825639162,0.5772479559770372,0.1711581041728316,0.3742030300749344,1,0.3742030300749344,0.5574125973956512,False,False,False
15,530,815,139,0.024862395599484444,2.630800920877257,0.5910052398210189,0.1805328181083856,0.3857690289647023,1,0.3857690289647023,0.5574125973956512,False,False,False
15,531,815,139,0.026204008609056473,2.7260390161153523,0.6354292612783111,0.18990753204393965,0.41266839666112537,1,0.41266839666112537,0.5574125973956512,False,False,False
15,532,815,139,0.025784553959965706,2.8212771113534476,0.6215401127692985,0.19928224597949368,0.4104111793743961,1,0.4104111793743961,0.5574125973956512,False,False,False
15,533,815,141,0.025311468169093132,1.4318429661941117,0.6058751086474562,0.06251399572631543,0.3341945521868858,1,0.3341945521868858,0.5574125973956512,False,False,False
15,534,815,141,0.024406373500823975,1.4165354012682267,0.5759052554355408,0.061007203282899464,0.31845622935922013,1,0.31845622935922013,0.5574125973956512,False,False,False
15,535,815,142,0.02537664957344532,1.039016115351995,0.6080334211301904,0.02384628252139675,0.3159398518257936,1,0.3159398518257936,0.5574125973956512,False,False,False
15,536,815,142,0.02493450976908207,0.977785855648453,0.5933931127729977,0.017819112747732676,0.30560611276036515,1,0.30560611276036515,0.5574125973956512,False,False,False
15,537,815,142,0.02509521320462227,0.9811785613312338,0.5987143885937917,0.018153072022790463,0.3084337303082911,1,0.3084337303082911,0.5574125973956512,False,False,False
15,538,815,142,0.025743937119841576,1.0474978795589498,0.6201951918686155,0.024681180709041486,0.3224381862888285,1,0.3224381862888285,0.5574125973956512,False,False,False
15,539,815,142,0.025577928870916367,1.1461286804798259,0.614698260965498,0.03438985391965331,0.32454405744257564,1,0.32454405744257564,0.5574125973956512,False,False,False
15,540,815,142,0.02485714666545391,1.277070964093865,0.5908314350380177,0.04727909165462622,0.31905526334632195,1,0.31905526334632195,0.5574125973956512,False,False,False
15,541,815,142,0.025556204840540886,1.4403247304010667,0.61397892626566,0.06334889391396017,0.33866391008981006,1,0.33866391008981006,0.5574125973956512,False,False,False
15,542,815,142,0.02471133880317211,1.6308009208772571,0.5860033873398854,0.08209832178506825,0.33405085456247685,1,0.33405085456247685,0.5574125973956512,False,False,False
15,543,815,142,0.025498228147625923,1.8212771113534476,0.6120591790422049,0.10084774965617632,0.35645346434919056,1,0.35645346434919056,0.5574125973956512,False,False,False
15,544,815,142,0.02545560523867607,2.011753301829638,0.6106478323958539,0.11959717752728437,0.3651225049615691,1,0.3651225049615691,0.5574125973956512,False,False,False
15,545,815,142,0.026430092751979828,2.1546104446867806,0.6429154489827554,0.1336592484306154,0.3882873487066854,1,0.3882873487066854,0.5574125973956512,False,False,False
15,546,815,142,0.025824490934610367,2.297467587543924,0.6228625216948945,0.1477213193339465,0.3852919205144205,1,0.3852919205144205,0.5574125973956512,False,False,False
15,547,815,142,0.02545473538339138,2.4403247304010667,0.6106190294030712,0.16178339023727756,0.38620120982017436,1,0.38620120982017436,0.5574125973956512,False,False,False
15,548,815,142,0.025364037603139877,2.5831818732582095,0.6076158085731638,0.1758454611406086,0.3917306348568862,1,0.3917306348568862,0.5574125973956512,False,False,False
15,549,815,142,0.02488425374031067,2.7260390161153523,0.5917290152392303,0.18990753204393965,0.39081827364158495,1,0.39081827364158495,0.5574125973956512,False,False,False
15,550,815,142,0.025441458448767662,2.868896158972495,0.6101793982841099,0.20396960294727068,0.4070745006156903,1,0.4070745006156903,0.5574125973956512,False,False,False
15,551,815,142,0.02633427456021309,3.011753301829638,0.6397426790582879,0.21803167385060176,0.4288871764544448,1,0.4288871764544448,0.5574125973956512,False,False,False
15,552,815,142,0.025763951241970062,3.1546104446867806,0.6208579074091933,0.23209374475393277,0.42647582608156304,1,0.42647582608156304,0.5574125973956512,False,False,False
15,553,815,142,0.025350205600261688,3.297467587543924,0.6071577978142684,0.24615581565726385,0.4266568067357661,1,0.4266568067357661,0.5574125973956512,False,False,False
15,554,815,142,0.025219233706593513,3.3450866351629713,0.6028210045861875,0.25084317262504086,0.42683208860561417,1,0.42683208860561417,0.5574125973956512,False,False,False
15,555,815,142,0.024658435955643654,3.392705682782019,0.5842516472948887,0.25553052959281786,0.41989108844385326,1,0.41989108844385326,0.5574125973956512,False,False,False
15,556,815,142,0.023900268599390984,3.392705682782019,0.5591469094441941,0.25553052959281786,0.407338719518506,1,0.407338719518506,0.5574125973956512,False,False,False
15,557,815,142,0.025874415412545204,3.392705682782019,0.6245156407860167,0.25553052959281786,0.4400230851894173,1,0.4400230851894173,0.5574125973956512,False,False,False
15,558,815,145,0.02669879049062729,1.658063734399614,0.6518126749503305,0.08478192310249798,0.3682972990264142,1,0.3682972990264142,0.5574125973956512,False,False,False
15,559,815,145,0.024951325729489326,1.547518074235634,0.5939499295157,0.073900416723528,0.333925173119614,1,0.333925173119614,0.5574125973956512,False,False,False
15,560,815,145,0.025673318654298782,1.4692838967648139,0.6178568452618285,0.06619947486891879,0.3420281600653736,1,0.3420281600653736,0.5574125973956512,False,False,False
15,561,815,145,0.026395121589303017,1.4233612019871569,0.6417574699902614,0.06167909753867069,0.35171828376446607,1,0.35171828376446607,0.5574125973956512,False,False,False
15,562,815,145,0.025415515527129173,1.4097499899026624,0.6093203659854438,0.060339284732783625,0.3348298253591137,1,0.3348298253591137,0.5574125973956512,False,False,False
15,563,815,145,0.026557210832834244,1.4284502605113307,0.6471246332342467,0.06218003645125762,0.35465233484275216,1,0.35465233484275216,0.5574125973956512,False,False,False
15,564,815,145,0.026199158281087875,1.4794620138131593,0.6352686552971418,0.06720135269409244,0.35123500399561713,1,0.35123500399561713,0.5574125973956512,False,False,False
15,565,815,145,0.02676425501704216,1.5627852498081505,0.653980362282964,0.07540323346128831,0.36469179787212613,1,0.36469179787212613,0.5574125973956512,False,False,False
15,566,815,145,0.025944581255316734,1.6784199684963046,0.6268389999682937,0.08678567875284525,0.3568123393605695,1,0.3568123393605695,0.5574125973956512,False,False,False
15,567,815,145,0.026263795793056488,1.8212771113534476,0.6374089581998064,0.10084774965617632,0.36912835392799137,1,0.36912835392799137,0.5574125973956512,False,False,False
15,568,815,145,0.025998957455158234,1.9641342542105904,0.6286395262387533,0.11490982055950737,0.37177467339913034,1,0.37177467339913034,0.5574125973956512,False,False,False
15,569,815,145,0.025982946157455444,2.106991397067733,0.6281093538062911,0.1289718914628384,0.3785406226345647,1,0.3785406226345647,0.5574125973956512,False,False,False
15,570,815,145,0.0248912051320076,2.249848539924876,0.5919591924749155,0.14303396236616947,0.3674965774205425,1,0.3674965774205425,0.5574125973956512,False,False,False
15,571,815,148,0.026374654844403267,0.9404660931378498,0.6410797670251736,0.014145560722095628,0.3276126638736346,1,0.3276126638736346,0.5574125973956512,False,False,False
15,572,815,148,0.025054214522242546,0.8537097621067095,0.5973568239810734,0.005605744974186339,0.30148128447762984,1,0.30148128447762984,0.5574125973956512,False,False,False
15,573,815,148,0.025378862395882607,0.831576396461892,0.6081066929833507,0.003427058274998913,0.3057668756291748,1,0.3057668756291748,0.5574125973956512,False,False,False
15,574,815,148,0.02640416845679283,0.8740659962034001,0.64205703345053,0.007609500624533621,0.3248332670375318,1,0.3248332670375318,0.5574125973956512,False,False,False
15,575,815,148,0.026148708537220955,0.9811785613312338,0.6335981433923907,0.018153072022790463,0.3258756077075906,1,0.3258756077075906,0.5574125973956512,False,False,False
15,576,815,148,0.025975815951824188,1.1427359747970451,0.6278732556127747,0.03405589464459553,0.33096457512868516,1,0.33096457512868516,0.5574125973956512,False,False,False
15,577,815,148,0.025119785219430923,1.3366048709560165,0.5995280268824192,0.0531392817907614,0.32633365433659034,1,0.32633365433659034,0.5574125973956512,False,False,False
15,578,815,148,0.024776723235845566,1.5627852498081505,0.5881684225768239,0.07540323346128831,0.3317858280190561,1,0.3317858280190561,0.5574125973956512,False,False,False
15,579,815,148,0.02597411721944809,1.6784199684963046,0.6278170065133791,0.08678567875284525,0.3573013426331122,1,0.3573013426331122,0.5574125973956512,False,False,False
15,580,815,148,0.025836020708084106,1.8212771113534476,0.6232443001217142,0.10084774965617632,0.3620460248889452,1,0.3620460248889452,0.5574125973956512,False,False,False
15,581,815,148,0.02476975880563259,1.9641342542105904,0.5879378136046303,0.11490982055950737,0.3514238170820688,1,0.3514238170820688,0.5574125973956512,False,False,False
15,582,815,149,0.025886498391628265,1.2481521870834857,0.6249157371761264,0.04443248640532321,0.3346741117907248,1,0.3346741117907248,0.5574125973956512,False,False,False
15,583,815,149,0.02555386908352375,1.3757017650147436,0.613901583753991,0.0569877648652383,0.3354446743096146,1,0.3354446743096146,0.5574125973956512,False,False,False
15,584,815,149,0.02576482482254505,1.5355628256391618,0.6208868337552641,0.0727236078495142,0.3468052208023892,1,0.3468052208023892,0.5574125973956512,False,False,False
15,585,815,149,0.02682487480342388,1.7260390161153523,0.6559876286643604,0.09147303572062228,0.37373033219249135,1,0.37373033219249135,0.5574125973956512,False,False,False
15,586,815,149,0.02641514502465725,1.9165152065915427,0.6424204939140595,0.11022246359173034,0.37632147875289496,1,0.37632147875289496,0.5574125973956512,False,False,False
15,587,815,149,0.025291001424193382,2.106991397067733,0.6051974056823684,0.1289718914628384,0.36708464857260337,1,0.36708464857260337,0.5574125973956512,False,False,False
15,588,815,149,0.02527192234992981,2.297467587543924,0.6045656518171157,0.1477213193339465,0.3761434855755311,1,0.3761434855755311,0.5574125973956512,False,False,False
15,589,815,149,0.025404280051589012,2.487943778020114,0.6089483324683879,0.16647074720505456,0.3877095398367212,1,0.3877095398367212,0.5574125973956512,False,False,False
15,590,815,149,0.025242211297154427,2.678419968496305,0.6035818476674875,0.18522017507616265,0.39440101137182504,1,0.39440101137182504,0.5574125973956512,False,False,False
15,591,815,149,0.024364048615098,2.868896158972495,0.5745037770522416,0.20396960294727068,0.38923668999975614,1,0.38923668999975614,0.5574125973956512,False,False,False
15,592,815,149,0.024252044036984444,2.916515206591543,0.5707950370907688,0.20865695991504776,0.3897259985029083,1,0.3897259985029083,0.5574125973956512,False,False,False
15,593,815,149,0.024490727111697197,2.9641342542105904,0.5786984056157314,0.21334431688282476,0.39602136124927806,1,0.39602136124927806,0.5574125973956512,False,False,False
15,594,815,149,0.025128312408924103,3.011753301829638,0.5998103825589911,0.21803167385060176,0.4089210282047964,1,0.4089210282047964,0.5574125973956512,False,False,False
15,595,815,149,0.023869387805461884,3.0593723494486857,0.5581243723620871,0.22271903081837877,0.39042170159023293,1,0.39042170159023293,0.5574125973956512,False,False,False
15,596,815,149,0.025008248165249825,3.106991397067733,0.595834767758609,0.22740638778615577,0.41162057777238237,1,0.41162057777238237,0.5574125973956512,False,False,False
15,597,815,149,0.024602996185421944,3.1546104446867806,0.5824159036606626,0.23209374475393277,0.4072548242072977,1,0.4072548242072977,0.5574125973956512,False,False,False
15,598,815,149,0.024397769942879677,3.2022294923058285,0.5756203710165618,0.23678110172170985,0.40620073636913584,1,0.40620073636913584,0.5574125973956512,False,False,False
15,599,815,149,0.02499064989387989,3.249848539924876,0.5952520468253956,0.24146845868948685,0.4183602527574412,1,0.4183602527574412,0.5574125973956512,False,False,False
15,600,815,149,0.026184801012277603,3.297467587543924,0.6347932517246174,0.24615581565726385,0.44047453369094064,1,0.44047453369094064,0.5574125973956512,False,False,False
15,601,815,149,0.026004143059253693,3.3450866351629713,0.628811234015856,0.25084317262504086,0.43982720332044845,1,0.43982720332044845,0.5574125973956512,False,False,False
15,602,815,149,0.0258230809122324,3.392705682782019,0.6228158324753303,0.25553052959281786,0.4391731810340741,1,0.4391731810340741,0.5574125973956512,False,False,False
15,603,815,149,0.02624569460749626,3.392705682782019,0.6368095845726929,0.25553052959281786,0.44617005708275537,1,0.44617005708275537,0.5574125973956512,False,False,False
15,604,815,149,0.026247933506965637,3.392705682782019,0.63688371989887,0.25553052959281786,0.44620712474584395,1,0.44620712474584395,0.5574125973956512,False,False,False
15,605,815,149,0.02489943616092205,3.392705682782019,0.5922317415650795,0.25553052959281786,0.4238811355789487,1,0.4238811355789487,0.5574125973956512,False,False,False
15,606,815,149,0.025303591042757034,3.392705682782019,0.6056142781196662,0.25553052959281786,0.430572403856242,1,0.430572403856242,0.5574125973956512,False,False,False
15,607,815,149,0.02679670974612236,3.392705682782019,0.6550550161293137,0.25553052959281786,0.4552927728610658,1,0.4552927728610658,0.5574125973956512,False,False,False
15,608,815,152,0.02654315158724785,1.658063734399614,0.6466590979247743,0.08478192310249798,0.36572051051363613,1,0.36572051051363613,0.5574125973956512,False,False,False
15,609,815,152,0.026477839797735214,1.547518074235634,0.6444964680769547,0.073900416723528,0.35919844240024135,1,0.35919844240024135,0.5574125973956512,False,False,False
15,610,815,152,0.025679927319288254,1.4692838967648139,0.618075673995004,0.06619947486891879,0.34213757443196136,1,0.34213757443196136,0.5574125973956512,False,False,False
15,611,815,152,0.025325125083327293,1.4233612019871569,0.6063273218018086,0.06167909753867069,0.33400320967023966,1,0.33400320967023966,0.5574125973956512,False,False,False
15,612,815,152,0.025651361793279648,1.4097499899026624,0.6171298009814812,0.060339284732783625,0.3387345428571324,1,0.3387345428571324,0.5574125973956512,False,False,False
15,613,815,152,0.025172404944896698,1.4284502605113307,0.6012703920775168,0.06218003645125762,0.33172521426438717,1,0.33172521426438717,0.5574125973956512,False,False,False
15,614,815,152,0.02569921314716339,1.4794620138131593,0.6187142739677487,0.06720135269409244,0.34295781333092057,1,0.34295781333092057,0.5574125973956512,False,False,False
15,615,815,152,0.02587742917239666,1.5627852498081505,0.6246154335961288,0.07540323346128831,0.35000933352870855,1,0.35000933352870855,0.5574125973956512,False,False,False
15,616,815,152,0.024923350661993027,1.6784199684963046,0.5930236079983489,0.08678567875284525,0.33990464337559706,1,0.33990464337559706,0.5574125973956512,False,False,False
15,617,815,152,0.02423255890607834,1.8212771113534476,0.570149837717108,0.10084774965617632,0.33549879368664215,1,0.33549879368664215,0.5574125973956512,False,False,False
15,618,815,152,0.025608321651816368,1.9641342542105904,0.6157046387668575,0.11490982055950737,0.36530722966318246,1,0.36530722966318246,0.5574125973956512,False,False,False
15,619,815,152,0.026288680732250214,2.106991397067733,0.6382329581646384,0.1289718914628384,0.3836024248137384,1,0.3836024248137384,0.5574125973956512,False,False,False
15,620,815,152,0.025161366909742355,2.249848539924876,0.6009048962847328,0.14303396236616947,0.37196942932545113,1,0.37196942932545113,0.5574125973956512,False,False,False
15,621,815,152,0.024643901735544205,2.392705682782019,0.5837703844411772,0.1570960332695005,0.37043320885533887,1,0.37043320885533887,0.5574125973956512,False,False,False
15,622,815,152,0.025762805715203285,2.535562825639162,0.6208199762730876,0.1711581041728316,0.3959890402229596,1,0.3959890402229596,0.5574125973956512,False,False,False
15,623,815,152,0.026281021535396576,2.678419968496305,0.6379793438042051,0.18522017507616265,0.41159975944018384,1,0.41159975944018384,0.5574125973956512,False,False,False
15,624,815,155,0.025368597358465195,1.1087685286158573,0.6077667929978575,0.030712326188360915,0.31923955959310923,1,0.31923955959310923,0.5574125973956512,False,False,False
15,625,815,155,0.02543484792113304,1.1189466456642054,0.6099605078742905,0.031714204013534836,0.32083735594391266,1,0.32083735594391266,0.5574125973956512,False,False,False
15,626,815,157,0.025131292641162872,1.5969950321095365,0.5999090651895099,0.07877065615145558,0.3393398606704828,1,0.3393398606704828,0.5574125973956512,False,False,False
15,627,815,157,0.024862583726644516,1.3860818288299217,0.5910114691620705,0.05800952121868925,0.3245104951903799,1,0.3245104951903799,0.5574125973956512,False,False,False
15,628,815,157,0.025613784790039062,1.23979159093663,0.6158855363639273,0.04360951533464479,0.329747525849286,1,0.329747525849286,0.5574125973956512,False,False,False
15,629,815,157,0.02514342963695526,1.0986308009208774,0.6003109502022977,0.029714424068842626,0.3150126871355702,1,0.3150126871355702,0.5574125973956512,False,False,False
15,630,815,157,0.025878531858325005,0.9931741992810688,0.6246519461694208,0.019333856602459336,0.32199290138594006,1,0.32199290138594006,0.5574125973956512,False,False,False
15,631,815,157,0.02608206309378147,0.9523405630275855,0.6313913530674141,0.015314418184798163,0.32335288562610615,1,0.32335288562610615,0.5574125973956512,False,False,False
15,632,815,157,0.025561632588505745,0.9727371864776444,0.6141586520064923,0.017322149540801073,0.3157404007736467,1,0.3157404007736467,0.5574125973956512,False,False,False
15,633,815,157,0.026004455983638763,1.0254452926208661,0.6288215956920604,0.022510445421165055,0.32566602055661276,1,0.32566602055661276,0.5574125973956512,False,False,False
15,634,815,157,0.02684831991791725,1.1104648814572478,0.6567639525833231,0.030879305825889814,0.34382162920460646,1,0.34382162920460646,0.5574125973956512,False,False,False
15,635,815,157,0.025081133469939232,1.2277959529867923,0.5982481748412345,0.042428730754975656,0.3203384527981051,1,0.3203384527981051,0.5574125973956512,False,False,False
15,636,815,157,0.02611534483730793,1.3774385072094997,0.6324933913437327,0.05715872020842257,0.34482605577607767,1,0.34482605577607767,0.5574125973956512,False,False,False
15,637,815,157,0.026092426851391792,1.5593925441253698,0.6317345219150432,0.07506927418623054,0.3534018980506369,1,0.3534018980506369,0.5574125973956512,False,False,False
15,638,815,164,0.025317784398794174,4.893008602932267,0.606084254147512,0.4032120918702098,0.5046481730088609,1,0.5046481730088609,0.5574125973956512,False,False,False
15,639,815,165,0.02529311738908291,5.273960983884647,0.6052674703500367,0.44071094761242585,0.5229892089812312,1,0.5229892089812312,0.5574125973956512,False,False,False
15,640,815,165,0.024672001600265503,4.687224847530191,0.5847008382936814,0.3829558715556857,0.48382835492468357,1,0.48382835492468357,0.5574125973956512,False,False,False
15,641,815,165,0.02548278123140335,4.134496546710285,0.6115476946328972,0.32854833966083524,0.47004801714686617,1,0.47004801714686617,0.5574125973956512,False,False,False
15,642,815,164,0.025683680549263954,3.0732662870067435,0.6181999524328136,0.22408667356385384,0.4211433129983337,1,0.4211433129983337,0.5574125973956512,False,False,False
15,643,815,165,0.026830967515707016,3.2025122177793923,0.6561893729671273,0.23680893166129782,0.44649915231421256,1,0.44649915231421256,0.5574125973956512,False,False,False
15,644,815,165,0.02603032812476158,2.7450220121975843,0.6296782842782518,0.19177611370200168,0.4107271989901267,1,0.4107271989901267,0.5574125973956512,False,False,False
15,645,815,165,0.026239583268761635,2.46439678500747,0.6366072235034852,0.16415291080792624,0.40038006715570573,1,0.40038006715570573,0.5574125973956512,False,False,False
15,646,815,165,0.02440214529633522,2.246698170362291,0.5757652494534923,0.14272385732504408,0.3592445533892682,1,0.3592445533892682,0.5574125973956512,False,False,False
15,647,815,165,0.025183625519275665,2.1565491336483698,0.60164193218142,0.133850082302077,0.36774600724174855,1,0.36774600724174855,0.5574125973956512,False,False,False
15,648,815,164,0.024932850152254105,2.0987115796276083,0.5933381588831275,0.1281568718034707,0.3607475153432991,1,0.3607475153432991,0.5574125973956512,False,False,False
15,649,815,164,0.025592368096113205,2.1208045559190576,0.6151763783103615,0.1303315827970025,0.37275398055368203,1,0.37275398055368203,0.5574125973956512,False,False,False
15,650,815,164,0.025574568659067154,2.1752090149036696,0.614586996299588,0.13568685831489535,0.3751369273072417,1,0.3751369273072417,0.5574125973956512,False,False,False
15,651,815,164,0.025392185896635056,2.2619249565814448,0.6085478660184138,0.14422269835714932,0.37638528218778156,1,0.37638528218778156,0.5574125973956512,False,False,False
15,652,815,164,0.02528047002851963,2.3809523809523796,0.6048486859367725,0.15593910292376406,0.3803938944302683,1,0.3803938944302683,0.5574125973956512,False,False,False
15,653,815,164,0.024540690705180168,2.532291288016477,0.580352819916379,0.17083607201473983,0.3755944459655594,1,0.3755944459655594,0.5574125973956512,False,False,False
15,654,815,164,0.023730793967843056,2.715941677773738,0.5535351983064545,0.18891360563007673,0.3712244019682656,1,0.3712244019682656,0.5574125973956512,False,False,False
15,655,815,164,0.024243148043751717,2.931903550224161,0.5705004694386702,0.21017170376977465,0.3903360866042224,1,0.3903360866042224,0.5574125973956512,False,False,False
15,656,815,163,0.02400537207722664,4.059372349448686,0.5626271374393719,0.32115352714169615,0.441890332290534,1,0.441890332290534,0.5574125973956512,False,False,False
15,657,815,163,0.023631105199456215,4.345086635162971,0.5502342643156006,0.3492776689483582,0.4497559666319794,1,0.4497559666319794,0.5574125973956512,False,False,False
15,658,815,163,0.024247219786047935,4.630800920877257,0.5706352945826165,0.37740181075502033,0.4740185526688184,1,0.4740185526688184,0.5574125973956512,False,False,False
15,659,815,163,0.023763425648212433,4.5831818732582095,0.5546157114339912,0.3727144537872433,0.4636650826106173,1,0.4636650826106173,0.5574125973956512,False,False,False
15,660,815,163,0.024121379479765892,4.487943778020115,0.5664684205089602,0.3633397398516893,0.46490408018032475,1,0.46490408018032475,0.5574125973956512,False,False,False
15,661,815,163,0.024183621630072594,4.392705682782019,0.5685294072473454,0.3539650259161352,0.4612472165817403,1,0.4612472165817403,0.5574125973956512,False,False,False
15,662,815,164,0.024661391973495483,3.438628377559676,0.5843495281290345,0.26005090692306604,0.4222002175260503,1,0.4222002175260503,0.5574125973956512,False,False,False
15,663,815,164,0.024676715955138206,3.375701765014744,0.5848569418798333,0.2538567575118731,0.4193568496958532,1,0.4193568496958532,0.5574125973956512,False,False,False
15,664,815,164,0.02494819648563862,3.297467587543924,0.5938463127536552,0.24615581565726385,0.4200010642054595,1,0.4200010642054595,0.5574125973956512,False,False,False
15,665,815,164,0.02484191581606865,3.249848539924876,0.5903271051194227,0.24146845868948685,0.41589778190445476,1,0.41589778190445476,0.5574125973956512,False,False,False
15,666,815,164,0.02475634403526783,3.2022294923058285,0.5874936184140075,0.23678110172170985,0.41213736006785867,1,0.41213736006785867,0.5574125973956512,False,False,False
15,667,815,164,0.02375253103673458,3.1546104446867806,0.5542549647428009,0.23209374475393277,0.3931743547483668,1,0.3931743547483668,0.5574125973956512,False,False,False
15,668,815,164,0.023518921807408333,3.106991397067733,0.5465196033962967,0.22740638778615577,0.3869629955912262,1,0.3869629955912262,0.5574125973956512,False,False,False
15,669,815,164,0.024311993271112442,3.106991397067733,0.5727800998802985,0.22740638778615577,0.40009324383322714,1,0.40009324383322714,0.5574125973956512,False,False,False
15,670,815,164,0.024678129702806473,3.106991397067733,0.5849037544526857,0.22740638778615577,0.40615507111942073,1,0.40615507111942073,0.5574125973956512,False,False,False
15,671,815,164,0.02432532235980034,3.106991397067733,0.5732214579452939,0.22740638778615577,0.4003139228657248,1,0.4003139228657248,0.5574125973956512,False,False,False
15,672,815,164,0.024172769859433174,3.106991397067733,0.5681700791189688,0.22740638778615577,0.39778823345256226,1,0.39778823345256226,0.5574125973956512,False,False,False
15,673,815,164,0.02469390071928501,3.106991397067733,0.5854259705980623,0.22740638778615577,0.40641617919210904,1,0.40641617919210904,0.5574125973956512,False,False,False
15,674,815,164,0.02455250360071659,3.106991397067733,0.5807439731930979,0.22740638778615577,0.4040751804896268,1,0.4040751804896268,0.5574125973956512,False,False,False
15,675,815,165,0.023572014644742012,2.2481521870834857,0.5482776344589891,0.1428669827286406,0.3455723085938149,1,0.3455723085938149,0.5574125973956512,False,False,False
15,676,815,165,0.024332420900464058,2.232844622157601,0.5734565076358609,0.14136019028522465,0.35740834896054274,1,0.35740834896054274,0.5574125973956512,False,False,False
15,677,815,165,0.02399110607802868,2.297467587543924,0.5621547560224072,0.1477213193339465,0.35493803767817683,1,0.35493803767817683,0.5574125973956512,False,False,False
15,678,815,165,0.023728087544441223,2.392705682782019,0.5534455821426145,0.1570960332695005,0.3552708077060575,1,0.3552708077060575,0.5574125973956512,False,False,False
15,679,815,165,0.024378031492233276,2.487943778020114,0.574966783619307,0.16647074720505456,0.37071876541218074,1,0.37071876541218074,0.5574125973956512,False,False,False
15,680,815,167,0.02493918687105179,1.3247304010662806,0.5935479828262681,0.051970424328058845,0.3227592035771635,1,0.3227592035771635,0.5574125973956512,False,False,False
15,681,815,167,0.024179652333259583,1.2651964942041292,0.5683979743188231,0.04611023419192368,0.3072541042553734,1,0.3072541042553734,0.5574125973956512,False,False,False
15,682,815,167,0.02364611253142357,1.2702855527283003,0.5507311930369068,0.04661117310451036,0.29867118307070856,1,0.29867118307070856,0.5574125973956512,False,False,False
15,683,815,167,0.02428434230387211,1.2923785290197496,0.5718645100990163,0.04878588409804215,0.31032519709852924,1,0.31032519709852924,0.5574125973956512,False,False,False
15,684,815,167,0.024546412751078606,1.3740054121733505,0.5805422905669751,0.056820785227709135,0.31868153789734216,1,0.31868153789734216,0.5574125973956512,False,False,False
15,685,815,167,0.023638589307665825,1.4879437780201141,0.5504820810714909,0.06803625088173718,0.309259165976614,1,0.309259165976614,0.5574125973956512,False,False,False
15,686,815,167,0.02369094267487526,1.6308009208772571,0.5522156265064858,0.08209832178506825,0.31715697414577704,1,0.31715697414577704,0.5574125973956512,False,False,False
15,687,815,167,0.02456088364124298,1.7736580637344,0.581021456414788,0.0961603926883993,0.3385909245515936,1,0.3385909245515936,0.5574125973956512,False,False,False
15,688,815,167,0.023721586912870407,1.9165152065915427,0.5532303306547954,0.11022246359173034,0.3317263971232629,1,0.3317263971232629,0.5574125973956512,False,False,False
15,689,815,167,0.024856241419911385,2.0593723494486857,0.5908014601889977,0.12428453449506141,0.35754299734202954,1,0.35754299734202954,0.5574125973956512,False,False,False
15,690,815,167,0.023250078782439232,2.2022294923058285,0.5376175666504839,0.13834660539839247,0.3379820860244382,1,0.3379820860244382,0.5574125973956512,False,False,False
15,691,815,167,0.02315002679824829,2.3450866351629713,0.5343046057140356,0.1524086763017235,0.34335664100787955,1,0.34335664100787955,0.5574125973956512,False,False,False
15,692,815,167,0.02263648808002472,2.487943778020114,0.5173001082361885,0.16647074720505456,0.3418854277206216,1,0.3418854277206216,0.5574125973956512,False,False,False
15,693,815,168,0.023626869544386864,1.7719617108930095,0.5500940116269757,0.0959934130508704,0.32304371233892304,1,0.32304371233892304,0.5574125973956512,False,False,False
15,694,815,168,0.02230481430888176,1.8995112888242676,0.5063175949324632,0.1085486915107855,0.30743314322162435,1,0.30743314322162435,0.5574125973956512,False,False,False
15,695,815,168,0.022686002776026726,2.0593723494486857,0.5189396584656144,0.12428453449506141,0.3216120964803379,1,0.3216120964803379,0.5574125973956512,False,False,False
15,696,815,168,0.022506074979901314,2.2022294923058285,0.51298181800133,0.13834660539839247,0.32566421169986126,1,0.32566421169986126,0.5574125973956512,False,False,False
15,697,815,168,0.02216760441660881,2.3450866351629713,0.5017742466233777,0.1524086763017235,0.3270914614625506,1,0.3270914614625506,0.5574125973956512,False,False,False
15,698,815,168,0.022667158395051956,2.487943778020114,0.5183156758575151,0.16647074720505456,0.3423932115312849,1,0.3423932115312849,0.5574125973956512,False,False,False
15,699,815,168,0.023052077740430832,2.630800920877257,0.5310612777087471,0.1805328181083856,0.35579704790856637,1,0.35579704790856637,0.5574125973956512,False,False,False
15,700,815,168,0.022771218791604042,2.7736580637343997,0.5217613649320113,0.19459488901171665,0.35817812697186396,0,0.35817812697186396,0.5574125973956512,False,False,False
15,701,815,171,0.02203594334423542,1.2601478250333233,0.49741463303698935,0.04561327098499235,0.2715139520109908,0,0.2715139520109908,0.5574125973956512,False,False,False
15,702,815,171,0.021362166851758957,1.1070721757744697,0.47510427889936685,0.0305453465508323,0.2528248127250996,0,0.2528248127250996,0.5574125973956512,False,False,False
15,703,815,171,0.021814104169607162,1.018619491901936,0.4900690064043903,0.02183855116539383,0.25595377878489206,0,0.25595377878489206,0.5574125973956512,False,False,False
15,704,815,171,0.022363809868693352,0.9947897734157282,0.508271079280227,0.019492884828677514,0.26388198205445224,0,0.26388198205445224,0.5574125973956512,False,False,False
15,705,815,171,0.02181595377624035,1.0287976089502815,0.490130251311956,0.022840428990567485,0.25648534015126173,0,0.25648534015126173,0.5574125973956512,False,False,False
15,706,815,171,0.022201457992196083,1.0951169271779975,0.5028952196294272,0.029368537676818508,0.2661318786531228,0,0.2661318786531228,0.5574125973956512,False,False,False
15,707,815,171,0.02388676442205906,1.1937477280988735,0.5586997537746559,0.03907721088743033,0.2988884823310431,0,0.2988884823310431,0.5574125973956512,False,False,False
15,708,815,171,0.02348722331225872,1.3246900117129126,0.545469990267441,0.05196644862240324,0.29871821944492216,0,0.29871821944492216,0.5574125973956512,False,False,False
15,709,815,171,0.022619007155299187,1.4879437780201141,0.5167212729315518,0.06803625088173718,0.29237876190664447,0,0.29237876190664447,0.5574125973956512,False,False,False
15,710,815,173,0.024347608909010887,0.6836301950805778,0.5739594189916423,0.0,0.28697970949582113,0,0.28697970949582113,0.5574125973956512,False,False,False
15,711,815,173,0.024118788540363312,0.6581041237529794,0.5663826282970529,0.0,0.28319131414852644,0,0.28319131414852644,0.5574125973956512,False,False,False
15,712,815,173,0.025172725319862366,0.6972010178117041,0.6012810004602975,0.0,0.30064050023014877,0,0.30064050023014877,0.5574125973956512,False,False,False
15,713,815,173,0.024762360379099846,0.8009208772567542,0.5876928339743673,0.0004094976825113952,0.2940511658284394,0,0.2940511658284394,0.5574125973956512,False,False,False
15,714,815,173,0.024832122027873993,0.9216446544690823,0.5900028093248803,0.01229288188665529,0.3011478456057678,0,0.3011478456057678,0.5574125973956512,False,False,False
15,715,815,173,0.02485349215567112,1.1069913970677332,0.5907104254623441,0.030537395139521042,0.31062391030093256,0,0.31062391030093256,0.5574125973956512,False,False,False
15,716,815,175,0.02413615956902504,0.7840785169029435,0.5669578246796894,0.0,0.2834789123398447,0,0.2834789123398447,0.5574125973956512,False,False,False
15,717,815,175,0.023610303178429604,0.6547921967769296,0.5495454595545793,0.0,0.27477272977728967,0,0.27477272977728967,0.5574125973956512,False,False,False
15,718,815,175,0.026482626795768738,0.6224403247304012,0.6446549770522255,0.0,0.32232748852611276,0,0.32232748852611276,0.5574125973956512,False,False,False
15,719,815,175,0.024158263579010963,0.6870229007633587,0.5676897414149185,0.0,0.28384487070745923,0,0.28384487070745923,0.5574125973956512,False,False,False
15,720,815,175,0.02505999244749546,0.8485399248758018,0.5975481449309917,0.005096854650288407,0.3013224997906401,0,0.3013224997906401,0.5574125973956512,False,False,False
15,721,815,177,0.02374437265098095,0.9252393069186959,0.5539848210417557,0.012646719689990388,0.2833157703658731,0,0.2833157703658731,0.5574125973956512,False,False,False
15,722,815,177,0.02333584614098072,0.6820146209459184,0.5404575294035268,0.0,0.2702287647017634,0,0.2702287647017634,0.5574125973956512,False,False,False
15,723,815,177,0.0233986247330904,0.5357243830526264,0.5425362790154054,0.0,0.2712681395077027,0,0.2712681395077027,0.5574125973956512,False,False,False
15,724,815,178,0.0227276049554348,0.8947049557736572,0.5203172063110127,0.009641086214469187,0.264979146262741,0,0.264979146262741,0.5574125973956512,False,False,False
15,725,815,179,0.02396407350897789,1.5120562219798859,0.5612596428869575,0.07040974715804153,0.3158346950224995,0,0.3158346950224995,0.5574125973956512,False,False,False
15,726,815,179,0.023245016112923622,1.1634153237206677,0.5374499295318901,0.03609145594018645,0.2867706927360383,0,0.2867706927360383,0.5574125973956512,False,False,False
15,727,815,179,0.02384837530553341,0.8521749666787809,0.5574285981402856,0.005454668159278862,0.2814416331497822,0,0.2814416331497822,0.5574125973956512,False,False,False
15,728,815,179,0.02409796044230461,0.6531362332889019,0.5656929600630146,0.0,0.2828464800315073,0,0.2828464800315073,0.5574125973956512,False,False,False
15,729,815,179,0.0243445485830307,0.583343430671674,0.5738580842654283,0.0,0.28692904213271414,0,0.28692904213271414,0.5574125973956512,False,False,False
15,730,815,179,0.02511621080338955,0.639403853144311,0.5994096694024407,0.0,0.29970483470122034,0,0.29970483470122034,0.5574125973956512,False,False,False
15,731,815,180,0.0246413704007864,0.5612908437335902,0.5836865658818804,0.0,0.2918432829409402,0,0.2918432829409402,0.5574125973956512,False,False,False
15,732,815,180,0.02451932057738304,0.534028030211236,0.5796452037789152,0.0,0.2898226018894576,0,0.2898226018894576,0.5574125973956512,False,False,False
15,733,815,180,0.025219697505235672,0.6309220889373561,0.602836362070562,0.0,0.301418181035281,0,0.301418181035281,0.5574125973956512,False,False,False
15,734,815,181,0.024662042036652565,0.5289389716870619,0.5843710532778164,0.0,0.2921855266389082,0,0.2921855266389082,0.5574125973956512,False,False,False
15,735,815,181,0.02512545883655548,0.49315400460438463,0.5997158939402694,0.0,0.2998579469701347,0,0.2998579469701347,0.5574125973956512,False,False,False
15,736,815,181,0.025192413479089737,0.6121410396219541,0.6019329225881623,0.0,0.30096646129408117,0,0.30096646129408117,0.5574125973956512,False,False,False
15,737,815,181,0.025202328339219093,0.8434104769982623,0.6022612273645696,0.004591940032046103,0.30342658369830783,0,0.30342658369830783,0.5574125973956512,False,False,False
15,738,815,181,0.024938730522990227,1.1069913970677332,0.5935328720484699,0.030537395139521042,0.3120351335939955,0,0.3120351335939955,0.5574125973956512,False,False,False
15,739,815,181,0.024178938940167427,1.392705682782019,0.5683743521641427,0.05866153694618316,0.3135179445551629,0,0.3135179445551629,0.5574125973956512,False,False,False
15,740,815,181,0.024596085771918297,1.6784199684963046,0.5821870833111472,0.08678567875284525,0.33448638103199624,0,0.33448638103199624,0.5574125973956512,False,False,False
15,741,815,181,0.024937894195318222,1.9641342542105904,0.5935051792352806,0.11490982055950737,0.354207499897394,0,0.354207499897394,0.5574125973956512,False,False,False
15,742,815,181,0.025248851627111435,2.1546104446867806,0.6038017249036122,0.1336592484306154,0.3687304866671138,0,0.3687304866671138,0.5574125973956512,False,False,False
15,743,815,181,0.02505638264119625,2.3450866351629713,0.5974286155947758,0.1524086763017235,0.37491864594824964,0,0.37491864594824964,0.5574125973956512,False,False,False
15,744,815,181,0.02444593794643879,2.535562825639162,0.5772153290323219,0.1711581041728316,0.37418671660257674,0,0.37418671660257674,0.5574125973956512,False,False,False
15,745,815,181,0.023990599438548088,2.678419968496305,0.562137979975219,0.18522017507616265,0.3736790775256908,0,0.3736790775256908,0.5574125973956512,False,False,False
15,746,815,181,0.025465315207839012,2.7736580637343997,0.610969352741413,0.19459488901171665,0.4027821208765648,0,0.4027821208765648,0.5574125973956512,False,False,False
15,747,815,181,0.024595560505986214,2.868896158972495,0.5821696904975182,0.20396960294727068,0.3930696467223944,0,0.3930696467223944,0.5574125973956512,False,False,False
15,748,815,181,0.024067392572760582,2.9641342542105904,0.5646807846571121,0.21334431688282476,0.38901255076996843,0,0.38901255076996843,0.5574125973956512,False,False,False
15,749,815,181,0.025405827909708023,3.0593723494486857,0.6089995857596135,0.22271903081837877,0.41585930828899614,0,0.41585930828899614,0.5574125973956512,False,False,False
15,750,815,181,0.02550826221704483,3.1546104446867806,0.6123914311238329,0.23209374475393277,0.4222425879388828,0,0.4222425879388828,0.5574125973956512,False,False,False
15,751,815,181,0.0249498151242733,3.249848539924876,0.5938999097573557,0.24146845868948685,0.4176841842234213,0,0.4176841842234213,0.5574125973956512,False,False,False
15,752,815,181,0.025698469951748848,3.297467587543924,0.618689664986763,0.24615581565726385,0.43242274032201344,0,0.43242274032201344,0.5574125973956512,False,False,False
15,753,815,181,0.02440525032579899,3.3450866351629713,0.575868064419164,0.25084317262504086,0.41335561852210245,0,0.41335561852210245,0.5574125973956512,False,False,False
15,754,815,184,0.024122262373566628,1.658063734399614,0.5664976552382514,0.08478192310249798,0.32563978917037467,0,0.32563978917037467,0.5574125973956512,False,False,False
15,755,815,184,0.02392088994383812,1.547518074235634,0.5598297315707401,0.073900416723528,0.31686507414713405,0,0.31686507414713405,0.5574125973956512,False,False,False
15,756,815,184,0.02454911731183529,1.4692838967648139,0.5806318450541709,0.06619947486891879,0.3234156599615448,0,0.3234156599615448,0.5574125973956512,False,False,False
15,757,815,184,0.024964960291981697,1.4233612019871569,0.5944014025503235,0.06167909753867069,0.3280402500444971,0,0.3280402500444971,0.5574125973956512,False,False,False
15,758,815,184,0.024662042036652565,1.4097499899026624,0.5843710532778164,0.060339284732783625,0.3223551690053,0,0.3223551690053,0.5574125973956512,False,False,False
15,759,815,186,0.0258357971906662,1.1904761904761918,0.6232368989244252,0.038755178729338875,0.33099603882688206,0,0.33099603882688206,0.5574125973956512,False,False,False
15,760,815,186,0.024486081674695015,0.9880851407568974,0.5785445840654101,0.01883291768987264,0.29868875087764135,0,0.29868875087764135,0.5574125973956512,False,False,False
15,761,815,186,0.02456767112016678,0.8503170564239259,0.5812462061057945,0.005271785699128279,0.29325899590246135,0,0.29325899590246135,0.5574125973956512,False,False,False
15,762,815,186,0.02460595965385437,0.7771719374772799,0.5825140312013848,0.0,0.2912570156006924,0,0.2912570156006924,0.5574125973956512,False,False,False
15,763,815,186,0.02433256059885025,0.7686497839169595,0.5734611333841664,0.0,0.2867305666920832,0,0.2867305666920832,0.5574125973956512,False,False,False
15,764,815,186,0.024566667154431343,0.8247505957429621,0.5812129623946385,0.00275516401922771,0.2919840632069331,0,0.2919840632069331,0.5574125973956512,False,False,False
15,765,815,186,0.02333981543779373,0.9420816672725065,0.540588962332049,0.014304588948313542,0.2774467756401813,0,0.2774467756401813,0.5574125973956512,False,False,False
15,766,815,186,0.025645164772868156,1.0917242214952139,0.6169246027866462,0.02903457840176045,0.32297959059420334,0,0.32297959059420334,0.5574125973956512,False,False,False
15,767,815,187,0.024341842159628868,0.6734116886788643,0.5737684681015884,0.0,0.2868842340507942,0,0.2868842340507942,0.5574125973956512,False,False,False
15,768,815,187,0.024034813046455383,0.7771315481239144,0.5636019984756094,0.0,0.2818009992378047,0,0.2818009992378047,0.5574125973956512,False,False,False
15,769,815,187,0.024802425876259804,0.9454743729552875,0.5890194985884044,0.014638548223371342,0.30182902340588785,0,0.30182902340588785,0.5574125973956512,False,False,False
15,770,815,187,0.025755470618605614,1.1767438103315957,0.6205770936487233,0.03740343880648523,0.32899026622760424,0,0.32899026622760424,0.5574125973956512,False,False,False
15,771,815,187,0.024852238595485687,1.4403247304010667,0.5906689170808821,0.06334889391396017,0.3270089054974211,0,0.3270089054974211,0.5574125973956512,False,False,False
15,772,815,189,0.025033297017216682,0.7550789611858333,0.5966641952681195,0.0,0.29833209763405977,0,0.29833209763405977,0.5574125973956512,False,False,False
15,773,815,189,0.025951145216822624,0.714204935578982,0.6270563484620113,0.0,0.31352817423100565,0,0.31352817423100565,0.5574125973956512,False,False,False
15,774,815,189,0.025998298078775406,0.7940950765378242,0.6286176927067509,0.0,0.31430884635337547,0,0.31430884635337547,0.5574125973956512,False,False,False
15,775,815,189,0.02555970475077629,0.9114261480673688,0.6140948166798755,0.011287028355826024,0.3126909225178508,0,0.3126909225178508,0.5574125973956512,False,False,False
15,776,815,190,0.027092762291431427,0.5866553576477267,0.6648580252917632,0.0,0.3324290126458816,0,0.3324290126458816,0.5574125973956512,False,False,False
15,777,815,190,0.0269525907933712,0.6274486045478443,0.6602166111185995,0.0,0.33010830555929976,0,0.33010830555929976,0.5574125973956512,False,False,False
15,778,815,190,0.028599338605999947,0.765176299527445,0.7147443770548472,0.0,0.3573721885274236,0,0.3573721885274236,0.5574125973956512,False,False,False
15,779,815,191,0.026178019121289253,0.5713881820752046,0.6345686870635431,0.0,0.31728434353177154,0,0.31728434353177154,0.5574125973956512,False,False,False
15,780,815,191,0.025321360677480698,0.5067248273355163,0.6062026733041345,0.0,0.30310133665206723,0,0.30310133665206723,0.5574125973956512,False,False,False
15,781,815,191,0.025563422590494156,0.5713074033684736,0.6142179232614478,0.0,0.3071089616307239,0,0.3071089616307239,0.5574125973956512,False,False,False
15,782,815,193,0.025102701038122177,1.1787228886465524,0.5989623287029702,0.037598248383602394,0.31828028854328627,0,0.31828028854328627,0.5574125973956512,False,False,False
15,783,815,193,0.024046873673796654,0.8777010380063819,0.5640013547459902,0.007967314133524337,0.2859843344397573,0,0.2859843344397573,0.5574125973956512,False,False,False
15,784,815,194,0.026480861008167267,1.4644371743608382,0.6445965075936432,0.0657223901902645,0.35515944889195383,0,0.35515944889195383,0.5574125973956512,False,False,False
15,785,815,195,0.027679672464728355,2.0358657457894096,0.6842920274563389,0.12197067380358871,0.4031313506299638,0,0.4031313506299638,0.5574125973956512,False,False,False
15,786,815,195,0.026666803285479546,1.6396057999111437,0.6507535019416433,0.08296502561795661,0.36685926377979994,0,0.36685926377979994,0.5574125973956512,False,False,False
15,787,815,195,0.02862781658768654,1.2773536895674287,0.7156873512660984,0.047306921594214235,0.3814971364301563,0,0.3814971364301563,0.5574125973956512,False,False,False
15,788,815,195,0.026595013216137886,1.029039945070477,0.6483763607257336,0.02286428322449988,0.3356203219751167,0,0.3356203219751167,0.5574125973956512,False,False,False
15,789,815,195,0.026800774037837982,0.845349165959851,0.6551895945666837,0.004782773903507658,0.3299861842350957,0,0.3299861842350957,0.5574125973956512,False,False,False
15,790,815,195,0.02439585141837597,0.7330667636011123,0.5755568440731653,0.0,0.28777842203658266,0,0.28777842203658266,0.5574125973956512,False,False,False
15,791,815,195,0.027348903939127922,0.7006745022012185,0.6733394890016337,0.0,0.3366697445008168,0,0.3366697445008168,0.5574125973956512,False,False,False
15,792,815,196,0.02782389335334301,0.6684437982147894,0.68906752665372,0.0,0.34453376332686,0,0.34453376332686,0.5574125973956512,False,False,False
15,793,815,196,0.026456963270902634,0.6276101619613063,0.6438051962501705,0.0,0.32190259812508526,0,0.32190259812508526,0.5574125973956512,False,False,False
15,794,815,196,0.026258792728185654,0.6700593723494462,0.637243294733823,0.0,0.3186216473669115,0,0.3186216473669115,0.5574125973956512,False,False,False
15,795,815,196,0.026014478877186775,0.8400581606688469,0.629153477713824,0.00426195646264366,0.31670771708823386,0,0.31670771708823386,0.5574125973956512,False,False,False
15,796,815,196,0.026708004996180534,1.1069913970677332,0.6521177893085657,0.030537395139521042,0.34132759222404335,0,0.34132759222404335,0.5574125973956512,False,False,False
15,797,815,196,0.026795117184519768,1.392705682782019,0.6550022825986302,0.05866153694618316,0.3568319097724067,0,0.3568319097724067,0.5574125973956512,False,False,False
15,798,815,196,0.026701921597123146,1.6784199684963046,0.6519163533890192,0.08678567875284525,0.36935101607093224,0,0.36935101607093224,0.5574125973956512,False,False,False
15,799,815,196,0.027025675401091576,1.9641342542105904,0.6626366176021409,0.11490982055950737,0.38877321908082413,0,0.38877321908082413,0.5574125973956512,False,False,False
15,800,815,196,0.02655941992998123,2.2022294923058285,0.6471977817341188,0.13834660539839247,0.39277219356625565,0,0.39277219356625565,0.5574125973956512,False,False,False
15,801,815,196,0.026545094326138496,2.4403247304010667,0.6467234266645437,0.16178339023727756,0.4042534084509106,0,0.4042534084509106,0.5574125973956512,False,False,False
15,802,815,196,0.025617584586143494,2.678419968496305,0.6160113567178388,0.18522017507616265,0.4006157658970007,0,0.4006157658970007,0.5574125973956512,False,False,False
15,803,815,196,0.026580339297652245,2.8212771113534476,0.6478904721237166,0.19928224597949368,0.42358635905160513,0,0.42358635905160513,0.5574125973956512,False,False,False
15,804,815,196,0.02657710760831833,2.9641342542105904,0.6477834631462478,0.21334431688282476,0.43056389001453627,0,0.43056389001453627,0.5574125973956512,False,False,False
15,805,815,196,0.027176406234502792,3.0593723494486857,0.6676276766705614,0.22271903081837877,0.4451733537444701,0,0.4451733537444701,0.5574125973956512,False,False,False
15,806,815,196,0.02600259520113468,3.106991397067733,0.6287599807246302,0.22740638778615577,0.428083184255393,0,0.428083184255393,0.5574125973956512,False,False,False
15,807,815,196,0.027499070391058922,3.1546104446867806,0.6783118600468996,0.23209374475393277,0.45520280240041616,0,0.45520280240041616,0.5574125973956512,False,False,False
15,808,815,196,0.028099702671170235,3.2022294923058285,0.6982002340483704,0.23678110172170985,0.4674906678850401,0,0.4674906678850401,0.5574125973956512,False,False,False
15,809,815,196,0.027684753760695457,3.249848539924876,0.6844602813413735,0.24146845868948685,0.46296437001543017,0,0.46296437001543017,0.5574125973956512,False,False,False
15,810,815,196,0.027406468987464905,3.297467587543924,0.6752456056867483,0.24615581565726385,0.4607007106720061,0,0.4607007106720061,0.5574125973956512,False,False,False
15,811,815,196,0.026535846292972565,3.3450866351629713,0.646417202126715,0.25084317262504086,0.44863018737587795,0,0.44863018737587795,0.5574125973956512,False,False,False
15,812,815,196,0.026173945516347885,3.392705682782019,0.6344338002429527,0.25553052959281786,0.4449821649178853,0,0.4449821649178853,0.5574125973956512,False,False,False
15,813,815,196,0.027245398610830307,3.392705682782019,0.6699121795670716,0.25553052959281786,0.46272135457994473,0,0.46272135457994473,0.5574125973956512,False,False,False
15,814,815,196,0.025845475494861603,3.392705682782019,0.6235573707670351,0.25553052959281786,0.4395439501799265,0,0.4395439501799265,0.5574125973956512,False,False,False
